-0.18463
-0.216973
-0.272105
-0.312715
-0.351685
-0.424895
-0.408895
-0.374098
-0.377779
-0.380573
-0.440277
-0.443902
-0.423014
-0.458061
-0.456241
-0.426109
-0.415448
-0.435642
-0.453951
-0.417841
-0.374208
-0.402123
-0.437536
-0.380266
-0.348751
-0.374483
-0.398469
-0.385856
-0.353893
-0.356954
-0.363588
-0.366963
-0.386866
-0.366876
-0.366435
-0.361782
-0.388718
-0.380306
-0.363885
-0.354314
-0.402819
-0.408009
-0.446739
-0.465584
-0.494324
-0.533826
-0.500467
-0.465951
-0.456256
-0.376761
-0.43008
-0.465538
-0.389476
-0.373281
-0.460183
-0.464634
-0.47882
-0.46814
-0.529237
-0.512484
-0.519938
-0.477324
-0.500261
-0.505587
-0.401511
-0.402659
-0.439707
-0.438773
-0.427775
-0.368608
-0.3644
-0.40422
-0.363867
-0.389052
-0.44992
-0.423786
-0.416603
-0.463946
-0.418414
-0.445501
-0.399176
-0.411795
-0.433896
-0.50649
-0.477462
-0.517292
-0.539586
-0.457399
-0.379632
-0.354302
-0.44978
-0.425533
-0.429881
-0.424
-0.402819
-0.369333
-0.440717
-0.404245
-0.394125
-0.478944
-0.440696
-0.360834
-0.35582
-0.30995
-0.388787
-0.431798
-0.345144
-0.377054
-0.435419
-0.387849
-0.34282
-0.424725
-0.410896
-0.4316
-0.424088
-0.41709
-0.394127
-0.428984
-0.423372
-0.459072
-0.506129
-0.508313
-0.424615
-0.506586
-0.488526
-0.417701
-0.363332
-0.393859
-0.409397
-0.40035
-0.411551
-0.33604
-0.286054
-0.371824
-0.415866
-0.501726
-0.473438
-0.452228
-0.420538
-0.363508
-0.342754
-0.405915
-0.374428
-0.398237
-0.374538
-0.404693
-0.41608
-0.427006
-0.429511
-0.393526
-0.369865
-0.369047
-0.34624
-0.330026
-0.363577
-0.407529
-0.350054
-0.405859
-0.382971
-0.341813
-0.353286
-0.359409
-0.289248
-0.352592
-0.339669
-0.318898
-0.309089
-0.329848
-0.432777
-0.398035
-0.400259
-0.402423
-0.35258
-0.389445
-0.386272
-0.349687
-0.37703
-0.410112
-0.427278
-0.488666
-0.446982
-0.411761
-0.404124
-0.393437
-0.498306
-0.48637
-0.467086
-0.458911
-0.390517
-0.382295
-0.43317
-0.441801
-0.399955
-0.42057
-0.431079
-0.40884
-0.432245
-0.484442
-0.481369
-0.497843
-0.465271
-0.423856
-0.373761
-0.411744
-0.390637
-0.402209
-0.374451
-0.380617
-0.443602
-0.443839
-0.436723
-0.483833
-0.455857
-0.445792
-0.409507
-0.473385
-0.361407
-0.424571
-0.431106
-0.392697
-0.462444
-0.454635
-0.445212
-0.468272
-0.479702
-0.520975
-0.55345
-0.473022
-0.42482
-0.400229
-0.378469
-0.405909
-0.444679
-0.429563
-0.405079
-0.321565
-0.340385
-0.354789
-0.410052
-0.378109
-0.434863
-0.405249
-0.427585
-0.509487
-0.474313
-0.451608
-0.466736
-0.530898
-0.495714
-0.454189
-0.442673
-0.39488
-0.393805
-0.43374
-0.445731
-0.432595
-0.38371
-0.41164
-0.378288
-0.381407
-0.409679
-0.431206
-0.348127
-0.350962
-0.420646
-0.446215
-0.35096
-0.348854
-0.378323
-0.346904
-0.359543
-0.419966
-0.450215
-0.36823
-0.386706
-0.377534
-0.365928
-0.391274
-0.362162
-0.425533
-0.401668
-0.377079
-0.320481
-0.34985
-0.371879
-0.370752
-0.40742
-0.30527
-0.403175
-0.353806
-0.384245
-0.407855
-0.423866
-0.406903
-0.304518
-0.355461
-0.387954
-0.37175
-0.352894
-0.35508
