0.0439735
0.0432777
0.0454758
0.0450101
0.0617933
0.0446811
0.0509412
0.0482259
0.0510711
0.0396235
0.0496926
0.053624
0.0447893
0.0451327
0.0452459
0.0408971
0.0423005
0.0526032
0.037682
0.0496958
0.048585
0.0568943
0.0520891
0.0634389
0.0535555
0.0440126
0.0504719
0.0442427
0.0495683
0.0421002
0.0404598
0.0475798
0.0463768
0.0555271
0.04992
0.0545098
0.0384857
0.0376296
0.0414139
0.0479942
0.0436077
0.0485103
0.0519354
0.0422929
0.0504602
0.0450628
0.0438057
0.0477719
0.0452295
0.0468753
0.0409932
0.045378
0.0517491
0.0645083
0.0465832
0.0444536
0.0443016
0.0510885
0.0559018
0.051021
0.0574546
0.0569198
0.0435433
0.0408666
0.0619854
0.0442801
0.0385219
0.0411537
0.0444468
0.0499402
0.0418672
0.0448342
0.0516164
0.050777
0.0436344
0.0386535
0.0417539
0.038751
0.0400432
0.0568218
0.054557
0.0610614
0.0602884
0.0471138
0.0534021
0.0495922
0.0416034
0.0415447
0.0540165
0.0441411
0.0466462
0.0450608
0.0450041
0.0394812
0.0449959
0.0418744
0.043505
0.0391968
0.0380353
0.0411096
0.0378818
0.0486228
0.0472228
0.0663906
0.0606992
0.0525543
0.0578635
0.0551348
0.0542165
0.0631972
0.0449451
0.0424795
0.0451721
0.0418174
0.0520275
0.0377661
0.0510294
0.0449589
0.0647389
0.0551731
0.0565343
0.0396652
0.0549357
0.0502398
0.0504624
0.0528299
0.0434073
0.0603145
0.0508263
0.0444882
0.0465784
0.0479834
0.0496407
0.0516789
0.0619574
0.0520182
0.0527212
0.0521836
0.0679932
0.0560933
0.0541284
0.0501797
0.0442732
0.0503363
0.0465778
0.0380561
0.0501796
0.0471031
0.0576209
0.0570363
0.0582115
0.0476422
0.0439304
0.0506205
0.0459454
0.0481946
0.0461192
0.051816
0.0460919
0.044062
0.0395679
0.0390066
0.0452579
0.0436868
0.0389083
0.042432
0.0508752
0.0427301
0.0438866
0.0547426
0.0460858
0.0740715
0.0636887
0.0607501
0.0640496
0.0640941
0.050069
0.0584586
0.0517951
0.0430675
0.0502628
0.054827
0.0696984
0.0627352
0.0435072
0.0504613
0.0482827
0.0367335
0.0397709
0.0473097
0.040771
0.0500232
0.0493217
0.0489888
0.0410213
0.0510155
0.0455001
0.0417818
0.0588577
0.0537376
0.0574896
0.0749392
0.0599474
0.0541141
0.0414187
0.0453313
0.0399392
0.0388741
0.0418164
0.0474971
0.0455217
0.0618455
0.0491511
0.0475813
0.0394658
0.049151
0.0544691
0.0479284
0.056418
0.0558162
0.061234
0.0566962
0.0645242
0.0649091
0.0648654
0.0469332
0.0532646
0.0407972
0.0488366
0.0509255
0.0480787
0.0468229
0.0435563
0.0396146
0.0401313
0.0524574
0.0589161
0.0621371
0.0413784
0.049546
0.0454675
0.0525064
0.0440966
0.0499926
0.0585581
0.0616
0.0422123
0.0466758
0.0438878
0.0476268
0.0512616
0.0575512
0.0665384
0.0436793
0.052344
0.056372
0.0557542
0.0455181
0.0516067
0.0469947
0.0410045
0.0406867
0.0548339
0.057684
0.0485605
0.0511378
0.0553531
0.0490859
0.0517841
0.0625313
0.0572753
0.0603387
0.0495565
0.0484151
0.0416363
0.0408572
0.0492469
0.0439873
0.0556959
0.0432922
0.0554097
0.0416515
0.0661229
0.0670117
0.0542159
0.0438877
0.0461968
0.0596854
0.041977
0.0366071
0.0475121
0.0474797
0.0396187
0.0462281
0.0466844
0.0465828
0.0454617
0.0430314
0.0602754
0.0567336
