0 -0.76968 0.00338403
1 -0.773823 0.00322097
2 -0.774085 0.00345969
3 -0.775169 0.00302569
4 -0.77475 0.00355793
5 -0.775199 0.00362629
6 -0.772091 0.004247
7 -0.772093 0.00348625
8 -0.773455 0.00336991
9 -0.776883 0.00328878
10 -0.778155 0.00391271
11 -0.779382 0.003789
12 -0.77418 0.00373173
13 -0.77515 0.00380836
14 -0.777996 0.00373778
15 -0.780866 0.00346326
16 -0.783348 0.00333971
17 -0.782607 0.00263989
18 -0.783018 0.00247764
19 -0.779298 0.00303672
20 -0.779021 0.0039976
21 -0.775773 0.00430068
22 -0.777597 0.00359604
23 -0.780425 0.004549
24 -0.780328 0.00423121
25 -0.781914 0.00436374
26 -0.782204 0.00468595
27 -0.779625 0.00436714
28 -0.779075 0.00406152
29 -0.780199 0.00464679
30 -0.781007 0.00405368
31 -0.781154 0.0037061
32 -0.782032 0.003694
33 -0.783868 0.00360413
34 -0.78894 0.00357442
35 -0.785894 0.00364242
36 -0.784336 0.00348027
37 -0.786465 0.0036006
38 -0.783568 0.00366959
39 -0.781182 0.00336358
40 -0.780563 0.00398617
41 -0.779054 0.00347022
42 -0.77659 0.00406607
43 -0.776034 0.00366929
44 -0.77517 0.00361766
45 -0.774099 0.00350978
46 -0.77803 0.00356195
47 -0.777436 0.00387999
48 -0.776875 0.00427716
49 -0.777601 0.00424246
50 -0.782616 0.00343204
51 -0.784103 0.00371014
52 -0.783305 0.00316576
53 -0.785966 0.00357228
54 -0.785551 0.00283518
55 -0.784511 0.00223636
56 -0.78315 0.00199499
57 -0.780549 0.00216458
58 -0.780714 0.00277969
59 -0.781915 0.00329354
60 -0.784735 0.00307151
61 -0.782095 0.00286134
62 -0.78113 0.00284778
63 -0.782052 0.00341085
64 -0.78248 0.00338991
65 -0.780496 0.00356432
66 -0.782994 0.00320641
67 -0.780247 0.00353899
68 -0.776429 0.00387143
69 -0.780066 0.00416233
70 -0.780635 0.00398906
71 -0.779954 0.00408085
72 -0.778875 0.0045107
73 -0.779761 0.00474686
74 -0.780976 0.00403934
75 -0.779827 0.00384708
76 -0.780662 0.00379419
77 -0.782219 0.00379342
78 -0.778212 0.00391164
79 -0.779834 0.00384442
80 -0.77975 0.0040958
81 -0.779904 0.00378624
82 -0.783298 0.00368419
83 -0.782991 0.00383927
84 -0.785154 0.00342093
85 -0.782608 0.00359998
86 -0.786278 0.00336575
87 -0.784432 0.00341197
88 -0.782921 0.00307574
89 -0.783403 0.00337417
90 -0.782019 0.00364427
91 -0.781082 0.00340224
92 -0.781415 0.0035706
93 -0.784016 0.00344928
94 -0.781513 0.00339724
95 -0.777091 0.00370606
96 -0.776994 0.00360891
97 -0.78045 0.00362122
98 -0.782618 0.00341043
99 -0.782846 0.00324618
100 -0.781612 0.00295869
101 -0.77959 0.00341502
102 -0.77699 0.00324548
103 -0.773725 0.0033036
104 -0.773136 0.003458
105 -0.774012 0.0035265
106 -0.773811 0.00362934
107 -0.777963 0.00377054
108 -0.779533 0.00407191
109 -0.780463 0.00440295
110 -0.778008 0.00429901
111 -0.779411 0.00384121
112 -0.779772 0.004094
113 -0.785044 0.00393933
114 -0.783123 0.00346718
115 -0.784179 0.00288293
116 -0.778336 0.0034486
117 -0.775631 0.00322687
118 -0.777195 0.00296488
119 -0.77969 0.00283184
120 -0.780057 0.00264786
121 -0.778981 0.00298727
122 -0.781629 0.00315887
123 -0.780196 0.00309091
124 -0.779757 0.00330648
125 -0.779807 0.00323598
126 -0.776578 0.00329205
127 -0.772758 0.00358998
128 -0.774171 0.00309277
129 -0.777447 0.00302313
130 -0.77917 0.00323525
131 -0.779546 0.00343624
132 -0.776715 0.00246415
133 -0.777815 0.00259564
134 -0.775275 0.00262895
135 -0.776724 0.00271407
136 -0.77654 0.00299767
137 -0.776194 0.00261758
138 -0.777063 0.00318475
139 -0.77596 0.002933
140 -0.776811 0.00267192
141 -0.777333 0.00321632
142 -0.77646 0.00336054
143 -0.777111 0.00374365
144 -0.773929 0.00390812
145 -0.777614 0.00389677
146 -0.777139 0.00365877
147 -0.778634 0.00332556
148 -0.777905 0.00366009
149 -0.781725 0.00303384
150 -0.781878 0.00313872
151 -0.781356 0.00340322
152 -0.77906 0.00337822
153 -0.778328 0.00362626
154 -0.776584 0.00326506
155 -0.776419 0.00300408
156 -0.772648 0.00340323
157 -0.773128 0.00269854
158 -0.77563 0.00267896
159 -0.774284 0.00279874
160 -0.773188 0.00266267
161 -0.779268 0.00269201
162 -0.780683 0.00282604
163 -0.781571 0.00299299
164 -0.780818 0.00349268
165 -0.780501 0.00423414
166 -0.784026 0.00412756
167 -0.783624 0.00407375
168 -0.782641 0.00357248
169 -0.781684 0.00377163
170 -0.780335 0.0038798
171 -0.780309 0.0044989
172 -0.778575 0.00379331
173 -0.774681 0.00316312
174 -0.775369 0.00288775
175 -0.773835 0.00352787
176 -0.772703 0.00370099
177 -0.776574 0.00342663
178 -0.776958 0.00357116
179 -0.776674 0.0033847
180 -0.775944 0.00397256
181 -0.773399 0.00318858
182 -0.775591 0.00294924
183 -0.776234 0.00289851
184 -0.776607 0.00328253
185 -0.779163 0.00290237
186 -0.777396 0.00335473
187 -0.778329 0.00332016
188 -0.776705 0.00296461
189 -0.777368 0.00293166
190 -0.779117 0.00368129
191 -0.781738 0.00294178
192 -0.782056 0.00290548
193 -0.783381 0.00339762
194 -0.782535 0.00341774
195 -0.780068 0.00332773
196 -0.781349 0.0037307
197 -0.778631 0.00413062
198 -0.781086 0.00404345
199 -0.780815 0.00354039
200 -0.780859 0.00400823
201 -0.779186 0.0033498
202 -0.782817 0.00330089
203 -0.78122 0.00327845
204 -0.781192 0.00343352
205 -0.781437 0.00370305
206 -0.782506 0.0037612
207 -0.781311 0.00385338
208 -0.779554 0.00355847
209 -0.77815 0.0030133
210 -0.776162 0.0037489
211 -0.777623 0.0035509
212 -0.779038 0.00379554
213 -0.781314 0.00431373
214 -0.776678 0.00455637
215 -0.778043 0.0042042
216 -0.779817 0.00388765
217 -0.777927 0.00417085
218 -0.777418 0.00380817
219 -0.776682 0.00311176
220 -0.77717 0.00380207
221 -0.780947 0.00344032
222 -0.778549 0.00329396
223 -0.781227 0.00307335
224 -0.780857 0.00359205
225 -0.780273 0.00401117
226 -0.780072 0.00359556
227 -0.780932 0.00321469
228 -0.782531 0.00231895
229 -0.781922 0.00226524
230 -0.776497 0.00255229
231 -0.776288 0.00266124
232 -0.778746 0.00314373
233 -0.780412 0.00326787
234 -0.778521 0.00367015
235 -0.780703 0.00239209
236 -0.779118 0.00294801
237 -0.777333 0.0034203
238 -0.777021 0.0034939
239 -0.778539 0.00268303
240 -0.777518 0.00296755
241 -0.775573 0.00362763
242 -0.774676 0.003706
243 -0.77426 0.00401579
244 -0.775106 0.00392518
245 -0.775532 0.00349058
246 -0.774128 0.00255443
247 -0.774853 0.00292407
248 -0.777957 0.00252054
249 -0.77671 0.00250372
250 -0.774706 0.00301267
251 -0.775905 0.00354405
252 -0.778348 0.00396262
253 -0.780948 0.00305941
254 -0.780302 0.00311044
255 -0.779771 0.00296682
256 -0.78038 0.00317662
257 -0.77903 0.00310312
258 -0.777713 0.00412099
259 -0.776476 0.0047831
260 -0.779252 0.00425286
261 -0.777584 0.00430642
262 -0.780069 0.00442206
263 -0.777217 0.00458975
264 -0.775408 0.00436072
265 -0.7764 0.00438385
266 -0.779185 0.00356018
267 -0.776895 0.00380449
268 -0.776625 0.00376023
269 -0.775679 0.0032802
270 -0.777398 0.0029662
271 -0.776367 0.00328719
272 -0.775395 0.00316195
273 -0.777216 0.00270521
274 -0.778911 0.0027638
275 -0.781641 0.00278965
276 -0.783385 0.00283546
277 -0.782333 0.00328086
278 -0.782041 0.00295779
279 -0.783138 0.00313477
280 -0.781601 0.00335116
281 -0.782269 0.00315831
282 -0.781238 0.00272369
283 -0.78158 0.00359999
284 -0.780112 0.00365784
285 -0.781522 0.00294951
286 -0.778785 0.00312175
287 -0.778254 0.00356732
288 -0.775783 0.00277439
289 -0.778762 0.00313472
290 -0.780565 0.00304499
291 -0.781488 0.00357715
292 -0.780623 0.00323297
293 -0.77857 0.00389212
294 -0.77608 0.00327528
295 -0.77755 0.00382436
296 -0.77406 0.00322262
297 -0.773968 0.00351813
298 -0.773599 0.00436564
299 -0.770837 0.00445979
