0 -0.4669 0.00950224
1 -0.529012 0.00746125
2 -0.581749 0.00711311
3 -0.614127 0.00587537
4 -0.646548 0.00555636
5 -0.667211 0.0049308
6 -0.683284 0.00451953
7 -0.7014 0.00385887
8 -0.711877 0.00412396
9 -0.722711 0.00447947
10 -0.736675 0.00390521
11 -0.745689 0.004215
12 -0.751073 0.00377501
13 -0.757079 0.00427693
14 -0.760551 0.00517544
15 -0.765612 0.00501469
16 -0.767023 0.00397231
17 -0.773111 0.0035493
18 -0.777297 0.00394869
19 -0.777745 0.00397429
20 -0.775926 0.00374343
21 -0.775951 0.00346698
22 -0.780287 0.00363382
23 -0.78192 0.00403348
24 -0.782517 0.00363878
25 -0.781978 0.00453388
26 -0.783143 0.00507029
27 -0.782118 0.00495863
28 -0.783771 0.00520207
29 -0.778968 0.00444285
30 -0.783773 0.00419566
31 -0.785063 0.00427682
32 -0.786718 0.00468732
33 -0.787368 0.00470175
34 -0.788917 0.00402379
35 -0.786603 0.00405077
36 -0.788539 0.00358652
37 -0.788368 0.00352284
38 -0.787812 0.00295626
39 -0.786314 0.00280254
40 -0.788384 0.0029447
41 -0.785462 0.00285387
42 -0.787201 0.00264735
43 -0.786509 0.00352969
44 -0.785526 0.00292773
45 -0.788832 0.00327181
46 -0.789853 0.00305908
47 -0.788135 0.00329847
48 -0.789646 0.00325514
49 -0.786847 0.00360666
50 -0.7865 0.00308511
51 -0.787209 0.00302824
52 -0.786792 0.00353783
53 -0.784308 0.00363505
54 -0.78426 0.00394529
55 -0.785204 0.00377701
56 -0.782062 0.00353832
57 -0.783945 0.00348294
58 -0.787669 0.00348712
59 -0.787391 0.00337479
60 -0.785476 0.00302516
61 -0.785023 0.00318281
62 -0.787916 0.00329609
63 -0.789111 0.00359018
64 -0.790286 0.00260318
65 -0.788299 0.00333253
66 -0.787404 0.00386702
67 -0.784156 0.00348374
68 -0.780499 0.00319331
69 -0.784108 0.00349124
70 -0.784722 0.00317575
71 -0.780648 0.00176534
72 -0.781892 0.00248452
73 -0.784709 0.002493
74 -0.785269 0.00296187
75 -0.786597 0.00297188
76 -0.784987 0.00280449
77 -0.786639 0.00325285
78 -0.785531 0.00407139
79 -0.784708 0.0045037
80 -0.78315 0.00393463
81 -0.782937 0.0037372
82 -0.785803 0.00375116
83 -0.785569 0.00353627
84 -0.78531 0.00362131
85 -0.785545 0.00438026
86 -0.786673 0.00420758
87 -0.787758 0.00371295
88 -0.784029 0.00279833
89 -0.785404 0.00281693
90 -0.781978 0.00341298
91 -0.78046 0.00361453
92 -0.77983 0.00303625
93 -0.781734 0.00281193
94 -0.781853 0.00221125
95 -0.77935 0.0023813
96 -0.782816 0.00288509
97 -0.784107 0.00259681
98 -0.786586 0.00305642
99 -0.786406 0.00300817
100 -0.784741 0.00338246
101 -0.784438 0.00307459
102 -0.785641 0.00325197
103 -0.788521 0.00330306
104 -0.787125 0.00354905
105 -0.785604 0.00347682
106 -0.783676 0.00321118
107 -0.784713 0.00407873
108 -0.782616 0.0043484
109 -0.778807 0.00492271
110 -0.779836 0.00442471
111 -0.780116 0.0042864
112 -0.782699 0.00403434
113 -0.781002 0.00451034
114 -0.780413 0.00427858
115 -0.780308 0.00407471
116 -0.780764 0.00354125
117 -0.780016 0.00326839
118 -0.782412 0.00308687
119 -0.784479 0.00337664
120 -0.785056 0.00364388
121 -0.784228 0.00310145
122 -0.783861 0.00235963
123 -0.78407 0.00248662
124 -0.780626 0.0024615
125 -0.782528 0.00303754
126 -0.78184 0.00297693
127 -0.778943 0.00274045
128 -0.778737 0.00254921
129 -0.782579 0.00315281
130 -0.782795 0.00367707
131 -0.782066 0.00307852
132 -0.78561 0.00301467
133 -0.78358 0.00332727
134 -0.782744 0.00338924
135 -0.787745 0.00237663
136 -0.786242 0.00215895
137 -0.788932 0.00251252
138 -0.789474 0.00279316
139 -0.790127 0.00272816
140 -0.790803 0.00237103
141 -0.788835 0.00242222
142 -0.787458 0.0022059
143 -0.785777 0.0026233
144 -0.785707 0.00292445
145 -0.786774 0.00333377
146 -0.784248 0.0032932
147 -0.785951 0.00313214
148 -0.786939 0.00336218
149 -0.785443 0.00360223
150 -0.783377 0.00376208
151 -0.784166 0.00334408
152 -0.784291 0.00305361
153 -0.782492 0.00347265
154 -0.782562 0.00336561
155 -0.782728 0.00375452
156 -0.778848 0.00413638
157 -0.778223 0.00428198
158 -0.779962 0.00390026
159 -0.781469 0.00358904
160 -0.781104 0.00347481
161 -0.780897 0.00379611
162 -0.786281 0.00320581
163 -0.785788 0.00337685
164 -0.784744 0.00302358
165 -0.781922 0.00307959
166 -0.780154 0.00279961
167 -0.780107 0.00269945
168 -0.780145 0.00292692
169 -0.780199 0.00295986
170 -0.779878 0.00321389
171 -0.780934 0.00344815
172 -0.780013 0.00302359
173 -0.780166 0.00384796
174 -0.780468 0.00358621
175 -0.78323 0.00298216
176 -0.781229 0.00264025
177 -0.785156 0.00274028
178 -0.786907 0.00275596
179 -0.785511 0.00333459
180 -0.784628 0.00356706
181 -0.783978 0.00310973
182 -0.781277 0.00328472
183 -0.782755 0.00368032
184 -0.784825 0.00398937
185 -0.784685 0.00431941
186 -0.781743 0.00427138
187 -0.781298 0.00412046
188 -0.782301 0.00413631
189 -0.783574 0.00350466
190 -0.78504 0.0031001
191 -0.786098 0.00335268
192 -0.783771 0.00272151
193 -0.783044 0.0032879
194 -0.782438 0.0031699
195 -0.782248 0.00266599
196 -0.782742 0.00277237
197 -0.783405 0.00326504
198 -0.784419 0.00311685
199 -0.783516 0.00313596
200 -0.783159 0.00331341
201 -0.785308 0.00273429
202 -0.785997 0.00282579
203 -0.784636 0.00276452
204 -0.786105 0.00305161
205 -0.786058 0.00281916
206 -0.785369 0.00291287
207 -0.782275 0.00294667
208 -0.781442 0.00292353
209 -0.78394 0.00222589
210 -0.783391 0.00211869
211 -0.781684 0.00253408
212 -0.778025 0.00247385
213 -0.777601 0.00286174
214 -0.777863 0.0027825
215 -0.780413 0.00292158
216 -0.781034 0.00257712
217 -0.777014 0.00288367
218 -0.778624 0.00321058
219 -0.77871 0.00353763
220 -0.779283 0.00389204
221 -0.777787 0.00414471
222 -0.781044 0.00387036
223 -0.784573 0.00399491
224 -0.783056 0.00395816
225 -0.782168 0.00449525
226 -0.782967 0.00455821
227 -0.784299 0.00503548
228 -0.785746 0.00425835
229 -0.784673 0.00460195
230 -0.783652 0.00395588
231 -0.782156 0.00428555
232 -0.783096 0.00412636
233 -0.78424 0.0041584
234 -0.785944 0.00372549
235 -0.784986 0.00402983
236 -0.783356 0.00312245
237 -0.782998 0.00344873
238 -0.782273 0.00370329
239 -0.782315 0.00378917
240 -0.780936 0.00335118
241 -0.778686 0.00352753
242 -0.781015 0.00348323
243 -0.781393 0.00341828
244 -0.785501 0.00307849
245 -0.784903 0.00301888
246 -0.786106 0.0029292
247 -0.784911 0.00272383
248 -0.785895 0.0023501
249 -0.783753 0.00276608
250 -0.782335 0.00273468
251 -0.779745 0.00264947
252 -0.780408 0.00314784
253 -0.780155 0.00300942
254 -0.781164 0.0033953
255 -0.779857 0.00331473
256 -0.780315 0.0035564
257 -0.783479 0.00361223
258 -0.783005 0.00251545
259 -0.783825 0.00275081
260 -0.78194 0.00298588
261 -0.781001 0.00335168
262 -0.779174 0.00339531
263 -0.780358 0.00341146
264 -0.783238 0.00389991
265 -0.78291 0.00423598
266 -0.78328 0.00418992
267 -0.782687 0.00369264
268 -0.781869 0.00368902
269 -0.783732 0.00379239
270 -0.784321 0.00278027
271 -0.785298 0.00301021
272 -0.786015 0.00316359
273 -0.790252 0.00376189
274 -0.79065 0.00371886
275 -0.789407 0.00420222
276 -0.787178 0.00414625
277 -0.781493 0.00353251
278 -0.78214 0.00359148
279 -0.781763 0.00419847
280 -0.779675 0.00348583
281 -0.780218 0.00376647
282 -0.775975 0.0043078
283 -0.773873 0.00385083
284 -0.767725 0.00342898
285 -0.765101 0.00357717
286 -0.759268 0.00379356
287 -0.755758 0.00406492
288 -0.747346 0.00448967
289 -0.735799 0.00533536
290 -0.727701 0.00531315
291 -0.715469 0.00521513
292 -0.700388 0.00510092
293 -0.686361 0.00442154
294 -0.662078 0.00566958
295 -0.638838 0.00482029
296 -0.604576 0.00533509
297 -0.557673 0.00590516
298 -0.506636 0.00810036
299 -0.437931 0.00895307
