1.1
1.09999
1.09996
1.09991
1.09984
1.09975
1.09964
1.09951
1.09935
1.09918
1.09899
1.09878
1.09855
1.09829
1.09802
1.09772
1.09741
1.09707
1.09672
1.09634
1.09594
1.09552
1.09507
1.09461
1.09412
1.09361
1.09308
1.09252
1.09195
1.09135
1.09072
1.09007
1.0894
1.08871
1.08799
1.08724
1.08647
1.08567
1.08485
1.08401
1.08313
1.08223
1.0813
1.08035
1.07936
1.07835
1.07731
1.07624
1.07515
1.07402
1.07286
1.07167
1.07045
1.0692
1.06792
1.0666
1.06525
1.06387
1.06246
1.06101
1.05953
1.05801
1.05646
1.05487
1.05324
1.05158
1.04988
1.04814
1.04636
1.04454
1.04269
1.04079
1.03885
1.03687
1.03485
1.03279
1.03068
1.02853
1.02634
1.0241
1.02182
1.01949
1.01712
1.0147
1.01224
1.00972
1.00716
1.00455
1.00189
0.999186
0.996429
0.993623
0.990766
0.987859
0.984902
0.981892
0.978831
0.975719
0.972555
0.969339
0.966071
0.962751
0.95938
0.955956
0.95248
0.948952
0.945371
0.941738
0.938053
0.934316
0.930527
0.926687
0.922795
0.918852
0.91486
0.910817
0.906726
0.902586
0.898398
0.894163
0.889882
0.885555
0.881183
0.876767
0.872309
0.867808
0.863267
0.858687
0.854068
0.849412
0.84472
0.839994
0.835235
0.830446
0.825626
0.820779
0.815906
0.811008
0.806089
0.801148
0.796189
0.791214
0.786223
0.78122
0.776207
0.771185
0.766158
0.761126
0.756093
0.751061
0.746032
0.741008
0.735991
0.730983
0.725988
0.721006
0.716041
0.711094
0.706169
0.701267
0.696391
0.691543
0.686726
0.681941
0.67719
0.672477
0.667803
0.66317
0.65858
0.654035
0.649536
0.645087
0.640688
0.636342
0.632049
0.627813
0.623635
0.619516
0.615457
0.61146
0.607527
0.603658
0.599855
0.596118
0.59245
0.58885
0.58532
0.58186
0.578473
0.575157
0.571914
0.568745
0.56565
0.562628
0.559682
0.556811
0.554015
0.551295
0.54865
0.546081
0.543587
0.541169
0.538826
0.536558
0.534365
0.532246
0.530203
0.528232
0.526336
0.524512
0.52276
0.52108
0.519471
0.517931
0.516462
0.515061
0.513728
0.512462
0.511262
0.510127
0.509056
0.508049
0.507104
0.50622
0.505396
0.504632
0.503925
0.503276
0.502682
0.502142
0.501656
0.501222
0.500839
0.500506
0.500221
0.499984
0.499793
0.499647
0.499544
0.499483
0.499464
0.499483
0.499541
0.499637
0.499768
0.499934
0.500134
0.500366
0.500629
0.500921
0.501243
0.501591
0.501966
0.502366
0.50279
0.503236
0.503704
0.504193
0.5047
0.505226
0.505769
0.506328
0.506902
0.507489
0.50809
0.508702
0.509325
0.509958
0.510601
0.511251
0.511908
0.512572
0.513241
0.513915
0.514593
0.515275
0.515959
0.516645
0.517333
0.518022
0.518711
0.5194
0.520088
0.520776
0.521461
0.522145
0.522827
0.523506
0.524183
0.524857
0.525527
0.526194
0.526858
0.527519
0.528176
0.528829
0.529478
0.530124
0.530766
0.531404
0.532039
0.532671
0.533299
0.533925
0.534548
0.535169
0.535788
0.536405
0.537021
0.537635
0.538249
0.538862
0.539475
0.540088
0.540702
0.541316
0.541932
0.54255
0.543169
0.54379
0.544414
0.545041
0.54567
0.546302
0.546938
0.547577
0.54822
0.548867
0.549517
0.550171
0.550829
0.55149
0.552156
0.552825
0.553498
0.554174
0.554854
0.555537
0.556223
0.556912
0.557603
0.558295
0.558989
0.559685
0.560381
0.561077
0.561774
0.562471
0.563166
0.563859
0.56455
0.565239
0.565924
0.566605
0.567281
0.567952
0.568618
0.569277
0.56993
0.570575
0.571212
0.57184
0.572458
0.573067
0.573665
0.574251
0.574827
0.57539
0.575941
0.576478
0.577003
0.577513
0.578009
0.578489
0.578955
0.579404
0.579837
0.580254
0.580654
0.581038
0.581403
0.581752
0.582082
0.582394
0.582688
0.582964
0.58322
0.583458
0.583676
0.583876
0.584056
0.584217
0.584359
0.584481
0.584584
0.584667
0.584731
0.584775
0.584799
0.584805
0.584791
0.584757
0.584704
0.584631
0.584539
0.584428
0.584298
0.584149
0.583981
0.583795
0.583589
0.583365
0.583123
0.582862
0.582584
0.582287
0.581974
0.581643
0.581295
0.580931
0.580551
0.580154
0.579741
0.579313
0.57887
0.578412
0.577938
0.577451
0.576948
0.576432
0.575903
0.57536
0.574804
0.574237
0.573658
0.573067
0.572465
0.571853
0.571232
0.570601
0.569961
0.569314
0.568659
0.567998
0.567331
0.566658
0.565981
0.5653
0.564616
0.56393
0.563242
0.562554
0.561866
0.561179
0.560494
0.559811
0.559133
0.558459
0.55779
0.557129
0.556475
0.555828
0.555191
0.554564
0.553948
0.553343
0.552751
0.552173
0.55161
0.551063
0.550531
0.550016
0.549518
0.549039
0.548579
0.548138
0.547718
0.547318
0.546939
0.546582
0.546247
0.545934
0.545645
0.545378
0.545134
0.544914
0.544717
0.544543
0.544393
0.544266
0.544163
0.544084
0.544027
0.543994
0.543983
0.543995
0.544028
0.544083
0.544159
0.544255
0.544371
0.544507
0.544662
0.544835
0.545026
0.545234
0.545459
0.545699
0.545955
0.546225
0.546509
0.546807
0.547117
0.547439
0.547772
0.548116
0.548469
0.548832
0.549203
0.549583
0.549971
0.550366
0.550768
0.551176
0.55159
0.552009
0.552433
0.552861
0.553293
0.553729
0.554168
0.554611
0.555056
0.555504
0.555953
0.556405
0.556859
0.557315
0.557773
0.558233
0.558694
0.559157
0.559622
0.560089
0.560558
0.561028
0.5615
0.561974
0.562449
0.562927
0.563406
0.563888
0.564372
0.564858
0.565347
0.565838
0.566333
0.566831
0.567331
0.567835
0.568342
0.568853
0.569367
0.569885
0.570406
0.570932
0.571461
0.571994
0.572531
0.573072
0.573617
0.574166
0.574719
0.575275
0.575835
0.576399
0.576967
0.577538
0.578112
0.578689
0.579269
0.57985
0.580434
0.581019
0.581605
0.582192
0.582779
0.583366
0.583953
0.584539
0.585123
0.585705
0.586285
0.586861
0.587433
0.588
0.588563
0.589119
0.589669
0.590213
0.590748
0.591275
0.591792
0.592298
0.592793
0.593277
0.593747
0.594205
0.594648
0.595076
0.59549
0.595886
0.596266
0.596628
0.596971
0.597295
0.597598
0.597881
0.598142
0.598381
0.598597
0.59879
0.598958
0.599102
0.599221
0.599314
0.599381
0.59942
0.599432
0.599416
0.599371
0.599298
0.599196
0.599064
0.598902
0.598709
0.598485
0.598231
0.597945
0.597628
0.597279
0.596899
0.596485
0.59604
0.595563
0.595053
0.594511
0.593937
0.593331
0.592692
0.592022
0.591321
0.590588
0.589824
0.58903
0.588205
0.587351
0.586467
0.585555
0.584616
0.583649
0.582657
0.58164
0.580598
0.579534
0.578447
0.57734
0.576214
0.575071
0.573911
0.572737
0.57155
0.570352
0.569145
0.567931
0.566712
0.56549
0.564268
0.563047
0.561831
0.560621
0.55942
0.558231
0.557055
0.555897
0.554758
0.553641
0.552549
0.551485
0.55045
0.549448
0.54848
0.54755
0.54666
0.545812
0.545008
0.544251
0.543542
0.542884
0.542277
0.541723
0.541225
0.540783
0.540398
0.540071
0.539802
0.539593
0.539444
0.539354
0.539324
0.539354
0.539443
0.539591
0.539797
0.54006
0.540381
0.540756
0.541186
0.54167
0.542204
0.542789
0.543423
0.544104
0.54483
0.545601
0.546413
0.547265
0.548155
0.549081
0.550041
0.551034
0.552056
0.553106
0.554183
0.555284
0.556408
0.557552
0.558714
0.559892
0.561085
0.56229
0.563506
0.564731
0.565963
0.5672
0.56844
0.569681
0.570921
0.57216
0.573394
0.574621
0.575841
0.577051
0.578249
0.579435
0.580605
0.581758
0.582893
0.584009
0.585103
0.586173
0.587219
0.588239
0.589231
0.590194
0.591126
0.592027
0.592894
0.593727
0.594524
0.595284
0.596006
0.596688
0.59733
0.597932
0.59849
0.599006
0.599478
0.599905
0.600287
0.600624
0.600914
0.601158
0.601355
0.601504
0.601607
0.601661
0.601669
0.601628
0.60154
0.601405
0.601223
0.600995
0.600721
0.600402
0.600037
0.599629
0.599177
0.598683
0.598148
0.597571
0.596955
0.5963
0.595608
0.59488
0.594117
0.593321
0.592492
0.591634
0.590746
0.589831
0.58889
0.587924
0.586935
0.585924
0.584894
0.583846
0.582781
0.5817
0.580606
0.579501
0.578384
0.577259
0.576125
0.574984
0.573839
0.57269
0.571538
0.570385
0.569231
0.568078
0.566927
0.565778
0.564632
0.563492
0.562356
0.561227
0.560104
0.558988
0.55788
0.556779
0.555687
0.554604
0.553531
0.552467
0.551413
0.550369
0.549334
0.54831
0.547295
0.546291
0.545296
0.544311
0.543336
0.542371
0.541416
0.54047
0.539535
0.538609
0.537692
0.536786
0.53589
0.535002
0.534125
0.533257
0.532398
0.531549
0.53071
0.52988
0.529059
0.528248
0.527447
0.526655
0.525872
0.5251
0.524337
0.523584
0.522841
0.522108
0.521385
0.520672
0.51997
0.519278
0.518597
0.517926
0.517267
0.51662
0.515983
0.515359
0.514746
0.514146
0.513558
0.512982
0.512418
0.511867
0.511329
0.510804
0.510293
0.509794
0.50931
0.508839
0.508382
0.507939
0.507511
0.507097
0.506698
0.506314
0.505944
0.50559
0.50525
0.504925
0.504614
0.504319
0.504039
0.503774
0.503524
0.503289
0.503069
0.502864
0.502674
0.502499
0.502339
0.502194
0.502064
0.501948
0.501847
0.501761
0.50169
0.501632
0.50159
0.501561
0.501547
0.501547
0.50156
0.501588
0.501629
0.501683
0.501751
0.501833
0.501928
0.502036
0.502156
0.50229
0.502436
0.502595
0.502765
0.502949
0.503144
0.503351
0.503569
0.5038
0.504042
0.504295
0.50456
0.504836
0.505122
0.50542
0.505728
0.506046
0.506375
0.506714
0.507062
0.507421
0.507789
0.508167
0.508553
0.508949
0.509354
0.509766
0.510187
0.510616
0.511052
0.511496
0.511947
0.512405
0.512869
0.513339
0.513815
0.514297
0.514785
0.515277
0.515774
0.516275
0.51678
0.517288
0.5178
0.518314
0.518831
0.51935
0.51987
0.520392
0.520915
0.521438
0.521961
0.522484
0.523006
0.523526
0.524045
0.524562
0.525076
1.10033
1.10096
1.10152
1.10201
1.10241
1.10274
1.10299
1.10316
1.10326
1.10327
1.10321
1.10307
1.10286
1.10256
1.10219
1.10174
1.10121
1.1006
1.09992
1.09916
1.09833
1.09742
1.09644
1.09538
1.09425
1.09305
1.09178
1.09045
1.08904
1.08757
1.08604
1.08444
1.08279
1.08107
1.0793
1.07748
1.0756
1.07368
1.07171
1.0697
1.06764
1.06555
1.06342
1.06126
1.05907
1.05686
1.05462
1.05237
1.0501
1.04782
1.04552
1.04323
1.04093
1.03864
1.03635
1.03407
1.0318
1.02955
1.02732
1.02511
1.02293
1.02077
1.01865
1.01656
1.01451
1.0125
1.01053
1.0086
1.00672
1.00488
1.0031
1.00137
0.999685
0.998058
0.996485
0.994968
0.993506
0.992102
0.990753
0.989462
0.988228
0.987049
0.985927
0.98486
0.983848
0.98289
0.981986
0.981134
0.980333
0.979583
0.978881
0.978226
0.977617
0.977052
0.97653
0.97605
0.97561
0.975207
0.974841
0.974511
0.974214
0.973949
0.973714
0.973507
0.973328
0.973173
0.973042
0.972934
0.972846
0.972778
0.972728
0.972696
0.972679
0.972678
0.97269
0.972716
0.972754
0.972804
0.972865
0.972938
0.97302
0.973112
0.973214
0.973326
0.973447
0.973578
0.973719
0.973871
0.974033
0.974208
0.974393
0.974592
0.974803
0.975028
0.975268
0.975523
0.975795
0.976085
0.976392
0.976719
0.977066
0.977434
0.977823
0.978235
0.97867
0.979129
0.979612
0.980119
0.980651
0.981209
0.981792
0.982399
0.983032
0.983688
0.984369
0.985072
0.985797
0.986544
0.987311
0.988097
0.988899
0.989718
0.990549
0.991393
0.992246
0.993108
0.993975
0.994845
0.995715
0.996584
0.997447
0.998304
0.999152
0.999987
1.00081
1.00161
1.0024
1.00316
1.0039
1.00462
1.0053
1.00595
1.00658
1.00716
1.00772
1.00823
1.00871
1.00914
1.00954
1.00989
1.0102
1.01047
1.01069
1.01087
1.011
1.01109
1.01113
1.01113
1.01109
1.011
1.01087
1.0107
1.01049
1.01023
1.00994
1.0096
1.00923
1.00882
1.00838
1.0079
1.00739
1.00685
1.00628
1.00568
1.00505
1.0044
1.00372
1.00302
1.0023
1.00155
1.00079
1.00001
0.999218
0.99841
0.997589
0.996758
0.995917
0.995067
0.994211
0.993348
0.992481
0.991611
0.990738
0.989864
0.988991
0.988118
0.987248
0.98638
0.985518
0.984661
0.98381
0.982966
0.98213
0.981302
0.980485
0.979678
0.978882
0.978097
0.977325
0.976566
0.975821
0.975091
0.974375
0.973674
0.972989
0.972319
0.971666
0.971029
0.970409
0.969806
0.969221
0.968654
0.968104
0.967573
0.967059
0.966564
0.966086
0.965627
0.965187
0.964764
0.96436
0.963975
0.963608
0.96326
0.96293
0.962618
0.962324
0.962048
0.961791
0.96155
0.961327
0.961121
0.960932
0.960759
0.960603
0.960463
0.96034
0.960232
0.960139
0.960061
0.959999
0.95995
0.959916
0.959896
0.959889
0.959895
0.959915
0.959946
0.95999
0.960045
0.960112
0.960188
0.960276
0.960373
0.96048
0.960596
0.960721
0.960856
0.960998
0.961148
0.961305
0.961468
0.961638
0.961813
0.961995
0.962181
0.962371
0.962566
0.962765
0.962968
0.963173
0.96338
0.96359
0.9638
0.964012
0.964225
0.964438
0.96465
0.964862
0.965073
0.965283
0.965491
0.965696
0.965899
0.966098
0.966294
0.966487
0.966676
0.966861
0.967042
0.967219
0.96739
0.967558
0.96772
0.967878
0.968031
0.968178
0.968321
0.968457
0.968589
0.968715
0.968836
0.968952
0.969062
0.969166
0.969265
0.969358
0.969446
0.969528
0.969606
0.969679
0.969746
0.969809
0.969868
0.969922
0.969972
0.970017
0.970058
0.970095
0.970128
0.970156
0.97018
0.970201
0.970219
0.970233
0.970244
0.970251
0.970255
0.970254
0.970249
0.970239
0.970225
0.970206
0.970182
0.970153
0.97012
0.970081
0.970035
0.969984
0.969926
0.969861
0.969789
0.969709
0.969622
0.969526
0.96942
0.969306
0.969181
0.969045
0.968898
0.968739
0.968568
0.968385
0.968189
0.967979
0.967755
0.967516
0.967261
0.966989
0.966699
0.966392
0.966067
0.965722
0.965356
0.96497
0.964563
0.964132
0.963679
0.963202
0.962701
0.962175
0.961623
0.961044
0.960439
0.959806
0.959144
0.958455
0.957736
0.956987
0.95621
0.955402
0.954564
0.953696
0.952797
0.951867
0.950907
0.949916
0.948895
0.947844
0.946763
0.945652
0.944513
0.943345
0.942149
0.940926
0.939675
0.938399
0.937097
0.935771
0.934422
0.93305
0.931657
0.930243
0.928809
0.927357
0.925887
0.924402
0.922902
0.921389
0.919863
0.918327
0.916782
0.915229
0.913669
0.912104
0.910536
0.908966
0.907396
0.905827
0.904261
0.902699
0.901144
0.899596
0.898057
0.89653
0.895016
0.893516
0.892033
0.890568
0.889124
0.887701
0.886303
0.884931
0.883587
0.882273
0.88099
0.87974
0.878526
0.87735
0.876213
0.875118
0.874067
0.87306
0.872101
0.871191
0.870331
0.869523
0.868769
0.868071
0.867431
0.866849
0.866329
0.86587
0.865474
0.865142
0.864875
0.864675
0.864541
0.864475
0.864478
0.86455
0.864691
0.864901
0.865181
0.86553
0.865947
0.866434
0.866988
0.86761
0.868298
0.869052
0.869871
0.870752
0.871696
0.872699
0.873761
0.87488
0.876054
0.87728
0.878557
0.879882
0.881253
0.882667
0.884123
0.885617
0.887146
0.888709
0.890302
0.891922
0.893567
0.895234
0.896919
0.898621
0.900335
0.902059
0.903791
0.905528
0.907266
0.909002
0.910735
0.912461
0.914178
0.915883
0.917573
0.919247
0.920902
0.922536
0.924148
0.925734
0.927292
0.928823
0.930323
0.93179
0.933224
0.934624
0.935987
0.937313
0.9386
0.939847
0.941054
0.942221
0.943346
0.944431
0.945472
0.946472
0.947428
0.948342
0.949212
0.95004
0.950825
0.951568
0.952269
0.952929
0.953547
0.954125
0.954664
0.955163
0.955623
0.956046
0.956432
0.956781
0.957093
0.957371
0.957614
0.957824
0.958001
0.958145
0.958258
0.95834
0.958392
0.958415
0.95841
0.958377
0.958316
0.958229
0.958115
0.957976
0.95781
0.95762
0.957404
0.957165
0.956903
0.956617
0.956308
0.955976
0.955621
0.955244
0.954844
0.954422
0.953978
0.953512
0.953024
0.952516
0.951987
0.951436
0.950865
0.950274
0.949663
0.949032
0.948381
0.947711
0.947023
0.946316
0.945592
0.94485
0.944091
0.943317
0.942527
0.941723
0.940905
0.940075
0.939234
0.938383
0.937522
0.936654
0.935779
0.934899
0.934016
0.933131
0.932244
0.931359
0.930477
0.929598
0.928727
0.927864
0.92701
0.926169
0.925341
0.924531
0.923738
0.922967
0.922217
0.921492
0.920792
0.92012
0.919478
0.918868
0.91829
0.917747
0.91724
0.91677
0.916341
0.915951
0.915604
0.915299
0.915039
0.914824
0.914653
0.914529
0.914451
0.914421
0.914438
0.914503
0.914616
0.914777
0.914985
0.915242
0.915546
0.915897
0.916295
0.916737
0.917225
0.917756
0.918329
0.918944
0.919598
0.920291
0.921021
0.921786
0.922585
0.923415
0.924276
0.925166
0.926081
0.927021
0.927982
0.928962
0.929959
0.930971
0.931996
0.933031
0.934074
0.935122
0.936173
0.937223
0.938272
0.939316
0.940354
0.941382
0.942398
0.943401
0.944389
0.945358
0.946308
0.947235
0.948139
0.949017
0.949869
0.950693
0.951487
0.952251
0.952984
0.953684
0.954352
0.954986
0.955587
0.956154
0.956687
0.957187
0.957654
0.958087
0.958488
0.958858
0.959197
0.959507
0.959788
0.960041
0.960269
0.960472
0.960651
0.960808
0.960946
0.961065
0.961168
0.961256
0.961332
0.961396
0.961451
0.961498
0.96154
0.961579
0.961616
0.961653
0.961692
0.961734
0.961781
0.961835
0.961896
0.961968
0.96205
0.962145
0.962254
0.962378
0.962517
0.962674
0.962848
0.963041
0.963253
0.963485
0.963738
0.964012
0.964306
0.964622
0.96496
0.965319
0.9657
0.966102
0.966526
0.966971
0.967437
0.967924
0.968432
0.968961
0.969509
0.970077
0.970664
0.97127
0.971894
0.972534
0.973192
0.973865
0.974554
0.975258
0.975975
0.976706
0.977451
0.978208
0.978976
0.979755
0.980544
0.981343
0.982151
0.982968
0.983792
0.984625
0.985464
0.986309
0.98716
0.988015
0.988875
0.989739
0.990607
0.991477
0.99235
0.993226
0.994104
0.994984
0.995865
0.996749
0.997633
0.998518
0.999404
1.00029
1.00118
1.00206
1.00295
1.00384
1.00472
1.00561
1.0065
1.00738
1.00827
1.00916
1.01004
1.01093
1.01181
1.0127
1.01359
1.01448
1.01537
1.01626
1.01715
1.01804
1.01893
1.01983
1.02072
1.02162
1.02252
1.02343
1.02433
1.02524
1.02615
1.02706
1.02797
1.02889
1.02981
1.03073
1.03165
1.03257
1.0335
1.03442
1.03535
1.03628
1.03721
1.03814
1.03907
1.04001
1.04094
1.04187
1.0428
1.04373
1.04466
1.04558
1.0465
1.04742
1.04833
1.04923
1.05014
1.05103
1.05192
1.0528
1.05367
1.05454
1.05539
1.05623
1.05706
1.05788
1.05869
1.05948
1.06026
1.06102
1.06176
1.06248
1.06319
1.06388
1.06455
1.06519
1.06582
1.06642
1.067
1.06755
1.06808
1.06858
1.06906
1.06951
1.06993
1.07032
1.07069
1.07102
1.07132
1.0716
1.07184
1.07205
1.07223
1.07237
1.07249
1.07257
1.07262
1.07264
1.07262
1.07257
1.07249
1.07238
1.07223
1.07205
1.07184
1.0716
1.07132
1.07102
1.07068
1.07031
1.06991
1.06948
1.06902
1.06853
1.06801
1.06746
1.06688
1.06627
1.06564
1.06498
1.06429
1.06357
1.06283
1.06207
1.06128
1.06046
1.05962
1.05875
1.05786
1.05695
1.05602
1.05506
1.05408
1.05307
1.05205
1.051
1.04994
1.04885
1.04774
1.04661
1.04545
1.04428
1.04309
1.04188
1.04065
1.0394
1.03814
1.03685
1.03555
1.03422
1.03289
1.03153
1.03016
1.02878
1.02737
1.02596
1.02453
1.02309
1.02163
1.02017
1.01869
1.0172
1.0157
1.0142
1.01269
1.01117
1.00965
1.00812
1.00659
1.09915
1.09748
1.09579
1.0941
1.0924
1.09069
1.08899
1.08727
1.08556
1.08384
1.08213
1.08042
1.07871
1.07701
1.07531
1.07362
1.07194
1.07027
1.06862
1.06697
1.06535
1.06373
1.06214
1.06056
1.059
1.05746
1.05594
1.05445
1.05297
1.05152
1.0501
1.04871
1.04734
1.04599
1.04468
1.0434
1.04215
1.04093
1.03974
1.03859
1.03747
1.03638
1.03533
1.03432
1.03334
1.0324
1.0315
1.03064
1.02982
1.02904
1.02829
1.02759
1.02693
1.02632
1.02574
1.02521
1.02472
1.02428
1.02388
1.02352
1.02321
1.02294
1.02271
1.02253
1.02239
1.02229
1.02224
1.02223
1.02226
1.02232
1.02243
1.02258
1.02277
1.02299
1.02325
1.02354
1.02386
1.02422
1.0246
1.02502
1.02546
1.02592
1.02641
1.02691
1.02744
1.02797
1.02852
1.02909
1.02966
1.03023
1.03081
1.03138
1.03196
1.03252
1.03308
1.03363
1.03415
1.03466
1.03515
1.03561
1.03604
1.03644
1.0368
1.03713
1.0374
1.03764
1.03782
1.03795
1.03802
1.03803
1.03798
1.03786
1.03767
1.03741
1.03708
1.03666
1.03617
1.0356
1.03495
1.03421
1.03339
1.03248
1.03149
1.03042
1.02925
1.02801
1.02668
1.02527
1.02379
1.02222
1.02059
1.01889
1.01712
1.0153
1.01342
1.01149
1.00952
1.00752
1.00549
1.00343
1.00137
0.999298
0.997231
0.995176
0.993142
0.991137
0.989169
0.987246
0.985377
0.983568
0.981828
0.980164
0.978581
0.977085
0.975683
0.974378
0.973173
0.972074
0.97108
0.970195
0.96942
0.968753
0.968194
0.967743
0.967397
0.967154
0.967011
0.966964
0.967009
0.967142
0.967358
0.967653
0.96802
0.968454
0.96895
0.969503
0.970108
0.970759
0.971452
0.972181
0.972942
0.97373
0.974541
0.975371
0.976217
0.977074
0.97794
0.97881
0.979684
0.980557
0.981428
0.982295
0.983156
0.984009
0.984853
0.985685
0.986505
0.987312
0.988104
0.988882
0.989642
0.990386
0.991113
0.991822
0.992512
0.993185
0.993837
0.994471
0.995084
0.995677
0.99625
0.996802
0.997333
0.997843
0.998332
0.998799
0.999244
0.999667
1.00007
1.00045
1.0008
1.00113
1.00144
1.00173
1.00199
1.00223
1.00244
1.00263
1.0028
1.00294
1.00306
1.00316
1.00323
1.00327
1.00329
1.00329
1.00326
1.00321
1.00313
1.00303
1.00291
1.00276
1.00259
1.0024
1.00218
1.00194
1.00168
1.0014
1.0011
1.00078
1.00044
1.00008
0.999701
0.999306
0.998895
0.998467
0.998025
0.997568
0.997098
0.996615
0.996122
0.995617
0.995104
0.994582
0.994053
0.993519
0.99298
0.992437
0.991892
0.991347
0.990801
0.990256
0.989713
0.989173
0.988638
0.988107
0.987583
0.987066
0.986557
0.986058
0.985569
0.985091
0.984625
0.984172
0.983733
0.983308
0.982897
0.982503
0.982124
0.981761
0.981416
0.981087
0.980777
0.980484
0.98021
0.979954
0.979716
0.979498
0.979297
0.979115
0.978951
0.978805
0.978676
0.978563
0.978467
0.978388
0.978324
0.978276
0.978243
0.978224
0.978218
0.978224
0.978242
0.978271
0.97831
0.978358
0.978413
0.978476
0.978545
0.978619
0.978698
0.97878
0.978864
0.978951
0.979037
0.979124
0.979208
0.979289
0.979368
0.979441
0.97951
0.979572
0.979626
0.979672
0.979708
0.979734
0.979749
0.979752
0.979742
0.979718
0.979679
0.979625
0.979555
0.979468
0.979363
0.97924
0.979098
0.978935
0.978752
0.978547
0.978321
0.978071
0.977798
0.977501
0.977181
0.976835
0.976464
0.976068
0.975647
0.975199
0.974726
0.974226
0.9737
0.973146
0.972566
0.971959
0.971324
0.970663
0.969976
0.969262
0.968522
0.967757
0.966968
0.966155
0.965319
0.964461
0.963581
0.962682
0.961763
0.960826
0.959871
0.958901
0.957915
0.956917
0.955907
0.954887
0.953858
0.952822
0.951782
0.950737
0.949692
0.948646
0.947601
0.946561
0.945527
0.9445
0.943483
0.942478
0.941486
0.940511
0.939553
0.938614
0.937697
0.936804
0.935935
0.935094
0.934281
0.933499
0.93275
0.932034
0.931355
0.930713
0.93011
0.92955
0.929031
0.928558
0.92813
0.92775
0.927419
0.927138
0.92691
0.926734
0.926613
0.926547
0.926537
0.926585
0.926692
0.926858
0.927084
0.927372
0.927723
0.928136
0.928611
0.92915
0.929753
0.93042
0.931151
0.931946
0.932806
0.933728
0.934714
0.935762
0.936872
0.938044
0.939277
0.940569
0.94192
0.943327
0.94479
0.946308
0.947879
0.949501
0.951172
0.95289
0.954653
0.956459
0.958306
0.960191
0.962112
0.964066
0.96605
0.968061
0.970098
0.972158
0.974236
0.976331
0.978439
0.980558
0.982684
0.984814
0.986946
0.989076
0.991202
0.993319
0.995426
0.997519
0.999596
1.00165
1.00369
1.0057
1.00768
1.00963
1.01155
1.01343
1.01528
1.01708
1.01884
1.02056
1.02223
1.02384
1.02541
1.02693
1.02839
1.02979
1.03113
1.03242
1.03364
1.0348
1.0359
1.03693
1.0379
1.0388
1.03964
1.04041
1.04111
1.04174
1.0423
1.0428
1.04323
1.04359
1.04388
1.04411
1.04427
1.04436
1.04439
1.04436
1.04426
1.04411
1.04389
1.04361
1.04328
1.04289
1.04244
1.04194
1.0414
1.0408
1.04016
1.03948
1.03875
1.03799
1.03719
1.03635
1.03549
1.03459
1.03367
1.03273
1.03177
1.03079
1.02979
1.02879
1.02777
1.02675
1.02572
1.0247
1.02367
1.02266
1.02164
1.02064
1.01965
1.01868
1.01772
1.01678
1.01586
1.01497
1.0141
1.01326
1.01245
1.01167
1.01092
1.01021
1.00953
1.00889
1.00828
1.00772
1.00719
1.0067
1.00626
1.00585
1.00549
1.00517
1.00489
1.00465
1.00445
1.0043
1.00419
1.00412
1.00409
1.0041
1.00415
1.00424
1.00437
1.00454
1.00474
1.00498
1.00526
1.00557
1.00592
1.00629
1.0067
1.00714
1.00761
1.00811
1.00864
1.00919
1.00977
1.01037
1.01099
1.01164
1.01231
1.013
1.01371
1.01444
1.01519
1.01595
1.01673
1.01753
1.01834
1.01916
1.02
1.02085
1.02171
1.02257
1.02345
1.02434
1.02524
1.02615
1.02706
1.02798
1.0289
1.02983
1.03077
1.0317
1.03264
1.03359
1.03453
1.03547
1.03642
1.03736
1.0383
1.03925
1.04018
1.04112
1.04205
1.04297
1.04389
1.0448
1.0457
1.04659
1.04747
1.04834
1.04919
1.05004
1.05086
1.05167
1.05247
1.05325
1.054
1.05474
1.05546
1.05616
1.05683
1.05747
1.0581
1.05869
1.05926
1.0598
1.06031
1.06079
1.06124
1.06166
1.06204
1.06239
1.06271
1.06299
1.06324
1.06345
1.06362
1.06375
1.06385
1.06391
1.06393
1.06391
1.06385
1.06375
1.06361
1.06343
1.06321
1.06296
1.06266
1.06233
1.06196
1.06155
1.0611
1.06062
1.0601
1.05954
1.05895
1.05833
1.05768
1.05699
1.05627
1.05552
1.05474
1.05394
1.0531
1.05224
1.05136
1.05045
1.04952
1.04857
1.0476
1.04662
1.04561
1.04459
1.04356
1.04251
1.04145
1.04038
1.03929
1.0382
1.03711
1.036
1.03489
1.03378
1.03267
1.03155
1.03043
1.02931
1.02819
1.02708
1.02596
1.02485
1.02375
1.02265
1.02155
1.02046
1.01938
1.0183
1.01724
1.01618
1.01514
1.0141
1.01308
1.01207
1.01107
1.01008
1.0091
1.00814
1.0072
1.00626
1.00534
1.00444
1.00355
1.00268
1.00182
1.00098
1.00016
0.999353
0.998563
0.997789
0.997032
0.996293
0.995571
0.994866
0.994178
0.993508
0.992856
0.99222
0.991603
0.991002
0.990419
0.989853
0.989305
0.988773
0.988258
0.98776
0.987277
0.986811
0.98636
0.985924
0.985503
0.985096
0.984704
0.984324
0.983958
0.983603
0.983261
0.98293
0.98261
0.9823
0.982001
0.981711
0.98143
0.981157
0.980891
0.980632
0.980379
0.980132
0.97989
0.979652
0.979417
0.979186
0.978956
0.978729
0.978503
0.978278
0.978053
0.977827
0.977599
0.977369
0.977136
0.9769
0.976661
0.976418
0.976169
0.975915
0.975654
0.975386
0.975111
0.974828
0.974537
0.974237
0.973929
0.973611
0.973282
0.972944
0.972595
0.972235
0.971863
0.971479
0.971084
0.970676
0.970256
0.969823
0.969378
0.968919
0.968447
0.967962
0.967464
0.966953
0.966429
0.965893
0.965343
0.964781
0.964207
0.963621
0.963023
0.962415
0.961795
0.961165
0.960523
0.959872
0.959212
0.958542
0.957865
0.95718
0.956488
0.955791
0.955088
0.954382
0.953672
0.95296
0.952247
0.951533
0.950819
0.950106
0.949396
0.948689
0.947986
0.947289
0.946599
0.945916
0.945241
0.944577
0.943923
0.943282
0.942654
0.942041
0.941444
0.940864
0.940302
0.939759
0.939236
0.938733
0.938253
0.937797
0.937364
0.936957
0.936577
0.936224
0.935899
0.935604
0.935338
0.935104
0.934901
0.934731
0.934594
0.934491
0.934423
0.93439
0.934393
0.934432
0.934507
0.934618
0.934767
0.934952
0.935174
0.935434
0.935731
0.936065
0.936436
0.936844
0.937289
0.937771
0.938289
0.938842
0.93943
0.940053
0.940711
0.941402
0.942126
0.942881
0.943667
0.944484
0.94533
0.946204
0.947104
0.94803
0.948981
0.949956
0.950952
0.951969
0.953006
0.95406
0.955131
0.956216
0.957316
0.958427
0.959549
0.960681
0.961819
0.962964
0.964113
0.965265
0.966419
0.967573
0.968726
0.969875
0.971021
0.97216
0.973293
0.974416
0.97553
0.976632
0.977721
0.978795
0.979855
0.980897
0.981922
0.982927
0.983913
0.984877
0.985819
0.986737
0.987632
0.988501
0.989345
0.990162
0.990952
0.991714
0.992446
0.993149
0.993822
0.994465
0.995076
0.995656
0.996204
0.99672
0.997204
0.997655
0.998073
0.998456
0.998806
0.999122
0.999404
0.999652
0.999865
1.00004
1.00019
1.0003
1.00037
1.00041
1.00042
1.00039
1.00033
1.00023
1.0001
0.99994
0.999743
0.999512
0.999247
0.99895
0.998619
0.998256
0.997861
0.997433
0.996974
0.996483
0.99596
0.995407
1.09963
1.09889
1.09811
1.09729
1.09642
1.09551
1.09457
1.09358
1.09255
1.09148
1.09037
1.08922
1.08804
1.08681
1.08556
1.08426
1.08293
1.08157
1.08017
1.07875
1.07729
1.0758
1.07427
1.07273
1.07115
1.06955
1.06792
1.06627
1.0646
1.0629
1.06119
1.05946
1.05771
1.05594
1.05417
1.05237
1.05057
1.04876
1.04694
1.04511
1.04328
1.04145
1.03961
1.03778
1.03594
1.03411
1.03229
1.03047
1.02867
1.02687
1.02508
1.02331
1.02155
1.01982
1.01809
1.01639
1.01472
1.01306
1.01143
1.00983
1.00825
1.0067
1.00518
1.0037
1.00224
1.00082
0.999436
0.998084
0.996767
0.995488
0.994245
0.99304
0.991874
0.990745
0.989656
0.988605
0.987594
0.986622
0.985689
0.984796
0.983943
0.983129
0.982355
0.981618
0.980921
0.980262
0.979641
0.979057
0.978511
0.978001
0.977527
0.977088
0.976684
0.976313
0.975976
0.975671
0.975397
0.975154
0.97494
0.974755
0.974598
0.974468
0.974366
0.974289
0.974236
0.974208
0.974202
0.974219
0.974257
0.974316
0.974395
0.974493
0.974609
0.974743
0.974894
0.975062
0.975246
0.975446
0.97566
0.975889
0.976131
0.976387
0.976656
0.976937
0.977231
0.977537
0.977856
0.978186
0.978528
0.978881
0.979247
0.979624
0.980013
0.980413
0.980826
0.981251
0.981688
0.982138
0.982601
0.983078
0.983568
0.984071
0.984588
0.985118
0.985663
0.986222
0.986794
0.98738
0.987979
0.988592
0.989217
0.989855
0.990505
0.991168
0.991842
0.992526
0.99322
0.993923
0.994634
0.995352
0.996075
0.996803
0.997535
0.99827
0.999005
0.999741
1.00048
1.00121
1.00193
1.00266
1.00337
1.00408
1.00478
1.00547
1.00614
1.00681
1.00745
1.00809
1.0087
1.0093
1.00987
1.01043
1.01097
1.01149
1.01198
1.01245
1.01289
1.01332
1.01371
1.01409
1.01443
1.01475
1.01505
1.01532
1.01556
1.01578
1.01597
1.01613
1.01627
1.01638
1.01647
1.01653
1.01657
1.01659
1.01658
1.01655
1.01649
1.01642
1.01632
1.0162
1.01606
1.0159
1.01573
1.01553
1.01532
1.01509
1.01485
1.01459
1.01432
1.01404
1.01374
1.01343
1.01311
1.01279
1.01245
1.01211
1.01175
1.01139
1.01103
1.01066
1.01029
1.00991
1.00953
1.00915
1.00877
1.00839
1.00801
1.00763
1.00725
1.00688
1.0065
1.00614
1.00578
1.00542
1.00507
1.00473
1.0044
1.00407
1.00376
1.00345
1.00316
1.00288
1.00261
1.00236
1.00212
1.00189
1.00169
1.00149
1.00132
1.00116
1.00103
1.00091
1.00081
1.00074
1.00069
1.00066
1.00066
1.00067
1.00072
1.00079
1.00089
1.00101
1.00116
1.00134
1.00155
1.00179
1.00205
1.00234
1.00267
1.00302
1.0034
1.0038
1.00424
1.0047
1.00519
1.0057
1.00624
1.0068
1.00739
1.008
1.00862
1.00927
1.00994
1.01062
1.01131
1.01202
1.01274
1.01346
1.01419
1.01493
1.01567
1.01641
1.01715
1.01788
1.01861
1.01933
1.02003
1.02072
1.0214
1.02206
1.02269
1.0233
1.02389
1.02445
1.02498
1.02547
1.02594
1.02636
1.02675
1.02709
1.02739
1.02765
1.02787
1.02804
1.02816
1.02823
1.02825
1.02822
1.02814
1.028
1.02781
1.02757
1.02727
1.02692
1.02652
1.02606
1.02555
1.02498
1.02437
1.0237
1.02298
1.02222
1.02141
1.02055
1.01965
1.0187
1.01772
1.0167
1.01564
1.01456
1.01344
1.0123
1.01114
1.00995
1.00875
1.00754
1.00632
1.00509
1.00386
1.00264
1.00142
1.00021
0.999015
0.997838
0.996683
0.995553
0.994453
0.993385
0.992354
0.991362
0.990412
0.989508
0.988653
0.987849
0.987099
0.986404
0.985766
0.985186
0.984666
0.984207
0.98381
0.983476
0.983204
0.982994
0.982845
0.982757
0.982729
0.98276
0.982848
0.982992
0.98319
0.983441
0.983742
0.984091
0.984486
0.984924
0.985404
0.985922
0.986476
0.987063
0.987682
0.988329
0.989002
0.989698
0.990416
0.991152
0.991905
0.992674
0.993454
0.994246
0.995047
0.995854
0.996668
0.997486
0.998306
0.999128
0.99995
1.00077
1.00159
1.00241
1.00322
1.00403
1.00483
1.00563
1.00643
1.00721
1.00799
1.00876
1.00953
1.01029
1.01104
1.01178
1.01251
1.01324
1.01395
1.01466
1.01535
1.01604
1.01672
1.01739
1.01805
1.0187
1.01935
1.01998
1.0206
1.02122
1.02183
1.02242
1.02301
1.02359
1.02416
1.02472
1.02528
1.02582
1.02636
1.02689
1.02742
1.02793
1.02844
1.02894
1.02944
1.02992
1.0304
1.03088
1.03134
1.03181
1.03226
1.03271
1.03315
1.03359
1.03402
1.03444
1.03486
1.03527
1.03567
1.03607
1.03645
1.03683
1.0372
1.03756
1.0379
1.03824
1.03856
1.03887
1.03916
1.03943
1.03969
1.03993
1.04015
1.04034
1.04052
1.04067
1.04079
1.04089
1.04096
1.041
1.041
1.04097
1.04091
1.04081
1.04068
1.0405
1.04029
1.04004
1.03974
1.0394
1.03902
1.0386
1.03813
1.03761
1.03705
1.03644
1.03579
1.03509
1.03434
1.03355
1.03272
1.03184
1.03091
1.02994
1.02893
1.02788
1.02678
1.02565
1.02447
1.02326
1.02201
1.02073
1.01942
1.01807
1.01669
1.01528
1.01385
1.01239
1.01091
1.00941
1.00789
1.00635
1.00479
1.00322
1.00164
1.00005
0.998452
0.996845
0.995234
0.993619
0.992003
0.990387
0.988772
0.987161
0.985555
0.983955
0.982363
0.98078
0.979207
0.977644
0.976093
0.974555
0.973031
0.97152
0.970025
0.968544
0.967078
0.965629
0.964195
0.962777
0.961375
0.95999
0.95862
0.957266
0.955928
0.954604
0.953294
0.952
0.950719
0.949451
0.948197
0.946955
0.945725
0.944508
0.943303
0.94211
0.940929
0.939759
0.938601
0.937454
0.936319
0.935197
0.934087
0.93299
0.931906
0.930836
0.92978
0.92874
0.927716
0.926709
0.92572
0.92475
0.9238
0.922871
0.921965
0.921081
0.920223
0.919389
0.918583
0.917806
0.917058
0.916341
0.915654
0.915
0.91438
0.913793
0.913241
0.912724
0.912243
0.911798
0.91139
0.911019
0.910684
0.910386
0.910125
0.909901
0.909712
0.90956
0.909443
0.90936
0.909311
0.909295
0.909312
0.90936
0.909439
0.909547
0.909685
0.909851
0.910044
0.910263
0.910509
0.91078
0.911076
0.911397
0.91174
0.912108
0.912498
0.912911
0.913346
0.913805
0.914286
0.914791
0.915319
0.915872
0.916449
0.91705
0.917677
0.91833
0.91901
0.919717
0.920451
0.921215
0.922008
0.922832
0.923687
0.924574
0.925493
0.926446
0.927433
0.928453
0.929509
0.930598
0.931723
0.932883
0.934078
0.935307
0.93657
0.937867
0.939197
0.940559
0.941952
0.943376
0.944829
0.946309
0.947816
0.949346
0.9509
0.952474
0.954067
0.955676
0.9573
0.958935
0.960581
0.962234
0.963891
0.965551
0.967211
0.968868
0.970519
0.972162
0.973794
0.975414
0.977019
0.978606
0.980173
0.981717
0.983238
0.984732
0.986198
0.987633
0.989036
0.990404
0.991736
0.993031
0.994288
0.995505
0.996682
0.997818
0.998912
0.999962
1.00097
1.00193
1.00285
1.00372
1.00455
1.00534
1.00608
1.00677
1.00742
1.00803
1.0086
1.00912
1.00961
1.01005
1.01046
1.01083
1.01116
1.01146
1.01172
1.01195
1.01215
1.01232
1.01247
1.01258
1.01268
1.01274
1.01279
1.01282
1.01283
1.01283
1.01281
1.01278
1.01273
1.01268
1.01262
1.01256
1.01248
1.01241
1.01233
1.01226
1.01218
1.0121
1.01203
1.01196
1.01189
1.01182
1.01177
1.01171
1.01167
1.01162
1.01159
1.01155
1.01153
1.01151
1.01149
1.01148
1.01147
1.01147
1.01146
1.01146
1.01146
1.01145
1.01145
1.01144
1.01143
1.01141
1.01139
1.01136
1.01132
1.01127
1.0112
1.01113
1.01104
1.01093
1.01081
1.01067
1.0105
1.01032
1.01012
1.00989
1.00963
1.00936
1.00905
1.00872
1.00836
1.00797
1.00755
1.00709
1.00661
1.0061
1.00555
1.00497
1.00435
1.00371
1.00302
1.00231
1.00156
1.00077
0.999955
0.999101
0.998214
0.997294
0.996341
0.995355
0.994338
0.993289
0.992211
0.991102
0.989966
0.988802
0.987612
0.986398
0.985161
0.983902
0.982623
0.981327
0.980016
0.978691
0.977356
0.976012
0.974662
0.97331
0.971958
0.97061
0.969267
0.967933
0.966612
0.965305
0.964017
0.96275
0.961508
0.960296
0.959115
0.957969
0.956862
0.955797
0.954777
0.953806
0.952885
0.952018
0.951208
0.950456
0.949766
0.94914
0.94858
0.948087
0.947663
0.947309
0.947025
0.946814
0.946674
0.946606
0.946611
0.946688
0.946835
0.947053
0.94734
0.947696
0.948118
0.948606
0.949156
0.949769
0.95044
0.951168
0.951951
0.952786
0.953669
0.954599
0.955573
0.956587
0.957639
0.958725
0.959842
0.960989
0.96216
0.963355
0.964569
0.9658
0.967044
0.9683
0.969563
0.970832
0.972104
0.973377
0.974647
0.975914
0.977174
0.978426
0.979667
0.980896
0.982109
0.983307
0.984488
0.985649
0.986788
0.987906
0.989001
0.99007
0.991113
0.992129
0.993118
0.994079
0.99501
0.995911
0.99678
0.997618
0.998422
0.999193
0.999929
1.00063
1.0013
1.00193
1.00253
1.00309
1.00361
1.0041
1.00455
1.00496
1.00534
1.00568
1.00598
1.00624
1.00647
1.00665
1.0068
1.00691
1.00699
1.00702
1.00702
1.00698
1.0069
1.00679
1.00663
1.00644
1.00621
1.00595
1.00565
1.00531
1.00494
1.00454
1.0041
1.00364
1.00314
1.00261
1.00205
1.00146
1.00085
1.00021
0.999546
0.99886
0.998154
0.997429
0.996687
0.99593
0.995159
0.994377
0.993586
0.992788
0.991985
0.991181
0.990376
0.989575
0.988779
0.987991
0.987215
0.986452
0.985706
0.984978
0.984273
0.983592
0.982939
0.982316
0.981727
0.981174
0.98066
0.980188
0.979759
0.979378
0.979045
0.978763
0.978535
0.978363
0.978248
0.978194
1.09998
1.10001
1.10008
1.10021
1.10039
1.10063
1.10091
1.10126
1.10165
1.10211
1.10261
1.10317
1.10379
1.10446
1.10518
1.10596
1.10678
1.10766
1.10858
1.10955
1.11056
1.11162
1.11272
1.11385
1.11502
1.11623
1.11746
1.11872
1.12001
1.12131
1.12264
1.12398
1.12534
1.12671
1.12808
1.12946
1.13084
1.13222
1.1336
1.13497
1.13633
1.13767
1.13901
1.14032
1.14162
1.14289
1.14414
1.14536
1.14655
1.14772
1.14885
1.14995
1.15101
1.15204
1.15303
1.15398
1.15489
1.15575
1.15658
1.15736
1.15811
1.1588
1.15946
1.16007
1.16064
1.16116
1.16164
1.16207
1.16246
1.16281
1.16311
1.16338
1.1636
1.16378
1.16391
1.16401
1.16407
1.16409
1.16408
1.16403
1.16394
1.16382
1.16367
1.16348
1.16326
1.16302
1.16274
1.16244
1.16212
1.16176
1.16139
1.16099
1.16058
1.16014
1.15969
1.15922
1.15873
1.15823
1.15772
1.1572
1.15666
1.15612
1.15557
1.15502
1.15446
1.1539
1.15333
1.15277
1.1522
1.15164
1.15108
1.15052
1.14996
1.14941
1.14887
1.14834
1.14781
1.1473
1.14679
1.1463
1.14582
1.14536
1.14491
1.14447
1.14406
1.14366
1.14328
1.14291
1.14257
1.14225
1.14195
1.14168
1.14143
1.1412
1.141
1.14082
1.14067
1.14054
1.14045
1.14037
1.14033
1.14032
1.14033
1.14038
1.14045
1.14055
1.14068
1.14084
1.14103
1.14125
1.1415
1.14178
1.14209
1.14242
1.14278
1.14317
1.14358
1.14403
1.14449
1.14498
1.14549
1.14603
1.14658
1.14716
1.14775
1.14837
1.149
1.14964
1.1503
1.15097
1.15165
1.15234
1.15304
1.15374
1.15445
1.15516
1.15587
1.15658
1.15729
1.15799
1.15869
1.15938
1.16006
1.16073
1.16139
1.16203
1.16266
1.16327
1.16387
1.16445
1.165
1.16553
1.16604
1.16653
1.16699
1.16742
1.16782
1.1682
1.16855
1.16886
1.16915
1.1694
1.16962
1.1698
1.16996
1.17007
1.17016
1.17021
1.17022
1.1702
1.17014
1.17005
1.16992
1.16976
1.16956
1.16933
1.16906
1.16876
1.16843
1.16806
1.16766
1.16723
1.16677
1.16628
1.16577
1.16522
1.16464
1.16404
1.16342
1.16277
1.1621
1.16141
1.16069
1.15996
1.15921
1.15845
1.15767
1.15687
1.15607
1.15525
1.15442
1.15359
1.15275
1.1519
1.15105
1.1502
1.14935
1.1485
1.14765
1.1468
1.14596
1.14513
1.14431
1.14349
1.14269
1.1419
1.14112
1.14036
1.13961
1.13888
1.13817
1.13748
1.13681
1.13617
1.13554
1.13494
1.13436
1.13381
1.13328
1.13278
1.13231
1.13186
1.13144
1.13105
1.13069
1.13036
1.13006
1.12979
1.12954
1.12933
1.12915
1.12899
1.12887
1.12877
1.12871
1.12867
1.12866
1.12868
1.12873
1.1288
1.12891
1.12903
1.12919
1.12937
1.12958
1.1298
1.13006
1.13033
1.13063
1.13095
1.13129
1.13165
1.13203
1.13242
1.13283
1.13326
1.1337
1.13416
1.13462
1.13509
1.13557
1.13606
1.13655
1.13705
1.13755
1.13805
1.13854
1.13904
1.13953
1.14001
1.14048
1.14094
1.14139
1.14183
1.14225
1.14265
1.14303
1.14339
1.14372
1.14403
1.14431
1.14456
1.14477
1.14496
1.1451
1.1452
1.14527
1.14529
1.14527
1.1452
1.14509
1.14492
1.1447
1.14443
1.14411
1.14373
1.1433
1.14281
1.14226
1.14166
1.14099
1.14027
1.13948
1.13864
1.13774
1.13678
1.13576
1.13469
1.13355
1.13237
1.13113
1.12984
1.1285
1.12711
1.12567
1.12419
1.12268
1.12112
1.11953
1.11791
1.11626
1.11459
1.1129
1.11119
1.10946
1.10773
1.10599
1.10425
1.10252
1.10079
1.09907
1.09737
1.09569
1.09403
1.09241
1.09081
1.08924
1.08772
1.08624
1.08481
1.08343
1.0821
1.08082
1.07961
1.07845
1.07736
1.07634
1.07539
1.0745
1.07369
1.07295
1.07228
1.07169
1.07118
1.07074
1.07038
1.07009
1.06989
1.06975
1.0697
1.06972
1.06981
1.06997
1.07021
1.07051
1.07088
1.07132
1.07181
1.07237
1.07299
1.07365
1.07437
1.07514
1.07595
1.07681
1.0777
1.07863
1.07958
1.08057
1.08158
1.08261
1.08366
1.08472
1.08579
1.08687
1.08796
1.08905
1.09014
1.09122
1.0923
1.09338
1.09444
1.09549
1.09653
1.09755
1.09855
1.09954
1.10051
1.10146
1.10239
1.1033
1.10419
1.10506
1.1059
1.10673
1.10753
1.10831
1.10907
1.10981
1.11054
1.11124
1.11192
1.11258
1.11323
1.11386
1.11447
1.11507
1.11565
1.11621
1.11675
1.11728
1.1178
1.1183
1.11879
1.11926
1.11971
1.12015
1.12057
1.12098
1.12136
1.12173
1.12208
1.12241
1.12272
1.12301
1.12328
1.12353
1.12375
1.12395
1.12412
1.12427
1.12439
1.12448
1.12455
1.12458
1.12459
1.12456
1.12451
1.12442
1.1243
1.12415
1.12397
1.12375
1.1235
1.12323
1.12292
1.12258
1.12221
1.12182
1.12139
1.12094
1.12047
1.11997
1.11945
1.11891
1.11835
1.11778
1.11719
1.11659
1.11597
1.11535
1.11472
1.11409
1.11345
1.11281
1.11218
1.11155
1.11092
1.1103
1.10969
1.1091
1.10851
1.10794
1.10739
1.10685
1.10633
1.10583
1.10535
1.10489
1.10445
1.10404
1.10364
1.10327
1.10292
1.10259
1.10228
1.102
1.10173
1.10149
1.10126
1.10105
1.10086
1.10068
1.10052
1.10037
1.10023
1.10011
1.09999
1.09988
1.09977
1.09967
1.09957
1.09947
1.09938
1.09928
1.09918
1.09907
1.09897
1.09885
1.09873
1.09861
1.09847
1.09833
1.09817
1.098
1.09782
1.09763
1.09743
1.09721
1.09698
1.09673
1.09647
1.0962
1.09592
1.09562
1.09531
1.09498
1.09465
1.0943
1.09394
1.09357
1.09319
1.0928
1.0924
1.09199
1.09157
1.09115
1.09072
1.09028
1.08985
1.08941
1.08896
1.08852
1.08807
1.08763
1.08719
1.08675
1.08632
1.08589
1.08547
1.08506
1.08466
1.08426
1.08388
1.08351
1.08316
1.08282
1.0825
1.08219
1.0819
1.08164
1.08139
1.08117
1.08097
1.08079
1.08064
1.08051
1.08041
1.08033
1.08029
1.08027
1.08028
1.08032
1.08039
1.0805
1.08063
1.0808
1.08099
1.08122
1.08148
1.08177
1.0821
1.08245
1.08284
1.08325
1.08369
1.08417
1.08467
1.0852
1.08576
1.08634
1.08695
1.08758
1.08823
1.08891
1.0896
1.09032
1.09105
1.0918
1.09257
1.09334
1.09413
1.09494
1.09574
1.09656
1.09738
1.09821
1.09904
1.09987
1.1007
1.10153
1.10236
1.10318
1.10399
1.1048
1.10559
1.10638
1.10716
1.10792
1.10867
1.1094
1.11012
1.11082
1.1115
1.11216
1.1128
1.11342
1.11402
1.11459
1.11515
1.11567
1.11618
1.11665
1.1171
1.11753
1.11792
1.11829
1.11864
1.11895
1.11924
1.1195
1.11973
1.11994
1.12012
1.12027
1.12039
1.12049
1.12056
1.12061
1.12062
1.12062
1.12058
1.12052
1.12044
1.12034
1.12021
1.12005
1.11988
1.11969
1.11948
1.11924
1.11899
1.11872
1.11844
1.11814
1.11782
1.1175
1.11716
1.1168
1.11644
1.11607
1.11569
1.1153
1.1149
1.11451
1.1141
1.1137
1.1133
1.11289
1.11249
1.11208
1.11169
1.11129
1.11091
1.11053
1.11015
1.10979
1.10944
1.1091
1.10877
1.10846
1.10816
1.10788
1.10761
1.10736
1.10713
1.10692
1.10672
1.10655
1.1064
1.10627
1.10616
1.10607
1.106
1.10596
1.10595
1.10595
1.10598
1.10603
1.10611
1.10621
1.10633
1.10647
1.10664
1.10683
1.10705
1.10728
1.10754
1.10781
1.10811
1.10843
1.10877
1.10912
1.1095
1.10989
1.1103
1.11072
1.11116
1.11161
1.11208
1.11256
1.11305
1.11356
1.11407
1.11459
1.11513
1.11567
1.11621
1.11676
1.11732
1.11788
1.11845
1.11902
1.11959
1.12016
1.12073
1.1213
1.12187
1.12244
1.12301
1.12357
1.12412
1.12468
1.12522
1.12576
1.12629
1.12681
1.12733
1.12783
1.12832
1.1288
1.12927
1.12973
1.13017
1.1306
1.13101
1.1314
1.13178
1.13214
1.13249
1.13281
1.13312
1.13342
1.13369
1.13395
1.13419
1.13441
1.13461
1.1348
1.13498
1.13514
1.13529
1.13542
1.13554
1.13566
1.13576
1.13586
1.13596
1.13605
1.13614
1.13623
1.13632
1.13642
1.13653
1.13664
1.13677
1.13691
1.13707
1.13725
1.13745
1.13767
1.13791
1.13819
1.13849
1.13881
1.13918
1.13957
1.14
1.14046
1.14095
1.14149
1.14206
1.14266
1.1433
1.14398
1.1447
1.14544
1.14623
1.14704
1.14789
1.14877
1.14968
1.15061
1.15157
1.15255
1.15356
1.15458
1.15562
1.15668
1.15774
1.15882
1.1599
1.16099
1.16208
1.16316
1.16425
1.16532
1.16639
1.16745
1.16849
1.16952
1.17053
1.17152
1.17248
1.17342
1.17434
1.17522
1.17608
1.1769
1.17769
1.17844
1.17916
1.17984
1.18048
1.18107
1.18162
1.18213
1.1826
1.18302
1.18339
1.18371
1.18398
1.18421
1.18438
1.18451
1.18458
1.1846
1.18456
1.18447
1.18433
1.18414
1.18389
1.18358
1.18322
1.18281
1.18233
1.18181
1.18122
1.18058
1.17989
1.17913
1.17833
1.17746
1.17655
1.17557
1.17454
1.17346
1.17233
1.17114
1.16989
1.1686
1.16725
1.16586
1.16442
1.16293
1.16139
1.15981
1.15818
1.15651
1.1548
1.15305
1.15126
1.14944
1.14758
1.14569
1.14377
1.14182
1.13985
1.13785
1.13583
1.13379
1.13174
1.12967
1.12758
1.12549
1.12339
1.12129
1.11918
1.11707
1.11497
1.11287
1.11078
1.1087
1.10664
1.10459
1.10256
1.10055
1.09856
1.09659
1.09466
1.09276
1.09089
1.08905
1.08725
1.0855
1.08378
1.0821
1.08047
1.07888
1.07734
1.06479
1.05775
1.05582
1.05777
1.06196
1.06688
1.07158
1.07603
1.08104
1.08777
1.09709
1.1092
1.12362
1.13932
1.15488
1.16877
1.17961
1.18642
1.18887
1.18735
1.18287
1.17689
1.17078
1.16537
1.16084
1.15693
1.15335
1.15002
1.14718
1.14512
1.14393
1.14343
1.14333
1.14343
1.14339
1.14244
1.1393
1.13289
1.1234
1.11278
1.104
1.09946
1.09968
1.10336
1.10848
1.11322
1.11622
1.1166
1.11401
1.10896
1.10271
1.09678
1.09233
1.09009
1.0906
1.09465
1.10311
1.11652
1.13471
1.15659
1.18025
1.20337
1.22345
1.23822
1.24586
1.24518
1.2358
1.21835
1.19461
1.16737
1.14017
1.1166
1.09934
1.08934
1.08581
1.08667
1.08945
1.09191
1.09248
1.09046
1.08597
1.07985
1.07327
1.06745
1.0633
1.06135
1.06169
1.06407
1.06802
1.07303
1.07878
1.0853
1.093
1.10226
1.11288
1.12375
1.13319
1.1397
1.14249
1.14168
1.13808
1.13297
1.1277
1.1233
1.12027
1.11866
1.11829
1.11918
1.12167
1.12625
1.13324
1.1426
1.15365
1.16512
1.17531
1.18242
1.18495
1.18204
1.17356
1.1602
1.14335
1.12512
1.10798
1.09445
1.08633
1.08411
1.08674
1.092
1.09751
1.10153
1.10354
1.10416
1.10478
1.10692
1.11175
1.11978
1.1306
1.14273
1.15398
1.16227
1.1665
1.16696
1.16493
1.16209
1.16003
1.16006
1.16314
1.16972
1.17918
1.18967
1.19855
1.20349
1.20335
1.19871
1.19164
1.18503
1.18131
1.18112
1.18251
1.18147
1.17399
1.15809
1.13537
1.11133
1.09364
1.08799
1.09426
1.107
1.11941
1.1267
1.12709
1.12116
1.11077
1.09839
1.08657
1.07753
1.07249
1.07107
1.07157
1.07206
1.07145
1.06985
1.06827
1.06788
1.06952
1.07336
1.07902
1.08564
1.09214
1.09757
1.10182
1.10581
1.11082
1.11753
1.1254
1.13294
1.13836
1.14033
1.1384
1.13305
1.12542
1.11693
1.10903
1.10294
1.09923
1.09752
1.09664
1.09529
1.09276
1.08936
1.08634
1.08522
1.08702
1.09161
1.09781
1.10405
1.10903
1.11239
1.11465
1.11666
1.11871
1.1203
1.12092
1.12081
1.1209
1.12194
1.12357
1.12418
1.12164
1.11438
1.10235
1.08727
1.07218
1.06051
1.05506
1.05703
1.06569
1.07882
1.09368
1.10775
1.11929
1.12731
1.13151
1.13212
1.12983
1.12572
1.1213
1.11846
1.11899
1.12386
1.13266
1.14366
1.15461
1.16347
1.1689
1.17022
1.16723
1.15998
1.14888
1.13494
1.11987
1.10565
1.09346
1.08311
1.07353
1.06436
1.0572
1.05516
1.06089
1.07441
1.09289
1.11216
1.12865
1.14037
1.14686
1.14871
1.14709
1.14336
1.13856
1.13317
1.12717
1.12053
1.11349
1.10672
1.10088
1.09613
1.09197
1.08766
1.08276
1.07748
1.07267
1.06958
1.06961
1.07369
1.0813
1.0904
1.09838
1.10319
1.10383
1.10044
1.09398
1.08577
1.07701
1.06864
1.06134
1.05572
1.05231
1.05131
1.05251
1.05541
1.05941
1.06396
1.0685
1.07238
1.07488
1.07532
1.07337
1.06931
1.06425
1.0599
1.05804
1.05978
1.06519
1.07366
1.08458
1.09773
1.11284
1.12887
1.14402
1.15631
1.16442
1.16809
1.16794
1.16498
1.16019
1.15436
1.14827
1.14279
1.13885
1.1371
1.13754
1.13953
1.14211
1.14438
1.14563
1.14521
1.1424
1.13636
1.12642
1.11252
1.09562
1.07774
1.06152
1.04939
1.04261
1.04084
1.04262
1.0463
1.05084
1.05586
1.06135
1.06717
1.07284
1.07766
1.08086
1.08198
1.08105
1.07858
1.07534
1.07184
1.06804
1.0634
1.05728
1.04972
1.04183
1.03552
1.0326
1.03386
1.03908
1.04751
1.05821
1.07016
1.08228
1.09351
1.1029
1.10946
1.11202
1.10934
1.10071
1.08657
1.06877
1.05038
1.0349
1.02452
1.0191
1.01675
1.01527
1.01274
1.00793
1.00095
0.994137
0.991843
0.997979
1.01305
1.03378
1.05542
1.07409
1.08745
1.09445
1.09487
1.08902
1.07739
1.0606
1.03961
1.01628
0.993692
0.975482
0.964386
0.961212
0.965308
0.975698
0.991612
1.01235
1.03693
1.06393
1.09135
1.11681
1.13787
1.15243
1.15907
1.15732
1.14777
1.13199
1.11224
1.09102
1.07056
1.05259
1.03818
1.02776
1.02128
1.01856
1.01946
1.02379
1.03117
1.04114
1.05332
1.06761
1.08398
1.10211
1.12109
1.13952
1.15554
1.16727
1.17325
1.17282
1.16639
1.1555
1.14258
1.13037
1.12122
1.11627
1.11514
1.11638
1.11834
1.11996
1.12073
1.12026
1.11789
1.11283
1.10459
1.09307
1.07841
1.06115
1.04251
1.02487
1.0116
1.00599
1.00981
1.02259
1.04211
1.06535
1.08943
1.11192
1.131
1.14554
1.15503
1.15968
1.1603
1.15812
1.15456
1.15109
1.14906
1.14945
1.15279
1.15889
1.16692
1.17562
1.18367
1.18979
1.19303
1.19287
1.18907
1.18142
1.1695
1.15282
1.13146
1.10678
1.08183
1.06077
1.04753
1.04427
1.0505
1.06359
1.07991
1.09601
1.10942
1.11894
1.12478
1.12832
1.13146
1.13582
1.14213
1.14985
1.15729
1.1623
1.16293
1.15793
1.14679
1.12993
1.1091
1.0878
1.071
1.06308
1.06511
1.07404
1.08484
1.09354
1.09841
1.0997
1.09881
1.09759
1.09732
1.098
1.09834
1.09668
1.0921
1.08491
1.07636
1.06795
1.06083
1.05567
1.05283
1.05251
1.05464
1.05877
1.06406
1.06958
1.07456
1.07844
1.08073
1.08087
1.07833
1.07304
1.06591
1.05907
1.05548
1.05768
1.06628
1.07951
1.09422
1.10735
1.11699
1.1226
1.12475
1.12458
1.12341
1.12226
1.12143
1.12025
1.11741
1.11165
1.10252
1.09095
1.07907
1.06951
1.06447
1.06502
1.07079
1.07993
1.0894
1.09573
1.09622
1.08976
1.07701
1.05988
1.04084
1.02266
1.00844
1.00149
1.00443
1.01799
1.04041
1.06823
1.09764
1.12543
1.14928
1.16759
1.1794
1.18444
1.1832
1.17685
1.16691
1.15482
1.14163
1.12796
1.1142
1.10078
1.08845
1.07822
1.07126
1.06843
1.06998
1.0753
1.08316
1.09203
1.10054
1.10767
1.11287
1.11583
1.11635
1.11415
1.1088
1.09989
1.08741
1.07227
1.05647
1.04249
1.03188
1.02435
1.01818
1.01168
1.00459
0.998813
0.998416
1.00803
1.02938
1.05871
1.08888
1.11395
1.13178
1.14376
1.15275
1.16095
1.1688
1.1752
1.17864
1.17808
1.17339
1.16512
1.15425
1.14217
1.13081
1.12246
1.119
1.12096
1.12706
1.13465
1.14071
1.14291
1.14016
1.13275
1.12208
1.11014
1.09887
1.08961
1.0829
1.07855
1.07595
1.07421
1.0724
1.06962
1.06523
1.05894
1.05086
1.04168
1.03255
1.02488
1.01983
1.01787
1.01882
1.02215
1.02746
1.03465
1.04382
1.05499
1.06768
1.08082
1.09288
1.10233
1.1081
1.10979
1.10786
1.1033
1.09754
1.09229
1.08923
1.08938
1.09259
1.09778
1.10354
1.10852
1.11159
1.1121
1.10997
1.10594
1.10114
1.09652
1.09215
1.08746
1.08174
1.07505
1.06846
1.0637
1.06237
1.06502
1.07087
1.07815
1.08484
1.08944
1.09119
1.09009
1.08664
1.08159
1.07579
1.07005
1.06524
1.06215
1.06142
1.06324
1.0672
1.07236
1.07743
1.0814
1.08394
1.08566
1.08788
1.09199
1.09878
1.10803
1.11851
1.12837
1.13582
1.13982
1.14069
1.14004
1.13977
1.1405
1.14087
1.13845
1.13143
1.11966
1.10474
1.08939
1.07654
1.06837
1.06564
1.06769
1.07293
1.07957
1.08636
1.09288
1.09995
1.10959
1.12412
1.14413
1.1668
1.18685
1.19931
1.20143
1.19291
1.17524
1.15098
1.12317
1.0948
1.06841
1.0458
1.02833
1.01737
1.01457
1.02132
1.03795
1.06326
1.09447
1.12792
1.15984
1.18716
1.20778
1.22065
1.22542
1.22241
1.21281
1.1989
1.18397
1.17114
1.16159
1.15398
1.14602
1.13641
1.12544
1.11396
1.10234
1.09043
1.07847
1.06747
1.05886
1.05386
1.05299
1.05579
1.061
1.06682
1.07145
1.07348
1.07218
1.06768
1.06094
1.05357
1.04747
1.04424
1.04478
1.0491
1.05631
1.06484
1.07269
1.07777
1.07845
1.07418
1.06581
1.05547
1.04581
1.03882
1.03523
1.03473
1.03657
1.04006
1.04461
1.04946
1.05338
1.05485
1.05246
1.04567
1.03554
1.02521
1.01902
1.02033
1.02939
1.04322
1.05772
1.06977
1.07824
1.08355
1.08682
1.08913
1.09123
1.09349
1.09603
1.0989
1.10213
1.10573
1.10972
1.11412
1.11886
1.12366
1.1278
1.1301
1.1293
1.12461
1.11633
1.10607
1.09633
1.08923
1.08554
1.08447
1.08437
1.08364
1.08124
1.07682
1.07067
1.06343
1.05579
1.04819
1.04076
1.03356
1.02697
1.02197
1.02004
1.02253
1.02983
1.04093
1.05394
1.06706
1.07936
1.09089
1.10208
1.11299
1.12287
1.13024
1.13343
1.13132
1.12381
1.11206
1.09829
1.08524
1.07533
1.06989
1.06886
1.07098
1.07435
1.07692
1.07692
1.07326
1.06595
1.05631
1.0467
1.03983
1.03804
1.04283
1.05465
1.07295
1.09613
1.12177
1.14707
1.16944
1.18703
1.19887
1.20478
1.20496
1.19965
1.18908
1.17382
1.15528
1.13619
1.12045
1.11204
1.11337
1.1242
1.14208
1.16361
1.18521
1.20356
1.21587
1.22014
1.21545
1.20212
1.18164
1.15663
1.13054
1.1071
1.08953
1.07988
1.07869
1.08499
1.09663
1.11063
1.12374
1.13305
1.13706
1.13665
1.13514
1.13629
1.14145
1.14879
1.15527
1.15879
1.15887
1.15617
1.15195
1.14755
1.14419
1.14257
1.14252
1.14292
1.14216
1.13883
1.13248
1.1238
1.11415
1.10475
1.09596
1.08731
1.07826
1.06884
1.06013
1.05393
1.05215
1.05587
1.06485
1.07752
1.09137
1.10351
1.11146
