1.09998
1.09991
1.0998
1.09966
1.09949
1.09928
1.09903
1.09874
1.09842
1.09806
1.09767
1.09724
1.09677
1.09626
1.09572
1.09514
1.09452
1.09386
1.09317
1.09244
1.09167
1.09086
1.09002
1.08913
1.08821
1.08725
1.08625
1.08521
1.08414
1.08302
1.08186
1.08066
1.07942
1.07815
1.07683
1.07547
1.07407
1.07262
1.07114
1.06961
1.06804
1.06643
1.06478
1.06308
1.06134
1.05956
1.05773
1.05586
1.05395
1.05199
1.04998
1.04794
1.04584
1.0437
1.04152
1.03929
1.03701
1.03469
1.03232
1.0299
1.02744
1.02493
1.02237
1.01977
1.01711
1.01441
1.01166
1.00886
1.00602
1.00312
1.00018
0.997188
0.994148
0.991059
0.987922
0.984737
0.981503
0.97822
0.97489
0.97151
0.968083
0.964608
0.961085
0.957514
0.953897
0.950234
0.946524
0.942768
0.938967
0.935121
0.93123
0.927296
0.923319
0.9193
0.915238
0.911135
0.906992
0.902809
0.898589
0.894332
0.890038
0.885711
0.881349
0.876954
0.872529
0.868074
0.86359
0.85908
0.854546
0.849988
0.845408
0.840809
0.836193
0.831561
0.826915
0.822259
0.817595
0.812924
0.808249
0.803572
0.798898
0.794227
0.789564
0.784911
0.780271
0.775646
0.77104
0.766456
0.761897
0.757365
0.752864
0.748398
0.743969
0.739582
0.735238
0.730941
0.726694
0.722502
0.718366
0.714291
0.710279
0.706333
0.702456
0.69865
0.694919
0.691265
0.687691
0.684199
0.680791
0.67747
0.674237
0.671095
0.668044
0.665086
0.662223
0.659456
0.656787
0.654215
0.651741
0.649367
0.647092
0.644916
0.642839
0.640861
0.638982
0.6372
0.635516
0.633928
0.632436
0.631037
0.629731
0.628516
0.627389
0.626351
0.625398
0.62453
0.623744
0.623038
0.62241
0.621857
0.621377
0.620969
0.620629
0.620356
0.620148
0.620001
0.619912
0.619881
0.619903
0.619977
0.6201
0.620269
0.620482
0.620736
0.621029
0.621359
0.621722
0.622118
0.622543
0.622995
0.623473
0.623973
0.624494
0.625033
0.625587
0.626156
0.626737
0.627329
0.627929
0.628536
0.629148
0.629764
0.630381
0.630998
0.631614
0.632226
0.632834
0.633435
0.634029
0.634615
0.635191
0.635755
0.636308
0.636848
0.637373
0.637883
0.638378
0.638855
0.639314
0.639755
0.640177
0.640578
0.64096
0.64132
0.641659
0.641976
0.642271
0.642544
0.642794
0.643021
0.643226
0.643409
0.643569
0.643706
0.643822
0.643915
0.643987
0.644039
0.644072
0.644085
0.644079
0.644055
0.644014
0.643957
0.643885
0.6438
0.643703
0.643595
0.643477
0.64335
0.643217
0.643079
0.642938
0.642795
0.642652
0.64251
0.642372
0.642238
0.642111
0.641993
0.641885
0.641788
0.641705
0.641636
0.641585
0.641551
0.641537
0.641543
0.64157
0.64162
0.641693
0.641792
0.641917
0.642069
0.642247
0.642454
0.642688
0.642951
0.643243
0.643565
0.643916
0.644297
0.644708
0.645148
0.645617
0.646115
0.646643
0.647198
0.647782
0.648393
0.649031
0.649696
0.650386
0.651102
0.651843
0.652607
0.653393
0.654201
0.655029
0.655876
0.656742
0.657624
0.658523
0.659436
0.660362
0.661299
0.662248
0.663205
0.66417
0.665142
0.666118
0.667097
0.668078
0.669059
0.67004
0.671018
0.671992
0.672961
0.673923
0.674877
0.675822
0.676756
0.677679
0.678588
0.679483
0.680364
0.681227
0.682074
0.682902
0.683711
0.6845
0.685269
0.686017
0.686742
0.687445
0.688126
0.688782
0.689415
0.690024
0.690608
0.691167
0.691702
0.692212
0.692697
0.693156
0.693591
0.694
0.694384
0.694743
0.695078
0.695388
0.695675
0.695938
0.696178
0.696394
0.696588
0.696759
0.696908
0.697035
0.697141
0.697227
0.697292
0.697337
0.697364
0.697373
0.697363
0.697336
0.697293
0.697234
0.697159
0.697069
0.696966
0.69685
0.696721
0.696581
0.696429
0.696268
0.696096
0.695915
0.695727
0.69553
0.695326
0.695116
0.6949
0.694679
0.694453
0.694223
0.69399
0.693754
0.693516
0.693277
0.693037
0.692798
0.692559
0.692322
0.692087
0.691855
0.691626
0.691403
0.691184
0.690971
0.690765
0.690566
0.690375
0.690194
0.690024
0.689864
0.689716
0.689581
0.68946
0.689354
0.689264
0.68919
0.689135
0.689099
0.689083
0.689089
0.689117
0.689169
0.689245
0.689347
0.689475
0.689632
0.689816
0.690031
0.690275
0.690551
0.690859
0.6912
0.691573
0.69198
0.692421
0.692896
0.693405
0.693948
0.694525
0.695137
0.695782
0.696461
0.697172
0.697915
0.698689
0.699494
0.700327
0.701188
0.702075
0.702987
0.703922
0.70488
0.705857
0.706854
0.707868
0.708897
0.70994
0.710993
0.712056
0.713126
0.714202
0.71528
0.71636
0.717439
0.718515
0.719585
0.720649
0.721704
0.722749
0.723781
0.724799
0.725802
0.726787
0.727754
0.7287
0.729626
0.730528
0.731407
0.73226
0.733088
0.733888
0.73466
0.735404
0.736118
0.736802
0.737455
0.738076
0.738665
0.739222
0.739746
0.740237
0.740695
0.74112
0.741511
0.741869
0.742193
0.742483
0.74274
0.742964
0.743154
0.743311
0.743435
0.743527
0.743587
0.743615
0.743611
0.743576
0.743511
0.743416
0.743291
0.743138
0.742956
0.742747
0.742512
0.74225
0.741962
0.74165
0.741314
0.740955
0.740573
0.740171
0.739747
0.739304
0.738842
0.738363
0.737866
0.737352
0.736824
0.736282
0.735727
0.73516
0.734582
0.733995
0.733399
0.732795
0.732184
0.731568
0.730948
0.730325
0.729701
0.729075
0.728451
0.727827
0.727207
0.726592
0.725981
0.725377
0.724781
0.724193
0.723616
0.723049
0.722495
0.721955
0.721428
0.720918
0.720424
0.719949
0.719491
0.719054
0.718637
0.718241
0.717867
0.717516
0.71719
0.716887
0.71661
0.716358
0.716133
0.715934
0.715764
0.715621
0.715506
0.71542
0.715362
0.715334
0.715336
0.715367
0.715427
0.715516
0.715633
0.715779
0.715952
0.716153
0.716381
0.716634
0.716914
0.717218
0.717546
0.717898
0.718272
0.718667
0.719083
0.719517
0.71997
0.720439
0.720924
0.721423
0.721934
0.722457
0.72299
0.723532
0.724081
0.724636
0.725195
0.725757
0.726322
0.726887
0.72745
0.728011
0.728567
0.729117
0.729661
0.730195
0.730719
0.731232
0.731732
0.732217
0.732687
0.73314
0.733576
0.733992
0.734388
0.734764
0.735117
0.735446
0.735752
0.736032
0.736286
0.736513
0.736712
0.736884
0.737026
0.737139
0.737222
0.737274
0.737295
0.737284
0.737242
0.737167
0.73706
0.736919
0.736745
0.736538
0.736297
0.736022
0.735712
0.735369
0.734992
0.734581
0.734136
0.733657
0.733145
0.732599
0.73202
0.731408
0.730765
0.730088
0.729381
0.728642
0.727873
0.727074
0.726245
0.725387
0.724502
0.723589
0.722649
0.721684
0.720693
0.719678
0.71864
0.717579
0.716497
0.715395
0.714274
0.713134
0.711978
0.710806
0.709619
0.708419
0.707206
0.705983
0.704751
0.70351
0.702262
0.70101
0.699754
0.698495
0.697235
0.695975
0.694716
0.69346
0.692208
0.690961
0.689722
0.688491
0.687269
0.686057
0.684858
0.683671
0.682499
0.681343
0.680202
0.67908
0.677976
0.676891
0.675826
0.674782
0.673759
0.672758
0.67178
0.670824
0.669892
0.668984
0.6681
0.66724
0.666404
0.665592
0.664805
0.664041
0.663302
0.662586
0.661895
0.661226
0.660581
0.659958
0.659357
0.658777
0.658218
0.657679
0.657159
0.656658
0.656175
0.65571
0.655261
0.654829
0.654412
0.65401
0.653621
0.653246
0.652882
0.652531
0.65219
0.65186
0.651539
0.651227
0.650923
0.650627
0.650338
0.650055
0.649778
0.649507
0.649241
0.64898
0.648723
0.64847
0.64822
0.647974
0.64773
0.64749
0.647253
0.647019
0.646788
0.64656
0.646334
0.646112
0.645892
0.645675
0.645462
0.645252
0.645045
0.644843
0.644645
0.644451
0.644263
0.644079
0.643901
0.643729
0.643564
0.643407
0.643257
0.643115
0.642982
0.642859
0.642745
0.642642
0.64255
0.642469
0.642399
0.642342
0.642298
0.642267
0.642249
0.642246
0.642258
0.642284
0.642326
0.642384
0.642457
0.642547
0.642654
0.642778
0.642919
0.643078
0.643254
0.643448
0.64366
0.643889
0.644137
0.644402
0.644686
0.644987
0.645306
0.645643
0.645997
0.646367
0.646754
0.647158
0.647577
0.648012
0.648461
0.648926
0.649404
0.649896
0.650401
0.650918
0.651448
0.651988
0.65254
0.653102
0.653673
0.654253
0.654841
0.655436
0.656038
0.656646
0.657261
0.657881
0.658506
0.659135
0.659766
0.6604
0.661035
0.661671
0.662308
0.662944
0.66358
0.664214
0.664847
0.665478
0.666106
0.66673
0.66735
0.667966
0.668578
0.669184
0.669784
0.670379
0.670968
0.67155
0.672126
0.672695
0.673257
0.673811
0.674358
0.674898
0.675429
0.675952
0.676467
0.676974
0.677473
0.677963
0.678445
0.678918
0.679384
0.67984
0.680289
0.680729
0.68116
0.681583
0.681998
0.682404
0.682802
0.683192
0.683574
0.683947
0.684312
0.684669
0.685019
0.685361
0.685695
0.686021
0.68634
0.686651
0.686956
0.687253
0.687542
0.687824
0.688099
0.688366
0.688626
0.688878
0.689123
0.68936
0.689589
0.68981
0.690024
0.690228
0.690425
0.690612
0.69079
0.690959
0.691118
0.691267
0.691405
0.691533
0.691649
0.691754
0.691847
0.691929
0.691997
0.692053
0.692096
0.692124
0.692139
0.692138
0.692123
0.692091
0.692045
0.691981
0.691901
0.691805
0.69169
0.691558
0.691407
0.691237
0.691049
0.690841
0.690615
0.690369
0.690103
0.689817
0.689511
0.689184
0.688837
0.68847
0.688082
0.687673
0.687244
0.686795
0.686325
0.685836
0.685326
0.684796
0.684247
0.683678
0.68309
0.682483
0.681858
0.681214
0.680552
0.679873
0.679178
0.678466
0.677738
0.676994
0.676235
0.675462
0.674674
0.673873
0.673059
0.672233
0.671396
0.670547
0.669688
0.66882
0.667942
0.667057
0.666164
0.665265
0.664359
0.663448
0.662531
0.661611
0.660688
0.659762
0.658834
0.657906
0.656977
0.656048
0.655121
0.654195
0.653272
0.652353
0.651437
0.650526
0.64962
0.648721
0.647828
0.646944
0.646068
0.645201
0.644344
0.643497
0.642662
0.641837
0.641024
0.640224
0.639438
0.638665
0.637906
0.637161
0.636432
0.635719
0.635021
0.63434
0.633675
0.633027
0.632397
0.631784
0.631189
0.630612
0.630053
0.629513
0.628992
0.62849
0.628006
0.627542
0.627096
0.626669
0.626261
0.625872
0.625502
0.625151
0.624819
0.624505
0.62421
0.623932
0.623673
0.623431
0.623208
0.623001
0.622812
0.62264
0.622485
0.622346
0.622223
0.622116
0.622024
0.621948
0.621886
0.621838
0.621803
0.621782
0.621774
0.621779
0.621796
0.621825
0.621865
0.621916
0.621978
0.622051
0.622134
0.622226
0.622328
0.62244
0.62256
0.622688
0.622825
0.62297
0.623122
0.623282
0.623449
0.623623
0.623803
0.623989
0.624182
0.624381
0.624585
0.624796
0.625012
0.625233
0.625459
0.62569
0.625926
0.626166
0.626411
0.62666
0.626914
0.627171
0.627432
0.627697
0.627965
0.628237
0.628513
0.628792
0.629074
0.62936
0.629649
0.629941
0.630236
0.630534
0.630834
0.631137
0.631443
0.631751
0.632062
0.632374
0.632689
0.633006
0.633324
0.633645
0.633966
0.63429
0.634614
0.63494
0.635267
0.635595
0.635923
0.636252
0.63658
0.636909
0.637237
0.637565
0.637893
0.638219
0.638544
0.638868
0.63919
0.63951
0.639827
0.640143
0.640455
0.640764
0.64107
0.641372
0.641669
0.641963
0.642251
0.642535
0.642813
0.643085
0.643351
0.643612
0.643865
0.644112
0.644353
0.644586
0.644811
0.645029
0.645238
0.64544
0.645632
0.645815
0.645989
0.646153
0.646307
0.646451
0.646585
0.646708
0.646821
0.646923
0.647014
0.647095
0.647164
0.647223
0.64727
0.647307
0.647333
0.647348
0.647352
0.647345
0.647328
0.6473
0.647261
0.647213
0.647155
0.647086
0.647008
0.646921
0.646824
0.646719
0.646605
0.646482
0.646352
0.646214
0.646069
0.645917
0.645759
0.645595
0.645425
0.64525
0.645071
0.644887
0.644699
0.644508
0.644313
0.644116
0.643917
0.643717
0.643515
0.643313
0.64311
0.642908
0.642706
0.642505
0.642306
0.642108
0.641913
0.641721
0.641533
0.641348
0.641167
0.640992
0.640822
0.640657
0.640498
0.640346
0.640201
0.640063
0.639932
0.63981
0.639696
0.63959
0.639494
0.639408
0.639331
0.639265
0.639209
0.639164
0.639131
0.639109
0.639099
0.639101
0.639116
0.639143
0.639183
0.639237
0.639304
0.639385
0.63948
0.63959
0.639714
0.639854
0.640008
0.640177
0.640362
0.640561
0.640776
0.641006
0.641252
0.641513
0.641789
0.642081
0.642388
0.64271
0.643047
0.643399
0.643766
0.644148
0.644543
0.644953
0.645376
0.645814
0.646264
0.646728
0.647203
0.647691
0.648191
0.648701
0.649223
0.649756
0.650299
0.650852
0.651412
0.651981
0.652558
0.653141
0.653731
0.654326
0.654927
0.655532
0.65614
0.656753
0.657368
0.657985
0.658603
0.659222
0.659841
0.660459
0.661076
0.661692
0.662305
0.662914
0.66352
0.664122
0.664719
0.66531
0.665896
0.666475
0.667046
0.66761
0.668165
0.668711
0.669248
0.669776
0.670293
0.6708
0.671296
0.671781
0.672254
0.672716
0.673164
0.6736
0.674023
0.674433
0.67483
0.675212
0.675581
0.675935
0.676275
0.6766
0.676909
0.677204
0.677483
0.677746
0.677994
0.678226
0.678443
0.678643
0.678827
0.678995
0.679146
0.679281
0.679399
0.6795
0.679586
0.679654
0.679706
0.679741
0.67976
0.679762
0.679748
0.679717
0.679669
0.679605
0.679525
0.679428
0.679315
0.679185
0.679039
0.678877
0.678699
0.678505
0.678296
0.678071
0.677831
0.677576
0.677305
0.67702
0.676719
0.676403
0.676074
0.67573
0.675373
0.675002
0.674618
0.67422
0.673809
0.673385
0.672949
0.672501
0.67204
0.671568
0.671085
0.670592
0.670087
0.669572
0.669047
0.668512
0.667968
0.667414
0.666851
0.666279
0.6657
0.665112
0.664517
0.663914
0.663304
0.662687
0.662064
0.661435
0.6608
0.660159
0.659513
0.658862
0.658206
0.657546
0.656882
0.656214
0.655542
0.654867
0.654189
0.653508
0.652825
0.65214
0.651453
0.650764
0.650074
0.649383
0.64869
0.647996
0.647301
0.646606
0.645911
0.645215
0.644519
0.643824
0.643129
0.642434
0.64174
0.641047
0.640355
0.639665
0.638976
0.638288
0.637602
0.636918
0.636237
0.635557
0.634881
0.634207
0.633537
0.63287
0.632206
0.631547
0.630891
0.63024
0.629594
0.628953
0.628317
0.627687
0.627062
0.626444
0.625833
0.625228
0.624631
0.624041
0.623459
0.622885
0.62232
0.621765
0.621219
0.620683
0.620157
0.619642
0.619138
0.618645
0.618164
0.617696
0.617241
0.6168
0.616373
0.61596
0.615563
0.615181
0.614815
0.614466
0.614134
0.613819
0.613523
0.613244
0.612985
0.612744
0.612524
0.612323
0.612143
0.611984
0.611846
0.61173
0.611636
0.611565
0.611515
0.611488
0.611485
0.611505
0.611549
0.611616
0.611707
0.611821
0.611959
0.61212
0.612305
0.612514
0.612746
0.613
0.613278
0.613579
0.613902
0.614247
0.614614
0.615003
0.615413
0.615843
0.616294
0.616765
0.617255
0.617764
0.618292
0.618837
0.6194
0.619979
0.620574
0.621185
0.62181
0.622449
0.623101
0.623767
0.624444
0.625133
0.625832
0.626541
0.62726
0.627988
0.628724
0.629468
0.630218
0.630975
0.631737
0.632504
0.633276
0.634052
0.634832
0.635614
0.6364
0.637187
0.637977
0.638768
0.639559
0.640352
0.641145
0.641938
0.642732
0.643526
0.644319
0.645112
0.645905
0.646697
0.647488
0.648278
0.649067
0.649855
0.650641
0.651427
0.652212
0.652996
0.653779
0.654563
0.655346
0.656129
0.656912
0.657695
0.658478
0.659261
0.660045
0.660829
0.661614
0.6624
0.663187
0.663976
0.664766
0.665558
0.666352
0.667148
0.667946
0.668746
0.669548
0.670354
0.671162
0.671973
0.672787
0.673604
0.674425
0.675248
0.676074
0.676904
0.677738
0.678574
0.679414
0.680257
0.681103
0.681952
0.682804
0.683659
0.684516
0.685376
0.686238
0.687101
0.687967
0.688833
0.689701
0.690569
0.691438
0.692307
0.693177
0.694045
0.694913
0.69578
0.696645
0.697509
0.69837
0.699229
0.700085
0.700937
0.701785
0.702628
0.703467
0.704299
0.705126
0.705945
0.706758
0.707563
0.708359
0.709146
0.709924
0.710691
0.711448
0.712193
0.712927
0.713648
0.714356
0.715051
0.715732
0.716398
0.71705
0.717686
0.718306
0.718909
0.719495
0.720063
0.720613
0.721143
0.721655
0.722146
0.722617
0.723068
0.723497
0.723904
0.72429
0.724652
0.724992
0.725309
0.725601
0.72587
0.726114
0.726334
0.726529
0.7267
0.726845
0.726965
0.72706
0.727129
0.727172
0.72719
0.727183
0.72715
0.727091
0.727007
0.726898
0.726763
0.726602
0.726418
0.726208
0.725974
0.725716
0.725435
0.72513
0.724802
0.724452
0.72408
0.723687
0.723274
0.722841
0.722388
0.721916
0.721427
0.720921
0.720399
0.719861
0.719308
0.718742
0.718164
0.717573
0.716972
0.71636
0.715739
0.715109
0.714473
0.713831
0.713183
0.712532
0.711877
0.711221
0.710563
0.709906
0.70925
0.708596
0.707946
0.7073
0.706659
0.706024
0.705396
0.704776
0.704164
0.703562
0.702971
0.702391
0.701824
0.701269
0.700729
0.700203
0.699692
0.699196
0.698718
0.698256
0.697812
0.697385
0.696977
0.696587
0.696216
0.695864
0.695532
0.695219
0.694926
0.694652
0.694398
0.694164
0.69395
0.693756
0.693581
0.693426
0.693291
0.693174
0.693075
0.692995
0.692933
0.692888
0.69286
0.692849
0.692854
0.692874
0.692909
0.692958
0.69302
0.693095
0.693181
0.693277
0.693384
0.693501
0.693625
0.693758
0.693898
0.694043
0.694193
0.694346
0.694503
0.694663
0.694823
0.694985
0.695145
0.695304
0.695461
0.695615
0.695764
0.695909
0.696047
0.696179
0.696304
0.69642
0.696527
0.696625
0.696712
0.696787
0.69685
0.6969
0.696937
0.696961
0.696969
0.696963
0.696942
0.696904
0.696851
0.696781
0.696694
0.696589
0.696467
0.696328
0.69617
0.695993
0.695798
0.695584
0.695352
0.6951
0.69483
0.694541
0.694234
0.693907
0.693561
0.693197
0.692814
0.692412
0.691993
0.691555
0.691099
0.690626
0.690135
0.689628
0.689103
0.688563
0.688006
0.687434
0.686846
0.686243
0.685624
0.684991
0.684344
0.683683
0.683008
0.682321
0.681621
0.680908
0.680184
0.679448
0.678702
0.677945
0.677178
0.676401
0.675616
0.674821
0.674019
0.673209
0.672391
0.671567
0.670737
0.669901
0.669061
0.668215
0.667365
0.666512
0.665655
0.664795
0.663934
0.663072
0.662209
0.661346
0.660483
0.659622
0.658761
0.657902
0.657046
0.656193
0.655343
0.654497
0.653656
0.652821
0.651991
0.651168
0.650353
0.649545
0.648745
0.647954
0.647172
0.6464
0.645638
0.644886
0.644145
0.643416
0.642698
0.641993
0.641301
0.640622
0.639957
0.639306
0.638669
0.638047
0.637439
0.636847
0.636271
0.635709
0.635164
0.634635
0.634122
0.633625
0.633145
0.632682
0.632236
0.631807
0.631395
0.631001
0.630623
0.630264
0.629921
0.629597
0.62929
0.629002
0.628731
0.62848
0.628246
0.62803
0.627833
0.627654
0.627493
0.627352
0.627229
0.627126
0.627042
0.626977
0.626932
0.626907
0.626901
0.626916
0.626951
0.627006
0.627082
0.627179
0.627296
0.627434
0.627592
0.627771
0.62797
0.62819
0.628431
0.628691
0.628972
0.629273
0.629594
0.629935
0.630296
0.630676
0.631075
0.631493
0.631929
0.632384
0.632856
0.633346
0.633853
0.634377
0.634916
0.63547
0.636038
0.636621
0.637217
0.637825
0.638445
0.639076
0.639717
0.640368
0.641028
0.641695
0.642369
0.64305
0.643736
0.644427
0.645122
0.64582
0.646521
0.647223
0.647926
0.648629
0.649331
0.650032
0.650731
0.651426
0.652118
0.652805
0.653487
0.654163
0.654833
0.655495
0.656149
0.656794
0.657431
0.658058
0.658675
0.659281
0.659876
0.660459
0.661031
0.66159
0.662136
0.662669
0.663188
0.663694
0.664185
0.664662
0.665124
0.665572
0.666004
0.666421
0.666822
0.667208
0.667578
0.667933
0.668271
0.668593
0.668899
0.669189
0.669463
0.669722
0.669965
0.670192
0.670403
0.670599
0.670778
0.670943
0.671092
0.671226
0.671345
0.671449
0.671539
0.671615
0.671677
0.671725
0.67176
0.671781
0.671789
0.671784
0.671767
0.671738
0.671697
0.671644
0.671581
0.671507
0.671424
0.67133
0.671228
0.671116
0.670996
0.670867
0.670732
0.670589
0.67044
0.670285
0.670125
0.669959
0.669788
0.669614
0.669435
0.669254
0.66907
0.668884
0.668698
0.66851
0.668321
0.668132
0.667943
0.667756
0.667569
0.667384
0.667202
0.667022
0.666844
0.66667
0.6665
0.666334
0.666173
0.666016
0.665864
0.665716
0.665574
0.665437
0.665306
0.66518
0.66506
0.664947
0.664839
0.664738
0.664644
0.664556
0.664474
0.664399
0.664331
0.664269
0.664213
0.664164
0.66412
0.664082
0.66405
0.664023
0.664001
0.663985
0.663973
0.663966
0.663963
0.663965
0.663971
0.663981
0.663994
0.664011
0.664031
0.664054
0.664079
0.664108
0.664138
0.66417
0.664203
0.664237
0.664271
0.664307
0.664342
0.664377
0.664411
0.664445
0.664478
0.664509
0.66454
0.664568
0.664594
0.664618
0.664639
0.664657
0.664672
0.664684
0.664693
0.664698
0.664699
0.664696
0.664689
0.664676
0.664659
0.664637
0.66461
0.664577
0.66454
0.664498
0.664451
0.664398
0.664339
0.664274
0.664204
0.664128
0.664046
0.663958
0.663865
0.663768
0.663665
0.663557
0.663445
0.663327
0.663206
0.663081
0.662952
0.662819
0.662683
0.662545
0.662405
0.662263
0.66212
0.661976
0.661832
0.661688
0.661545
0.661403
0.661265
0.661129
0.660997
0.660869
0.660747
0.66063
0.66052
0.660418
0.660324
0.660238
0.660162
0.660096
0.660042
0.659999
0.659968
0.659951
0.659947
0.659958
0.659983
0.660023
0.660079
0.660151
0.660239
0.660343
0.660464
0.660602
0.660758
0.660931
0.661121
0.661328
0.661552
0.661792
0.662048
0.662321
0.662609
0.662912
0.663229
0.663561
0.663905
0.664263
0.664633
0.665014
0.665406
0.665808
0.66622
0.66664
0.667067
0.667501
0.667942
0.668387
0.668838
0.669292
0.669749
0.670209
0.67067
0.671133
0.671596
0.672059
0.672521
0.672981
0.673439
0.673895
0.674347
0.674796
0.675241
0.675681
0.676117
0.676547
0.676972
0.677392
0.677807
0.678217
0.67862
0.679018
0.679409
0.679795
0.680174
0.680548
0.680916
0.681278
0.681634
0.681985
0.68233
0.682671
0.683006
0.683337
0.683663
0.683985
0.684302
0.684615
0.684924
0.685229
0.685531
0.68583
0.686126
0.686419
0.686709
0.686997
0.687283
0.687566
0.687847
0.688127
0.688404
0.68868
0.688954
0.689227
0.689499
0.689769
0.690039
0.690307
0.690574
0.69084
0.691105
0.691368
0.691631
0.691893
0.692153
0.692412
0.69267
0.692927
0.693182
0.693436
0.693688
0.693938
0.694187
0.694434
0.694679
0.694923
0.695165
0.695405
0.695642
0.695876
0.696108
0.696337
0.696564
0.696788
0.697008
0.697226
0.69744
0.69765
0.697857
0.698059
0.698258
0.698454
0.698646
0.698834
0.699018
0.699198
0.699373
0.699544
0.699709
0.69987
0.700025
0.700174
0.700319
0.700458
0.700592
0.700721
0.700844
0.700961
0.701073
0.701179
0.701279
0.701373
0.701461
0.701544
0.701621
0.701692
0.701757
0.701817
0.70187
0.701919
0.701962
0.701999
0.702032
0.702059
0.702082
0.7021
0.702113
0.702122
0.702127
0.702127
0.702122
0.702114
0.702103
0.702089
0.702071
0.70205
0.702027
0.702001
0.701974
0.701945
0.701914
0.701883
0.70185
0.701817
0.701784
0.701752
0.701721
0.70169
0.701662
0.701636
0.701612
0.70159
0.701572
0.701557
0.701546
0.70154
0.701538
0.701541
0.70155
0.701565
0.701587
0.701615
0.701651
0.701695
0.701747
0.701807
0.701877
0.701956
0.702045
0.702145
0.702255
0.702376
0.702509
0.702654
0.702811
0.70298
0.703162
0.703357
0.703566
0.703789
0.704025
0.704277
0.704543
0.704825
0.705121
0.705433
0.705761
0.706104
0.706463
0.706837
0.707228
0.707635
0.708057
0.708496
0.708951
0.709422
0.709909
0.710412
0.710931
0.711466
0.712016
0.712582
0.713163
0.713759
0.71437
0.714996
0.715636
0.71629
0.716957
0.717637
0.71833
0.719035
0.719752
0.72048
0.721218
0.721967
0.722724
0.723491
0.724266
0.725048
0.725836
0.726631
0.727431
0.728235
0.729044
0.729855
0.73067
0.731486
0.732302
0.733119
0.733935
0.73475
0.735562
0.736372
0.737177
0.737977
0.738771
0.739559
0.740339
0.741111
0.741875
0.742628
0.743371
0.744102
0.744822
0.74553
0.746223
0.746902
0.747566
0.748214
0.748846
0.749461
0.750058
0.750636
0.751195
0.751735
0.752254
0.752752
0.753229
0.753684
0.754117
0.754526
0.754912
0.755275
0.755613
0.755926
0.756214
0.756476
0.756713
0.756925
0.75711
0.75727
0.757403
0.757509
0.757589
0.757643
0.757671
0.757673
0.757648
0.757598
0.757521
0.757419
0.757292
0.757139
0.756962
0.75676
0.756534
0.756285
0.756012
0.755718
0.755401
0.755062
0.754703
0.754324
0.753926
0.753509
0.753075
0.752624
0.752157
0.751676
0.75118
0.750671
0.750149
0.749615
0.749072
0.748518
0.747957
0.747389
0.746814
0.746234
0.74565
0.745063
0.744473
0.743882
0.743291
0.742701
0.742112
0.741527
0.740945
0.740369
0.739797
0.739232
0.738674
0.738124
0.737583
0.737051
0.73653
0.736019
0.73552
0.735033
0.734559
0.734099
0.733652
0.733221
0.732804
0.732402
0.732016
0.731645
0.73129
0.730952
0.730629
0.730324
0.730035
0.729763
0.729508
0.729269
0.729047
0.728842
0.728654
0.728483
0.728328
0.72819
0.728069
0.727963
0.727874
0.7278
0.727743
0.727701
0.727674
0.727662
0.727665
0.727682
0.727714
0.72776
0.727821
0.727895
0.727984
0.728086
0.728202
0.728332
0.728475
0.728631
0.728801
0.728984
0.72918
0.729389
0.729612
0.729848
0.730098
0.730362
0.730641
0.730934
0.731241
0.731562
0.731899
0.732251
0.73262
0.733004
0.733404
0.733821
0.734255
0.734705
0.735174
0.73566
0.736165
0.736688
0.73723
0.737792
0.738373
0.738975
0.739597
0.74024
0.740904
0.74159
0.742297
0.743027
0.743778
0.744552
0.745348
0.746166
0.747007
0.74787
0.748756
0.749664
0.750593
0.751544
0.752516
0.753509
0.754522
0.755555
0.756608
0.75768
0.75877
0.759877
0.761001
0.762142
0.763298
0.764467
0.765651
0.766846
0.768052
0.769268
0.770494
0.771728
0.772968
0.774213
0.775463
0.776715
0.777969
0.779223
0.780475
0.781725
0.782972
0.784213
0.785448
0.786674
0.78789
0.789095
0.790288
0.791467
0.792631
0.793779
0.794909
0.79602
0.79711
0.798178
0.799223
0.800243
0.801237
0.802205
0.803144
0.804053
0.804932
0.80578
0.806595
0.807377
0.808124
0.808835
0.809509
0.810147
0.810745
0.811305
0.811824
0.812304
0.812741
0.813137
0.813491
0.8138
0.814067
0.814288
0.814465
0.814597
0.814684
0.814726
0.814722
0.814672
0.814576
0.814433
0.814245
0.81401
0.813728
0.8134
0.813026
0.812606
0.812141
0.81163
0.811074
0.810473
0.809828
0.809141
0.80841
0.807637
0.806823
0.805968
0.805072
0.804138
0.803164
0.802152
0.801103
0.800018
0.798897
0.797743
0.796556
0.795337
0.794087
0.792809
0.791501
0.790167
0.788807
0.787422
0.786013
0.784583
0.783133
0.781664
0.780178
0.778676
0.77716
0.775631
0.774091
0.77254
0.770981
0.769416
0.767845
0.766271
0.764695
0.763117
0.761541
0.759967
0.758397
0.756833
0.755276
0.753728
0.752189
0.750662
0.749147
0.747646
0.746161
0.744692
0.743242
0.741811
0.7404
0.739011
0.737644
0.736301
0.734983
0.733691
0.732425
0.731187
0.729975
0.728793
0.727639
0.726516
0.725422
0.724359
0.723327
0.722326
0.721357
0.720419
0.719513
0.718639
0.717797
0.716986
0.716207
0.71546
0.714744
0.714059
0.713404
0.71278
0.712186
0.711622
0.711087
0.710581
0.710103
0.709652
0.709228
0.70883
0.708458
0.70811
0.707787
0.707488
0.707212
0.706957
0.706724
0.706511
0.706317
0.706143
0.705987
0.705849
0.705727
0.70562
0.705529
0.705452
0.705389
0.705338
0.705299
0.705272
0.705256
0.705249
0.705251
0.705263
0.705282
0.705308
0.70534
0.705378
0.705421
0.705468
0.705519
0.705572
0.705628
0.705685
0.705744
0.705802
0.705861
0.705918
0.705973
0.706027
0.706077
0.706123
0.706166
0.706203
0.706235
0.706261
0.70628
0.706292
0.706296
0.706292
0.706278
0.706255
0.706222
0.706177
0.706122
0.706055
0.705976
0.705885
0.705781
0.705662
0.705529
0.705382
0.705218
0.705039
0.704844
0.704633
0.704405
0.70416
0.703898
0.703618
0.70332
0.703004
0.70267
0.702318
0.701947
0.701558
0.70115
0.700724
0.700281
0.699819
0.69934
0.698843
0.698329
0.697799
0.697252
0.696689
0.696111
0.695518
0.694911
0.694291
0.693658
0.693013
0.692358
0.691693
0.691018
0.690337
0.689648
0.688955
0.688257
0.687557
0.686855
0.686154
0.685453
0.684756
0.684063
0.683376
0.682697
0.682027
0.681368
0.680722
0.68009
0.679474
0.678875
0.678295
0.677736
0.677199
0.676685
0.676197
0.675736
0.675302
0.674898
0.674525
0.674183
0.673874
0.673599
0.67336
0.673156
0.672989
0.672859
0.672767
0.672713
0.672699
0.672724
0.672788
0.672892
0.673035
0.673217
0.673438
0.673697
0.673995
0.67433
0.674702
0.67511
0.675554
0.676033
0.676545
0.677091
0.677669
0.678278
0.678916
0.679583
0.680277
0.680997
0.681743
0.682512
0.683304
0.684117
0.684951
0.685803
0.686674
0.687561
0.688463
0.689379
0.690307
0.691247
0.692198
0.693157
0.694125
0.695101
0.696082
0.697069
0.69806
0.699055
0.700054
0.701054
0.702055
0.703057
0.704058
0.705058
0.706056
0.707051
0.708042
0.709031
0.710014
0.710993
0.711967
0.712935
0.713896
0.71485
0.715797
0.716737
0.717668
0.71859
0.719503
0.720407
0.721301
0.722184
0.723057
0.723918
0.724769
0.725608
0.726436
0.727251
0.728053
0.728843
0.72962
0.730383
0.731133
0.731869
0.732591
0.733298
0.733991
0.734669
0.735332
0.73598
0.736612
0.737227
0.737826
0.738409
0.738975
0.739525
0.740058
0.740573
0.741071
0.741551
0.742013
0.742457
0.742882
0.743288
0.743674
0.744042
0.744389
0.744718
0.745026
0.745314
0.745583
0.745832
0.746061
0.74627
0.746458
0.746626
0.746774
0.7469
0.747007
0.747093
0.747158
0.747203
0.747228
0.747232
0.747217
0.747181
0.747126
0.747051
0.746956
0.746842
0.746709
0.746557
0.746386
0.746197
0.745989
0.745764
0.745523
0.745264
0.744988
0.744696
0.744388
0.744065
0.743726
0.743372
0.743004
0.742622
0.742226
0.741816
0.741394
0.740959
0.740512
0.740053
0.739584
0.739104
0.738615
0.738116
0.737608
0.737092
0.736568
0.736036
0.735498
0.734954
0.734403
0.733847
0.733287
0.732722
0.732154
0.731583
0.731008
0.730432
0.729855
0.729277
0.728698
0.72812
0.727542
0.726966
0.726392
0.72582
0.725251
0.724685
0.724123
0.723566
0.723013
0.722465
0.721923
0.721387
0.720858
0.720336
0.71982
0.719313
0.718814
0.718323
0.717841
0.717368
0.716905
0.716452
0.716009
0.715576
0.715154
0.714743
0.714344
0.713955
0.713578
0.713213
0.712859
0.712516
0.712185
0.711866
0.711558
0.711262
0.710977
0.710704
0.710442
0.710192
0.709952
0.709722
0.709504
0.709295
0.709096
0.708906
0.708726
0.708554
0.70839
0.708233
0.708084
0.707942
0.707805
0.707675
0.707549
0.707429
0.707312
0.707199
0.70709
0.706983
0.706878
0.706775
0.706673
0.70657
0.706468
0.706364
0.70626
0.706155
0.706047
0.705937
0.705825
0.70571
0.70559
0.705467
0.70534
0.705209
0.705073
0.704931
0.704785
0.704633
0.704476
0.704314
0.704147
0.703974
0.703797
0.703614
0.703427
0.703235
0.70304
0.702841
0.702638
0.702432
0.702223
0.702012
0.701799
0.701585
0.701369
0.701154
0.700938
0.700724
0.700511
0.7003
0.700091
0.699885
0.699682
0.699484
0.699291
0.699103
0.698919
0.698742
0.69857
0.698405
0.698247
0.698096
0.697952
0.697815
0.697685
0.697563
0.697448
0.69734
0.69724
0.697146
0.697059
0.696978
0.696904
0.696835
0.696773
0.696716
0.696663
0.696615
0.69657
0.696527
0.696487
0.696448
0.69641
0.696373
0.696335
0.696297
0.696258
0.696217
0.696172
0.696124
0.696071
0.696014
0.695951
0.695882
0.695807
0.695724
0.695634
0.695535
0.695429
0.695313
0.695189
0.695055
0.694911
0.694758
0.694594
0.69442
0.694236
0.694041
0.693836
0.69362
0.693393
0.693156
0.692909
0.692652
0.692385
0.692107
0.691819
0.691522
0.691215
0.690898
0.690572
0.690238
0.689894
0.689542
0.689182
0.688813
0.688437
0.688054
0.687664
0.687267
0.686864
0.686455
0.68604
0.68562
0.685194
0.684765
0.68433
0.683892
0.683449
0.683004
0.682555
0.682103
0.68165
0.681193
0.680735
0.680276
0.679815
0.679352
0.678889
0.678425
0.677961
0.677496
0.677032
0.676567
0.676103
0.675639
0.675177
0.674715
0.674254
0.673794
0.673336
0.672879
0.672424
0.67197
0.671518
0.671067
0.670619
0.670172
0.669727
0.669285
0.668845
0.668407
0.667972
0.66754
0.667111
0.666684
0.66626
0.665838
0.665419
0.665003
0.66459
0.664181
0.663774
0.663371
0.662971
0.662575
0.662182
0.661793
0.661408
0.661026
0.660649
0.660275
0.659906
0.659541
0.659181
0.658826
0.658475
0.65813
0.657789
0.657453
0.657123
0.656797
0.656478
0.656164
0.655855
0.655553
0.655257
0.654968
0.654684
0.654408
0.654139
0.653876
0.653621
0.653374
0.653134
0.652901
0.652677
0.652461
0.652252
0.652052
0.651861
0.651678
0.651504
0.65134
0.651184
0.651038
0.6509
0.650773
0.650655
0.650547
0.650448
0.65036
0.650281
0.650212
0.650153
0.650104
0.650065
0.650036
0.650017
0.650008
0.650008
0.650017
0.650035
0.650062
0.650099
0.650143
0.650197
0.650258
0.650329
0.650407
0.650494
0.650587
0.650688
0.650795
0.650908
0.651027
0.651151
0.65128
0.651414
0.651552
0.651694
0.651839
0.651987
0.652137
0.652289
0.652442
0.652595
0.652749
0.652903
0.653056
0.653208
0.653357
0.653505
0.653649
0.65379
0.653926
0.654059
0.654186
0.654307
0.654423
0.654532
0.654634
0.654728
0.654814
0.654893
0.654962
0.655021
0.65507
0.655109
0.655137
0.655154
0.655159
0.655152
0.655132
0.655101
0.655057
0.655001
0.654932
0.654851
0.654757
0.65465
0.654531
0.654398
0.654253
0.654096
0.653927
0.653747
0.653554
0.653351
0.653136
0.652912
0.652678
0.652434
0.652181
0.651921
0.651653
0.651377
0.651096
0.650808
0.650516
0.650219
0.649919
0.649616
0.649312
0.649007
0.648702
0.648399
0.648098
0.6478
0.647507
0.647218
0.646936
0.646661
0.646394
0.646136
0.645888
0.64565
0.645425
0.645212
0.645013
0.644829
0.64466
0.644506
0.64437
0.644252
0.644152
0.644071
0.644011
0.64397
0.64395
0.643951
0.643974
0.644019
0.644086
0.644175
0.644287
0.644422
0.64458
0.644762
0.644967
0.645195
0.645445
0.645718
0.646012
0.646329
0.646668
0.647028
0.647409
0.647811
0.648233
0.648675
0.649135
0.649614
0.650111
0.650626
0.651157
0.651705
0.652269
0.652847
0.65344
0.654046
0.654666
0.655299
0.655943
0.6566
0.657267
0.657945
0.658632
0.659328
0.660033
0.660747
0.661468
0.662196
0.662931
0.663673
0.66442
0.665173
0.665931
0.666693
0.66746
0.668231
0.669006
0.669784
0.670566
0.671352
0.67214
0.672931
0.673725
0.674521
0.67532
0.676122
0.676925
0.677731
0.678539
0.679348
0.680159
0.680972
0.681786
0.682602
0.68342
0.68424
0.68506
0.685882
0.686705
0.687529
0.688353
0.689178
0.690003
0.690829
0.691654
0.692478
0.693302
0.694124
0.694945
0.695764
0.696581
0.697394
0.698205
0.699012
0.699814
0.700611
0.701402
0.702186
0.702964
0.703734
0.704494
0.705246
0.705987
0.706717
0.707435
0.70814
0.708832
0.709509
0.710171
0.710816
0.711444
0.712054
0.712644
0.713215
0.713764
0.714291
0.714796
0.715277
0.715733
0.716165
0.71657
0.716949
0.7173
0.717622
0.717915
0.718178
0.718412
0.718614
0.718784
0.718923
0.719029
0.719103
0.719143
0.71915
0.719124
0.719063
0.718969
0.71884
0.718676
0.718478
0.718246
0.717979
0.717678
0.717343
0.716974
0.716571
0.716135
0.715667
0.715166
0.714633
0.714068
0.713473
0.712848
0.712193
0.71151
0.710799
0.71006
0.709296
0.708506
0.707691
0.706852
0.70599
0.705107
0.704202
0.703277
0.702333
0.701372
0.700393
0.699399
0.69839
0.697367
0.696331
0.695285
0.694228
0.693162
0.692088
0.691007
0.689921
0.688829
0.687735
0.686637
0.685539
0.684439
0.683341
0.682244
0.681151
0.680061
0.678976
0.677896
0.676824
0.675759
0.674702
0.673655
0.672618
0.671592
0.670577
0.669575
0.668586
0.667611
0.66665
0.665704
0.664773
0.663858
0.66296
0.662077
0.661212
0.660364
0.659533
0.65872
0.657925
0.657147
0.656388
0.655648
0.654926
0.654222
0.653536
0.652869
0.65222
0.651589
0.650977
0.650383
0.649807
0.649249
0.648708
0.648185
0.64768
0.647191
0.64672
0.646265
0.645826
0.645403
0.644996
0.644604
0.644228
0.643866
0.64352
0.643187
0.642869
0.642564
0.642273
0.641996
0.641732
0.64148
0.641241
0.641015
0.640801
0.640599
0.64041
0.640232
0.640066
0.639912
0.639769
0.639638
0.639518
0.639409
0.639311
0.639223
0.639147
0.639081
0.639025
0.638981
0.638946
0.638922
0.638908
0.638903
0.638909
0.638925
0.63895
0.638986
0.639031
0.639085
0.639149
0.639222
0.639305
0.639396
0.639497
0.639606
0.639723
0.639849
0.639983
0.640125
0.640275
0.640433
0.640598
0.640769
0.640947
0.641131
0.641321
0.641517
0.641718
0.641925
0.642136
0.642351
0.64257
0.642793
0.643019
0.643248
0.64348
0.643715
0.643951
0.64419
0.644429
0.64467
0.644912
0.645154
0.645396
0.645637
0.645878
0.646117
0.646355
0.646592
0.646826
0.647058
0.647288
0.647514
0.647737
0.647957
0.648173
0.648386
0.648595
0.6488
0.649
0.649196
0.649387
0.649574
0.649755
0.649932
0.650103
0.65027
0.650431
0.650586
0.650737
0.650882
0.651022
0.651157
0.651286
0.65141
0.651529
0.651642
0.651751
0.651853
0.651951
0.652042
0.652129
0.652209
0.652285
0.652354
0.652418
0.652477
0.652531
0.652579
0.652622
0.652659
0.65269
0.652715
0.652734
0.652748
0.652756
0.652758
0.652754
0.652744
0.652729
0.652707
0.652679
0.652645
0.652604
0.652557
0.652504
0.652444
0.652377
0.652303
0.652221
0.652132
0.652036
0.651931
0.651819
0.651698
0.651569
0.651431
0.651285
0.65113
0.650967
0.650794
0.650613
0.650422
0.650223
0.650015
0.649797
0.649571
0.649335
0.649091
0.648837
0.648574
0.648302
0.64802
0.64773
0.64743
0.647122
0.646805
0.64648
0.646147
0.645805
0.645456
0.645099
0.644735
0.644364
0.643986
0.643602
0.643212
0.642816
0.642415
0.642009
0.641599
0.641184
0.640766
0.640344
0.639919
0.639492
0.639064
0.638633
0.638201
0.637769
0.637336
0.636903
0.636471
0.63604
0.635611
0.635184
0.63476
0.634339
0.633922
0.633508
0.633099
0.632695
0.632296
0.631904
0.631517
0.631137
0.630764
0.630397
0.630038
0.629687
0.629344
0.62901
0.628683
0.628366
0.628058
0.627758
0.627469
0.627188
0.626918
0.626656
0.626404
0.626162
0.625929
0.625706
0.625492
0.625289
0.625094
0.624909
0.624734
0.624567
0.624409
0.624259
0.624118
0.623986
0.623861
0.623745
0.623637
0.623536
0.623443
0.623357
0.623279
0.623208
0.623144
0.623086
0.623036
0.622992
0.622955
0.622925
0.6229
0.622883
0.622871
0.622865
0.622866
0.622873
0.622886
0.622906
0.622932
0.622965
0.623005
0.623051
0.623105
0.623167
0.623237
0.623315
0.623401
0.623497
0.623602
0.623716
0.623841
0.623977
0.624124
0.624283
0.624454
0.624638
0.624835
0.625047
0.625272
0.625512
0.625768
0.626039
0.626326
0.62663
0.62695
0.627288
0.627643
0.628016
0.628407
0.628816
0.629244
0.629691
0.630157
0.630643
0.631147
0.63167
0.632212
0.632773
0.633352
0.63395
0.634566
0.6352
0.635851
0.636519
0.637204
0.637905
0.638622
0.639354
0.6401
0.640859
0.641633
0.642419
0.643217
0.644026
0.644845
0.645674
0.646512
0.647357
0.64821
0.649069
0.649933
0.650802
0.651675
0.652551
0.65343
0.65431
0.655191
0.656071
0.65695
0.657828
0.658703
0.659575
0.660444
0.661307
0.662166
0.663019
0.663865
0.664705
0.665538
0.666362
0.667179
0.667986
0.668784
0.669573
0.670351
0.671119
0.671876
0.672621
0.673355
0.674077
0.674787
0.675484
0.676169
0.676841
0.677499
0.678145
0.678776
0.679394
0.679998
0.680589
0.681165
0.681727
0.682275
0.682808
0.683327
0.683831
0.684321
0.684795
0.685255
0.685699
0.686128
0.686542
0.68694
0.687323
0.68769
0.68804
0.688376
0.688695
0.688998
0.689285
0.689557
0.689812
0.690051
0.690274
0.69048
0.690669
0.690841
0.690997
0.691135
0.691256
0.69136
0.691447
0.691517
0.691569
0.691605
0.691623
0.691624
0.691609
0.691576
0.691526
0.691459
0.691376
0.691276
0.691159
0.691027
0.690879
0.690714
0.690535
0.69034
0.69013
0.689906
0.689667
0.689415
0.68915
0.688872
0.688582
0.68828
0.687967
0.687643
0.687308
0.686963
0.686609
0.686246
0.685875
0.685496
0.68511
0.684717
0.684319
0.683915
0.683506
0.683094
0.682677
0.682259
0.681838
0.681415
0.680991
0.680566
0.680142
0.679718
0.679296
0.678875
0.678456
0.67804
0.677628
0.677219
0.676814
0.676414
0.676018
0.675628
0.675244
0.674866
0.674494
0.674129
0.673772
0.673423
0.673083
0.67275
0.672426
0.672111
0.671804
0.671507
0.67122
0.670942
0.670673
0.670415
0.670166
0.669927
0.669698
0.66948
0.669272
0.669074
0.668886
0.668708
0.66854
0.668382
0.668234
0.668096
0.667969
0.667851
0.667743
0.667645
0.667556
0.667478
0.667408
0.667348
0.667297
0.667255
0.667222
0.667197
0.667182
0.667174
0.667175
0.667183
0.667199
0.667223
0.667254
0.667291
0.667336
0.667387
0.667444
0.667507
0.667577
0.667653
0.667733
0.667819
0.66791
0.668006
0.668106
0.668209
0.668317
0.668429
0.668544
0.668661
0.668782
0.668906
0.669033
0.669161
0.669292
0.669424
0.669558
0.669694
0.669831
0.66997
0.67011
0.670251
0.670393
0.670537
0.670681
0.670826
0.670972
0.671118
0.671265
0.671412
0.67156
0.671709
0.671857
0.672006
0.672156
0.672306
0.672456
0.672607
0.672759
0.672911
0.673064
0.673218
0.673373
0.67353
0.673688
0.673847
0.674007
0.674169
0.674334
0.6745
0.674669
0.674839
0.675013
0.675189
0.675368
0.675549
0.675734
0.675921
0.676112
0.676306
0.676504
0.676705
0.67691
0.677119
0.677332
0.677549
0.677771
0.677997
0.678227
0.678461
0.678701
0.678945
0.679193
0.679447
0.679706
0.679969
0.680238
0.680512
0.68079
0.681073
0.681361
0.681654
0.681952
0.682255
0.682563
0.682875
0.683193
0.683516
0.683844
0.684177
0.684514
0.684855
0.685201
0.685552
0.685907
0.686268
0.686632
0.687001
0.687375
0.687753
0.688135
0.688522
0.688914
0.689309
0.689709
0.690114
0.690524
0.690938
0.691357
0.691781
0.692209
0.692642
0.69308
0.693523
0.69397
0.694423
0.694882
0.695345
0.695814
0.696289
0.69677
0.697256
0.697749
0.698247
0.698751
0.699261
0.699776
0.700298
0.700825
0.701359
0.701898
0.702443
0.702994
0.70355
0.704112
0.70468
0.705252
0.70583
0.706412
0.706999
0.707589
0.708184
0.708782
0.709382
0.709985
0.71059
0.711197
0.711803
0.71241
0.713017
0.713623
0.714227
0.714829
0.715427
0.71602
0.716609
0.717192
0.717768
0.718336
0.718897
0.719447
0.719987
0.720515
0.721031
0.721533
0.722021
0.722494
0.722951
0.723391
0.723813
0.724216
0.7246
0.724963
0.725306
0.725627
0.725926
0.726202
0.726454
0.726681
0.726883
0.72706
0.727211
0.727336
0.727434
0.727505
0.727548
0.727564
0.727551
0.72751
0.72744
0.727342
0.727216
0.727062
0.726879
0.726669
0.72643
0.726164
0.725871
0.72555
0.725203
0.72483
0.724431
0.724008
0.723562
0.723091
0.722598
0.722082
0.721545
0.720988
0.720411
0.719816
0.719204
0.718575
0.717932
0.717276
0.716607
0.715927
0.715238
0.714542
0.713839
0.713131
0.71242
0.711707
0.710995
0.710286
0.70958
0.70888
0.708187
0.707504
0.706833
0.706174
0.705531
0.704905
0.704297
0.70371
0.703145
0.702605
0.70209
0.701603
0.701144
0.700716
0.700321
0.699958
0.69963
0.699338
0.699083
0.698866
0.698687
0.698547
0.698446
0.698386
0.698367
0.698388
0.69845
0.698553
0.698696
0.69888
0.699103
0.699365
0.699665
0.700003
0.700376
0.700786
0.70123
0.701706
0.702214
0.702752
0.703318
0.703911
0.704528
0.705169
0.705832
0.706514
0.707214
0.70793
0.70866
0.709402
0.710154
0.710915
0.711682
0.712454
0.713229
0.714004
0.714779
0.715552
0.71632
0.717083
0.717838
0.718585
0.719321
0.720044
0.720755
0.72145
0.72213
0.722792
0.723436
0.72406
0.724665
0.725248
0.725809
0.726347
0.72686
0.727349
0.727813
0.72825
0.72866
0.729042
0.729397
0.729723
0.730021
0.730291
0.730531
0.730741
0.730922
0.731073
0.731194
0.731285
0.731347
0.731379
0.731381
0.731354
0.731297
0.731211
0.731097
0.730953
0.730781
0.730581
0.730355
0.730101
0.72982
0.729513
0.729181
0.728823
0.728441
0.728035
0.727606
0.727153
0.726678
0.726181
0.725664
0.725126
0.72457
0.723994
0.7234
0.722789
0.722162
0.721519
0.720861
0.720189
0.719504
0.718805
0.718095
0.717374
0.716642
0.715901
0.715152
0.714396
0.713632
0.712863
0.712088
0.71131
0.710527
0.709742
0.708955
0.708167
0.707378
0.706589
0.705802
0.705016
0.704232
0.703451
0.702674
0.701901
0.701132
0.700369
0.699612
0.698862
0.698119
0.697383
0.696656
0.695937
0.695227
0.694527
0.693836
0.693156
0.692487
0.691828
0.691181
0.690546
0.689923
0.689311
0.688712
0.688126
0.687552
0.686991
0.686443
0.685909
0.685388
0.684882
0.684389
0.683911
0.683446
0.682996
0.682561
0.68214
0.681734
0.681342
0.680965
0.680602
0.680255
0.679923
0.679606
0.679304
0.679016
0.678743
0.678485
0.678242
0.678012
0.677798
0.677597
0.677411
0.677238
0.677079
0.676933
0.6768
0.67668
0.676573
0.676478
0.676395
0.676323
0.676264
0.676215
0.676178
0.676151
0.676134
0.676127
0.67613
0.676142
0.676163
0.676193
0.676233
0.676281
0.676339
0.676403
0.676476
0.676555
0.67664
0.676733
0.676832
0.676937
0.677049
0.677166
0.677288
0.677416
0.67755
0.677688
0.677831
0.677979
0.678131
0.678288
0.67845
0.678615
0.678784
0.678958
0.679136
0.679318
0.679503
0.679691
0.679883
0.680078
0.680275
0.680475
0.680678
0.680883
0.68109
0.681299
0.68151
0.681722
0.681936
0.68215
0.682365
0.682581
0.682797
0.683012
0.683228
0.683442
0.683656
0.683869
0.68408
0.68429
0.684498
0.684704
0.684907
0.685107
0.685304
0.685497
0.685687
0.685873
0.686054
0.68623
0.686401
0.686566
0.686726
0.68688
0.687029
0.68717
0.687306
0.687433
0.687554
0.687667
0.687773
0.68787
0.687959
0.68804
0.688112
0.688176
0.688231
0.688277
0.688313
0.68834
0.688357
0.688365
0.688364
0.688352
0.688332
0.688301
0.68826
0.68821
0.688149
0.688079
0.687998
0.687908
0.687807
0.687696
0.687575
0.687445
0.687304
0.687154
0.686995
0.686825
0.686647
0.686458
0.686261
0.686055
0.68584
0.685616
0.685384
0.685144
0.684896
0.684641
0.684379
0.684109
0.683833
0.68355
0.683262
0.682967
0.682667
0.682362
0.682052
0.681739
0.681422
0.681101
0.680777
0.680451
0.680123
0.679794
0.679464
0.679134
0.678803
0.678474
0.678145
0.677818
0.677493
0.677171
0.676853
0.676538
0.676228
0.675923
0.675623
0.675328
0.67504
0.67476
0.674486
0.67422
0.673963
0.673713
0.673473
0.673242
0.673021
0.672809
0.672608
0.672417
0.672237
0.672068
0.671911
0.671764
0.671629
0.671506
0.671393
0.671293
0.671204
0.671126
0.67106
0.671005
0.670961
0.670928
0.670907
0.670896
0.670895
0.670905
0.670923
0.670951
0.670987
0.671032
0.671084
0.671144
0.671211
0.671285
0.671365
0.671449
0.671539
0.671634
0.671732
0.671833
0.671937
0.672043
0.67215
0.672258
0.672367
0.672475
0.672583
0.67269
0.672795
0.672898
0.672999
0.673097
0.673192
0.673284
0.673371
0.673454
0.673533
0.673607
0.673676
0.67374
0.673799
0.673853
0.673902
0.673946
0.673984
0.674018
0.674048
0.674072
0.674092
0.674109
0.674121
0.674131
0.674138
0.674141
0.674142
0.674142
0.674141
0.674139
0.674137
0.674135
0.674133
0.674133
0.674134
0.674138
0.674145
0.674155
0.67417
0.67419
0.674216
0.674247
0.674285
0.674331
0.674384
0.674446
0.674517
0.674598
0.674688
0.674788
0.6749
0.675022
0.675156
0.675301
0.675459
0.67563
0.675813
0.676009
0.676218
0.676441
0.676676
0.676924
0.677185
0.677458
0.677745
0.678043
0.678354
0.678677
0.679012
0.679358
0.679716
0.680085
0.680463
0.680852
0.68125
0.681657
0.682071
0.682493
0.682923
0.683358
0.6838
0.684246
0.684697
0.685152
0.685611
0.686073
0.686536
0.687
0.687465
0.68793
0.688394
0.688857
0.689316
0.689772
0.690225
0.690673
0.691116
0.691552
0.691982
0.692405
0.69282
0.693227
0.693625
0.694013
0.694391
0.694758
0.695113
0.695457
0.695789
0.696108
0.696414
0.696707
0.696986
0.697251
0.6975
0.697735
0.697954
0.698157
0.698344
0.698515
0.698668
0.698804
0.698922
0.699023
0.699105
0.699169
0.699215
0.699242
0.69925
0.699239
0.699208
0.699157
0.699086
0.698995
0.698883
0.698751
0.698599
0.698426
0.698232
0.698016
0.69778
0.697522
0.697243
0.696943
0.696621
0.696277
0.695912
0.695526
0.695117
0.694688
0.694236
0.693764
0.69327
0.692755
0.692218
0.691661
0.691084
0.690486
0.689869
0.689231
0.688575
0.6879
0.687207
0.686497
0.68577
0.685026
0.684266
0.683491
0.682702
0.681899
0.681083
0.680255
0.679416
0.678567
0.677708
0.676841
0.675966
0.675085
0.6742
0.673311
0.672419
0.671526
0.670633
0.66974
0.66885
0.667962
0.66708
0.666204
0.665335
0.664474
0.663623
0.662783
0.661954
0.661138
0.660336
0.65955
0.65878
0.658027
0.657293
0.656578
0.655883
0.655209
0.654557
0.653928
0.653322
0.652739
0.652182
0.65165
0.651144
0.650665
0.650213
0.649789
0.649392
0.649023
0.648683
0.648371
0.648088
0.647833
0.647608
0.647413
0.647247
0.64711
0.647004
0.646928
0.646882
0.646867
0.646881
0.646927
0.647003
0.64711
0.647248
0.647417
0.647617
0.647849
0.648111
0.648404
0.648729
0.649086
0.649474
0.649894
0.650347
0.650831
0.651347
0.651897
0.652479
0.653094
0.653741
0.654422
0.655135
0.655881
0.65666
0.657471
0.658315
0.659192
0.660102
0.661043
0.662017
0.663023
0.664061
0.66513
0.66623
0.66736
0.668521
0.669711
0.67093
0.672177
0.673452
0.674754
0.676082
0.677435
0.678812
0.680211
0.681633
0.683075
0.684538
0.68602
0.68752
0.689037
0.690568
0.692114
0.693671
0.69524
0.696818
0.698405
0.699999
0.701598
0.703202
0.704809
0.706418
0.708027
0.709635
0.71124
0.712842
0.714438
0.716028
0.71761
0.719183
0.720746
0.722297
0.723835
0.72536
0.726869
0.728362
0.729837
0.731294
0.732731
0.734148
0.735543
0.736915
0.738264
0.739589
0.740888
0.742161
0.743407
0.744626
0.745816
0.746977
0.74811
0.749212
0.750283
0.751323
0.752333
0.75331
0.754255
0.755167
0.756047
0.756893
0.757706
0.758485
0.75923
0.759941
0.760619
0.761263
0.761873
0.762449
0.762992
0.763501
0.763977
0.76442
0.76483
0.765207
0.765553
0.765866
0.766148
0.766399
0.76662
0.766811
0.766972
0.767104
0.767207
0.767282
0.76733
0.76735
0.767345
0.767315
0.767259
0.767179
0.767075
0.766948
0.766799
0.766627
0.766435
0.766223
0.76599
0.765738
0.765468
0.76518
0.764875
0.764553
0.764215
0.763862
0.763494
0.763112
0.762717
0.762308
0.761887
0.761453
0.761008
0.760552
0.760084
0.759606
0.759118
0.758621
0.758114
0.757599
0.757075
0.756543
0.756002
0.755453
0.754895
0.75433
0.753756
0.753175
0.752586
0.751989
0.751386
0.750774
0.750154
0.749527
0.748892
0.748248
0.747597
0.746938
0.74627
0.745594
0.74491
0.744218
0.743517
0.742807
0.742088
0.741359
0.740622
0.739875
0.739118
0.738352
0.737576
0.736791
0.735995
0.73519
0.734374
0.733549
0.732713
0.731868
0.731014
0.73015
0.729277
0.728395
0.727503
0.726603
0.725694
0.724776
0.723851
0.722917
0.721977
0.72103
0.720077
0.719118
0.718155
0.717188
0.716217
0.715243
0.714265
0.713286
0.712305
0.711322
0.71034
0.709358
0.708376
0.707396
0.706418
0.705443
0.704471
0.703503
0.70254
0.701582
0.70063
0.699684
0.698744
0.697812
0.696887
0.69597
0.695062
0.694162
0.693271
0.692391
0.691521
0.69066
0.689808
0.688966
0.688134
0.687311
0.686498
0.685695
0.684901
0.684116
0.683339
0.682572
0.681813
0.681062
0.680318
0.679582
0.678852
0.67813
0.677413
0.676701
0.675994
0.675291
0.674592
0.673895
0.673201
0.672509
0.671818
0.671128
0.670438
0.669747
0.669056
0.668363
0.667667
0.666969
0.666269
0.665564
0.664856
0.664143
0.663425
0.662703
0.661975
0.661241
0.660502
0.659756
0.659004
0.658245
0.657479
0.656707
0.655927
0.655141
0.654347
0.653547
0.652741
0.651927
0.651106
0.65028
0.649447
0.648607
0.647763
0.646912
0.646057
0.645196
0.644331
0.643462
0.642589
0.641712
0.640832
0.63995
0.639066
0.638181
0.637294
0.636407
0.635519
0.634633
0.633747
0.632863
0.631982
0.631105
0.630231
0.629361
0.628497
0.627639
0.626788
0.625944
0.625109
0.624284
0.623468
0.622664
0.621872
0.621094
0.62033
0.619582
0.61885
0.618137
0.617442
0.616767
0.616114
0.615483
0.614876
0.614295
0.61374
0.613214
0.612718
0.612253
0.61182
0.611423
0.611061
0.610737
0.610451
0.610206
0.610002
0.609842
0.609727
0.609657
0.609635
0.609661
0.609738
0.609865
0.610044
0.610275
0.610561
0.610901
0.611297
0.611749
0.612256
0.612821
0.613442
0.614119
0.614853
0.615643
0.616488
0.617388
0.618343
0.619352
0.620414
0.621527
0.622691
0.623904
0.625165
0.626471
0.627823
0.629216
0.630651
0.632124
0.633634
0.635179
0.636757
0.638366
0.640004
0.641668
0.643356
0.645065
0.646795
0.648541
0.650303
0.652079
0.653865
0.65566
0.657463
0.65927
0.661081
0.662892
0.664704
0.666513
0.668317
0.670116
0.671908
0.67369
0.675462
0.677222
0.678969
0.680702
0.68242
0.68412
0.685803
0.687467
0.689112
0.690735
0.692337
0.693917
0.695475
0.697008
0.698518
0.700002
0.70146
0.702892
0.704298
0.705676
0.707027
0.708349
0.709644
0.710909
0.712146
0.713353
0.714531
0.715679
0.716797
0.717885
0.718942
0.719969
0.720964
0.721929
0.722862
0.723764
0.724634
0.725472
0.726278
0.727053
0.727795
0.728505
0.729183
0.729828
0.730441
0.731021
0.731568
0.732083
0.732564
0.733013
0.733428
0.73381
0.734159
0.734475
0.734758
0.735008
0.735224
0.735408
0.735558
0.735676
0.735761
0.735813
0.735833
0.73582
0.735776
0.735699
0.73559
0.735448
0.735275
0.73507
0.734834
0.734566
0.734267
0.733937
0.733577
0.733187
0.732768
0.732319
0.73184
0.731333
0.730798
0.730235
0.729643
0.729025
0.728379
0.727707
0.727008
0.726284
0.725535
0.72476
0.723961
0.723138
0.722291
0.721421
0.720529
0.719616
0.718681
0.717726
0.716751
0.715756
0.714741
0.713708
0.712657
0.711589
0.710503
0.709401
0.708284
0.707152
0.706005
0.704844
0.70367
0.702483
0.701285
0.700074
0.698854
0.697623
0.696383
0.695135
0.693878
0.692614
0.691343
0.690066
0.688783
0.687495
0.686204
0.684909
0.683611
0.682312
0.681011
0.679711
0.678412
0.677114
0.675818
0.674525
0.673237
0.671953
0.670676
0.669405
0.668142
0.666888
0.665643
0.66441
0.663188
0.66198
0.660786
0.659607
0.658445
0.6573
0.656173
0.655066
0.65398
0.652917
0.651877
0.650862
0.649872
0.64891
0.647976
0.647072
0.646199
0.645358
0.644551
0.643779
0.643043
0.642343
0.641682
0.64106
0.640478
0.639938
0.63944
0.638985
0.638574
0.638208
0.637888
0.637615
0.63739
0.637212
0.637084
0.637005
0.636975
0.636995
0.637065
0.637186
0.637358
0.637581
0.637854
0.638179
0.638554
0.63898
0.639457
0.639983
0.640559
0.641183
0.641855
0.642575
0.643341
0.644153
0.645009
0.645909
0.646852
0.647836
0.648859
0.649922
0.651022
0.652157
0.653326
0.654528
0.655762
0.657024
0.658314
0.65963
0.66097
0.662331
0.663712
0.66511
0.666526
0.667955
0.669397
0.670848
0.672307
0.673773
0.675243
0.676715
0.678188
0.679658
0.681126
0.682588
0.684042
0.685488
0.686923
0.688347
0.689756
0.691151
0.69253
0.69389
0.695231
0.696551
0.69785
0.699126
0.700378
0.701605
0.702808
0.703984
0.705132
0.706254
0.707348
0.708414
0.709451
0.710458
0.711437
0.712386
0.713306
0.714197
0.715058
0.71589
0.716694
0.717469
0.718217
0.718936
0.719628
0.720293
0.720932
0.721545
0.722133
0.722696
0.723236
0.723754
0.724249
0.724722
0.725175
0.725608
0.726021
0.726416
0.726793
0.727154
0.727498
0.727827
0.728141
0.728441
0.728728
0.729002
0.729263
0.729514
0.729753
0.729982
0.730202
0.730413
0.730615
0.730809
0.730996
0.731175
0.731347
0.731512
0.731671
0.731824
0.731971
0.732113
0.732249
0.73238
0.732505
0.732625
0.73274
0.732849
0.732953
0.733052
0.733146
0.733234
0.733318
0.733396
0.733468
0.733535
0.733596
0.733652
0.733702
0.733746
0.733784
0.733816
0.733841
0.733859
0.733871
0.733876
0.733873
0.733863
0.733846
0.733821
0.733788
0.733746
0.733696
0.733638
0.733571
0.733494
0.733409
0.733313
0.733208
0.733093
0.732968
0.732832
0.732685
0.732527
0.732358
0.732178
0.731987
0.731785
0.731571
0.731345
0.731108
0.730858
0.730596
0.730321
0.730034
0.729733
0.729421
0.729095
0.728756
0.728403
0.728038
0.727658
0.727265
0.726858
0.726438
0.726004
0.725557
0.725096
0.724621
0.724133
0.72363
0.723114
0.722584
0.722041
0.721484
0.720913
0.720329
0.719732
0.719121
0.718497
0.717859
0.717209
0.716545
0.715868
0.715179
0.714477
0.713763
0.713036
0.712297
0.711546
0.710783
0.71001
0.709225
0.708429
0.707622
0.706805
0.705977
0.70514
0.704292
0.703435
0.702569
0.701694
0.700811
0.699921
0.699022
0.698116
0.697204
0.696285
0.69536
0.694429
0.693494
0.692554
0.691611
0.690663
0.689712
0.688758
0.687802
0.686845
0.685886
0.684927
0.683969
0.683011
0.682056
0.681102
0.68015
0.679202
0.678258
0.677318
0.676383
0.675454
0.674532
0.673616
0.672707
0.671806
0.670914
0.670031
0.669157
0.668294
0.667442
0.666601
0.665772
0.664954
0.664149
0.663356
0.662577
0.661812
0.66106
0.660323
0.659601
0.658894
0.658203
0.657527
0.656866
0.656222
0.655594
0.654982
0.654387
0.653808
0.653246
0.652699
0.65217
0.651658
0.651163
0.650685
0.650223
0.649778
0.649349
0.648936
0.64854
0.648161
0.647798
0.647451
0.64712
0.646806
0.646507
0.646225
0.645958
0.645707
0.645472
0.645252
0.645049
0.64486
0.644688
0.64453
0.644388
0.644262
0.64415
0.644054
0.643972
0.643906
0.643854
0.643817
0.643795
0.643788
0.643795
0.643816
0.643852
0.643903
0.643967
0.644046
0.644139
0.644246
0.644367
0.644501
0.644648
0.644809
0.644982
0.645168
0.645367
0.645578
0.645801
0.646035
0.646282
0.646539
0.646808
0.647087
0.647376
0.647675
0.647983
0.648301
0.648627
0.648961
0.649304
0.649654
0.65001
0.650373
0.650742
0.651117
0.651496
0.65188
0.652268
0.65266
0.653055
0.653452
0.65385
0.65425
0.65465
0.65505
0.655449
0.655847
0.656244
0.656637
0.657029
0.657416
0.6578
0.65818
0.658555
0.658925
0.659289
0.659646
0.659995
0.660337
0.66067
0.660995
0.66131
0.661616
0.661911
0.662195
0.662469
0.662731
0.662981
0.663219
0.663444
0.663657
0.663857
0.664043
0.664215
0.664373
0.664517
0.664647
0.664762
0.664862
0.664947
0.665017
0.665072
0.665111
0.665136
0.665145
0.665139
0.665118
0.665081
0.66503
0.664963
0.66488
0.664783
0.664671
0.664545
0.664403
0.664248
0.664077
0.663893
0.663694
0.663481
0.663255
0.663014
0.662761
0.662493
0.662213
0.66192
0.661614
0.661296
0.660965
0.660623
0.660269
0.659904
0.659527
0.65914
0.658741
0.658332
0.657913
0.657485
0.657046
0.656598
0.656141
0.655675
0.655201
0.654718
0.654227
0.653728
0.653221
0.652708
0.652187
0.65166
0.651126
0.650587
0.650041
0.64949
0.648934
0.648373
0.647807
0.647237
0.646663
0.646085
0.645504
0.644919
0.644331
0.64374
0.643147
0.642552
0.641955
0.641356
0.640757
0.640156
0.639555
0.638953
0.638352
0.637751
0.637151
0.636552
0.635955
0.635359
0.634765
0.634174
0.633585
0.633
0.632418
0.63184
0.631267
0.630698
0.630133
0.629574
0.62902
0.628471
0.627927
0.62739
0.626859
0.626335
0.625817
0.625307
0.624803
0.624308
0.62382
0.623339
0.622867
0.622404
0.62195
0.621504
0.621068
0.620641
0.620223
0.619815
0.619417
0.619029
0.618652
0.618285
0.617929
0.617584
0.617249
0.616926
0.616615
0.616314
0.616026
0.61575
0.615485
0.615232
0.614991
0.614762
0.614544
0.614339
0.614146
0.613965
0.613796
0.613639
0.613494
0.613361
0.61324
0.61313
0.613032
0.612946
0.612871
0.612808
0.612757
0.612716
0.612686
0.612667
0.612659
0.61266
0.612672
0.612694
0.612725
0.612766
0.612816
0.612876
0.612944
0.613022
0.613109
0.613204
0.613308
0.613421
0.613542
0.613672
0.613811
0.613957
0.614112
0.614276
0.614447
0.614627
0.614816
0.615014
0.61522
0.615436
0.615661
0.615895
0.616138
0.616392
0.616657
0.616932
0.617218
0.617514
0.617822
0.618142
0.618473
0.618817
0.619173
0.619543
0.619926
0.620322
0.620732
0.621156
0.621594
0.622046
0.622512
0.622993
0.623488
0.623997
0.624522
0.62506
0.625613
0.626179
0.626759
0.627352
0.627958
0.628576
0.629206
0.629847
0.6305
0.631163
0.631835
0.632516
0.633205
0.633902
0.634605
0.635314
0.636029
0.636747
0.637468
0.638191
0.638915
0.63964
0.640364
0.641087
0.641808
0.642526
0.64324
0.643949
0.644652
0.645348
0.646037
0.646719
0.647391
0.648055
0.648708
0.649351
0.649983
0.650603
0.65121
0.651805
0.652386
0.652953
0.653506
0.654044
0.654568
0.655077
0.65557
0.656048
0.65651
0.656956
0.657386
0.6578
0.658197
0.658577
0.658941
0.659288
0.659619
0.659933
0.660231
0.660512
0.660777
0.661026
0.661259
0.661475
0.661675
0.66186
0.662029
0.662182
0.66232
0.662443
0.662552
0.662645
0.662724
0.662789
0.66284
0.662878
0.662903
0.662915
0.662915
0.662904
0.662881
0.662846
0.662802
0.662746
0.662682
0.662608
0.662526
0.662435
0.662338
0.662233
0.662123
0.662008
0.661887
0.661763
0.661635
0.661505
0.661372
0.661239
0.661105
0.660972
0.660841
0.660711
0.660585
0.660463
0.660346
0.660235
0.660131
0.660034
0.659946
0.659867
0.659799
0.659741
0.659695
0.659661
0.659641
0.659635
0.659644
0.659669
0.65971
0.659768
0.659844
0.659938
0.660051
0.660183
0.660335
0.660507
0.6607
0.660914
0.661149
0.661406
0.661685
0.661985
0.662307
0.662651
0.663017
0.663404
0.663812
0.664242
0.664693
0.665164
0.665656
0.666168
0.666699
0.66725
0.66782
0.668408
0.669014
0.669637
0.670276
0.670931
0.6716
0.672284
0.672982
0.673692
0.674414
0.675146
0.675889
0.67664
0.6774
0.678167
0.67894
0.679719
0.680503
0.681291
0.682082
0.682875
0.68367
0.684466
0.685262
0.686057
0.68685
0.687642
0.68843
0.689215
0.689996
0.690772
0.691543
0.692307
0.693065
0.693815
0.694558
0.695292
0.696017
0.696733
0.697439
0.698135
0.698821
0.699496
0.70016
0.700812
0.701452
0.702079
0.702693
0.703295
0.703883
0.704458
0.705019
0.705567
0.7061
0.706618
0.707122
0.707612
0.708086
0.708546
0.70899
0.709419
0.709832
0.71023
0.710611
0.710977
0.711326
0.711659
0.711976
0.712275
0.712558
0.712824
0.713073
0.713306
0.713521
0.713718
0.713897
0.714059
0.714202
0.714326
0.714432
0.714518
0.714586
0.714635
0.714664
0.714673
0.714663
0.714632
0.714581
0.71451
0.714418
0.714305
0.714171
0.714016
0.71384
0.713641
0.713421
0.713179
0.712915
0.71263
0.712322
0.711992
0.711639
0.711264
0.710867
0.710446
0.710002
0.709536
0.709047
0.708535
0.708001
0.707444
0.706864
0.706262
0.705637
0.704991
0.704322
0.703632
0.702919
0.702185
0.70143
0.700653
0.699856
0.699039
0.698201
0.697344
0.696467
0.69557
0.694655
0.693722
0.692771
0.691802
0.690817
0.689815
0.688798
0.687764
0.686717
0.685654
0.684578
0.68349
0.682388
0.681275
0.68015
0.679015
0.67787
0.676715
0.675552
0.674381
0.673202
0.672017
0.670826
0.66963
0.668429
0.667225
0.666017
0.664807
0.663595
0.662383
0.661171
0.65996
0.658752
0.657545
0.656342
0.655143
0.653949
0.65276
0.651578
0.650404
0.649237
0.64808
0.646932
0.645795
0.644671
0.643559
0.642461
0.641377
0.640308
0.639255
0.638219
0.637201
0.636202
0.635222
0.634263
0.633326
0.632412
0.631521
0.630654
0.629812
0.628996
0.628207
0.627446
0.626712
0.626007
0.625332
0.624688
0.624074
0.623493
0.622943
0.622427
0.621944
0.621496
0.621082
0.620703
0.62036
0.620054
0.619783
0.619549
0.619351
0.61919
0.619067
0.618981
0.618931
0.618919
0.618944
0.619006
0.619105
0.619241
0.619413
0.619621
0.619865
0.620143
0.620456
0.620804
0.621185
0.621599
0.622046
0.622524
0.623034
0.623573
0.624141
0.624739
0.625364
0.626017
0.626696
0.627399
0.628126
0.628876
0.629648
0.630441
0.631253
0.632084
0.632933
0.633799
0.634679
0.635575
0.636483
0.637404
0.638335
0.639276
0.640226
0.641183
0.642146
0.643114
0.644087
0.645062
0.646039
0.647016
0.647993
0.648968
0.649941
0.650911
0.651876
0.652835
0.653787
0.654732
0.655669
0.656596
0.657513
0.658418
0.659312
0.660192
0.661059
0.66191
0.662746
0.663566
0.664369
0.665155
0.665922
0.66667
0.667399
0.668109
0.668798
0.669466
0.670113
0.670739
0.671342
0.671922
0.67248
0.673015
0.673527
0.674016
0.674481
0.674923
0.675342
0.675737
0.676109
0.676458
0.676783
0.677086
0.677366
0.677623
0.677857
0.678069
0.678259
0.678428
0.678576
0.678703
0.67881
0.678898
0.678966
0.679015
0.679046
0.679059
0.679056
0.679035
0.678999
0.678948
0.678882
0.678801
0.678707
0.6786
0.67848
0.678349
0.678206
0.678052
0.677889
0.677715
0.677532
0.677339
0.677138
0.676929
0.676713
0.676488
0.676257
0.676019
0.675775
0.675524
0.675268
0.675006
0.674738
0.674464
0.674186
0.673903
0.673614
0.67332
0.673021
0.672717
0.672407
0.672093
0.671772
0.671446
0.671114
0.670776
0.670431
0.670081
0.669724
0.66936
0.668989
0.668611
0.668225
0.667832
0.667431
0.667022
0.666604
0.666179
0.665744
0.665302
0.664851
0.664391
0.663921
0.663442
0.662953
0.662454
0.661946
0.661428
0.6609
0.660363
0.659816
0.65926
0.658694
0.65812
0.657536
0.656943
0.656342
0.655733
0.655116
0.654492
0.653861
0.653223
0.65258
0.65193
0.651276
0.650618
0.649956
0.649291
0.648624
0.647955
0.647285
0.646615
0.645946
0.645278
0.644613
0.643951
0.643293
0.642641
0.641994
0.641354
0.640722
0.640099
0.639484
0.63888
0.638287
0.637705
0.637135
0.636579
0.636035
0.635506
0.634992
0.634493
0.63401
0.633544
0.633094
0.632662
0.632247
0.63185
0.631471
0.63111
0.630768
0.630444
0.630138
0.629851
0.629582
0.629331
0.629098
0.628883
0.628685
0.628505
0.62834
0.628193
0.628061
0.627946
0.627846
0.62776
0.627689
0.627631
0.627586
0.627554
0.627534
0.627526
0.627528
0.627541
0.627563
0.627595
0.627635
0.627682
0.627737
0.627799
0.627868
0.627942
0.628021
0.628105
0.628193
0.628285
0.628381
0.628479
0.62858
0.628683
0.628787
0.628893
0.628999
0.629105
0.629212
0.629319
0.629425
0.629532
0.629637
0.629742
0.629846
0.629949
0.630051
0.630152
0.630252
0.63035
0.630447
0.630542
0.630636
0.630729
0.630821
0.630911
0.631001
0.631089
0.631177
0.631265
0.631351
0.631438
0.631524
0.631609
0.631695
0.631781
0.631867
0.631953
0.63204
0.632128
0.632216
0.632305
0.632395
0.632487
0.632581
0.632676
0.632772
0.632871
0.632971
0.633074
0.633179
0.633286
0.633395
0.633506
0.63362
0.633736
0.633854
0.633975
0.634098
0.634223
0.63435
0.634479
0.634612
0.634746
0.634882
0.63502
0.635159
0.6353
0.635443
0.635587
0.635732
0.635877
0.636024
0.63617
0.636317
0.636465
0.636612
0.636759
0.636905
0.63705
0.637194
0.637336
0.637477
0.637616
0.637752
0.637886
0.638017
0.638145
0.63827
0.63839
0.638507
0.638619
0.638727
0.638831
0.63893
0.639023
0.639111
0.639194
0.639271
0.639343
0.639408
0.639466
0.639517
0.639562
0.639599
0.63963
0.639653
0.639669
0.639677
0.639677
0.63967
0.639654
0.639631
0.6396
0.63956
0.639513
0.639457
0.639394
0.639322
0.639241
0.639154
0.639058
0.638954
0.638844
0.638727
0.638601
0.638468
0.638328
0.638181
0.638027
0.637866
0.637698
0.637524
0.637343
0.637156
0.636963
0.636765
0.636561
0.636352
0.636139
0.635921
0.635699
0.635472
0.635242
0.635008
0.634771
0.634532
0.63429
0.634046
0.6338
0.633553
0.633304
0.633054
0.632803
0.632552
0.632301
0.63205
0.6318
0.631551
0.631303
0.631057
0.630812
0.630569
0.630329
0.630091
0.629856
0.629625
0.629397
0.629173
0.628952
0.628735
0.628523
0.628316
0.628113
0.627916
0.627724
0.627538
0.627357
0.627182
0.627013
0.62685
0.626693
0.626543
0.6264
0.626263
0.626133
0.626009
0.625892
0.625783
0.62568
0.625584
0.625494
0.625411
0.625333
0.625262
0.625198
0.625139
0.625087
0.62504
0.624999
0.624963
0.624932
0.624906
0.624885
0.624868
0.624856
0.624847
0.624842
0.624841
0.624842
0.624846
0.624852
0.62486
0.62487
0.624881
0.624893
0.624905
0.624918
0.624931
0.624943
0.624955
0.624965
0.624974
0.624981
0.624986
0.624988
0.624987
0.624982
0.624974
0.624962
0.624945
0.624924
0.624898
0.624868
0.624832
0.624792
0.624746
0.624695
0.624638
0.624576
0.624507
0.624433
0.624353
0.624268
0.624177
0.62408
0.623977
0.623869
0.623755
0.623637
0.623513
0.623385
0.623252
0.623115
0.622974
0.622829
0.62268
0.622529
0.622375
0.622219
0.622061
0.621901
0.62174
0.621579
0.621418
0.621257
0.621098
0.620939
0.620782
0.620628
0.620475
0.620326
0.62018
0.620037
0.619898
0.619764
0.619635
0.619511
0.619393
0.61928
0.619174
0.619075
0.618982
0.618896
0.618818
0.618747
0.618684
0.618629
0.618581
0.618542
0.61851
0.618487
0.618471
0.618464
0.618464
0.618473
0.618489
0.618512
0.618543
0.618581
0.618625
0.618676
0.618733
0.618796
0.618864
0.618937
0.619014
0.619096
0.619181
0.619269
0.619359
0.619452
0.619546
0.619641
0.619736
0.619831
0.619926
0.620019
0.620109
0.620197
0.620281
0.620361
0.620436
0.620506
0.62057
0.620626
0.620676
0.620717
0.620749
0.620773
0.620786
0.620789
0.62078
0.620759
0.620727
0.620681
0.620622
0.620548
0.620461
0.620359
0.620242
0.62011
0.619961
0.619797
0.619615
0.619417
0.619202
0.61897
0.618721
0.618454
0.618169
0.617867
0.617547
0.617209
0.616854
0.616481
0.616091
0.615683
0.615259
0.614818
0.614361
0.613888
0.613399
0.612896
0.612379
0.611847
0.611303
0.610746
0.610177
0.609597
0.609007
0.608407
0.607799
0.607183
0.606561
0.605933
0.6053
0.604663
0.604024
0.603383
0.602741
0.602101
0.601462
0.600825
0.600193
0.599565
0.598944
0.598329
0.597723
0.597125
0.596538
0.595963
0.5954
0.59485
0.594313
0.593792
0.593287
0.592799
0.592329
0.591877
0.591443
0.59103
0.590637
0.590265
0.589914
0.589585
0.589278
0.588993
0.588731
0.588492
0.588276
0.588084
0.587914
0.587768
0.587645
0.587545
0.587468
0.587413
0.587382
0.587373
0.587387
0.587422
0.587479
0.587558
0.587659
0.587779
0.58792
0.58808
0.588259
0.588457
0.588673
0.588907
0.589157
0.589423
0.589705
0.590002
0.590314
0.59064
0.590978
0.59133
0.591694
0.592069
0.592456
0.592853
0.59326
0.593677
0.594103
0.594537
0.594979
0.595429
0.595886
0.596349
0.596818
0.597293
0.597772
0.598257
0.598745
0.599238
0.599733
0.600231
0.600731
0.601232
0.601735
0.602239
0.602743
0.603246
0.60375
0.604252
0.604754
0.605253
0.605751
0.606246
0.606738
0.607226
0.607711
0.608192
0.608667
0.609138
0.609603
0.610062
0.610515
0.610961
0.611399
0.61183
0.612253
0.612667
0.613071
0.613466
0.61385
0.614224
0.614587
0.614939
0.615279
0.615606
0.61592
0.616221
0.616509
0.616782
0.617041
0.617284
0.617512
0.617725
0.617921
0.6181
0.618263
0.618408
0.618535
0.618645
0.618737
0.61881
0.618865
0.618901
0.618918
0.618916
0.618894
0.618854
0.618794
0.618714
0.618616
0.618498
0.618361
0.618205
0.61803
0.617837
0.617624
0.617393
0.617145
0.616878
0.616594
0.616293
0.615975
0.615641
0.61529
0.614925
0.614544
0.61415
0.613741
0.613318
0.612883
0.612435
0.611975
0.611505
0.611024
0.610534
0.610034
0.609526
0.60901
0.608487
0.607958
0.607423
0.606882
0.606338
0.60579
0.605239
0.604686
0.604132
0.603577
0.603022
0.602467
0.601912
0.60136
0.600809
0.600261
0.599717
0.599176
0.598639
0.598108
0.597582
0.597062
0.596549
0.596043
0.595543
0.595052
0.594569
0.594094
0.593629
0.593172
0.592725
0.592288
0.59186
0.591443
0.591037
0.590641
0.590255
0.589881
0.589517
0.589165
0.588824
0.588494
0.588175
0.587868
0.587573
0.587289
0.587016
0.586754
0.586504
0.586265
0.586038
0.585822
0.585617
0.585424
0.585241
0.58507
0.584909
0.58476
0.58462
0.584492
0.584374
0.584266
0.584169
0.584081
0.584003
0.583934
0.583874
0.583824
0.583782
0.583749
0.583724
0.583707
0.583698
0.583697
0.583702
0.583715
0.583735
0.583761
0.583793
0.58383
0.583873
0.58392
0.583971
0.584027
0.584086
0.584149
0.584214
0.584282
0.584351
0.584421
0.584492
0.584563
0.584634
0.584704
0.584772
0.584838
0.584902
0.584962
0.585019
0.585071
0.585119
0.585161
0.585198
0.585229
0.585253
0.585269
0.585279
0.585279
0.585272
0.585255
0.58523
0.585194
0.585149
0.585094
0.585027
0.58495
0.584863
0.584764
0.584654
0.584532
0.584398
0.584253
0.584095
0.583925
0.583743
0.583549
0.583342
0.583124
0.582894
0.582651
0.582398
0.582133
0.581857
0.58157
0.581272
0.580963
0.580643
0.580313
0.579974
0.579624
0.579266
0.578898
0.578522
0.578138
0.577746
0.577346
0.57694
0.576527
0.576108
0.575683
0.575253
0.574817
0.574378
0.573934
0.573487
0.573037
0.572584
0.572129
0.571672
0.571214
0.570755
0.570296
0.569838
0.56938
0.568924
0.568471
0.56802
0.567572
0.567127
0.566686
0.566251
0.565821
0.565396
0.564978
0.564568
0.564165
0.563772
0.563388
0.563014
0.562651
0.562301
0.561963
0.561639
0.56133
0.561036
0.560758
0.560497
0.560254
0.560029
0.559824
0.55964
0.559478
0.559338
0.559221
0.559129
0.559063
0.559022
0.55901
0.559025
0.55907
0.559145
0.559251
0.559388
0.559558
0.559761
0.559998
0.560269
0.560575
0.560916
0.561293
0.561707
0.562156
0.562643
0.563166
0.563727
0.564324
0.564958
0.565629
0.566336
0.567078
0.567855
0.568666
0.569511
0.570389
0.571299
0.57224
0.573212
0.574213
0.575243
0.5763
0.577383
0.578491
0.579623
0.580778
0.581953
0.583149
0.584363
0.585593
0.586839
0.588099
0.589372
0.590657
0.591951
0.593254
0.594564
0.595879
0.597199
0.598521
0.599844
0.601167
0.602488
0.603806
0.60512
0.606429
0.607731
0.609025
0.61031
0.611584
0.612847
0.614098
0.615334
0.616557
0.617763
0.618953
0.620126
0.62128
0.622415
0.62353
0.624624
0.625697
0.626747
0.627774
0.628778
0.629758
0.630714
0.631645
0.63255
0.633431
0.634286
0.635116
0.63592
0.636698
0.637449
0.638175
0.638875
0.639548
0.640196
0.640819
0.641416
0.641987
0.642534
0.643056
0.643553
0.644028
0.644479
0.644906
0.645312
0.645696
0.646058
0.6464
0.646722
0.647026
0.647311
0.64758
0.647831
0.648067
0.648287
0.648493
0.648686
0.648866
0.649035
0.649193
0.649341
0.649479
0.64961
0.649732
0.649849
0.649959
0.650064
0.650166
0.650263
0.650358
0.650451
0.650542
0.650632
0.650721
0.650811
0.650901
0.650993
0.651086
0.651182
0.65128
0.651382
0.651487
0.651596
0.651708
0.651824
0.651944
0.652068
0.652196
0.652328
0.652464
0.652603
0.652747
0.652893
0.653043
0.653195
0.65335
0.653507
0.653666
0.653826
0.653988
0.654149
0.654311
0.654472
0.654632
0.65479
0.654946
0.655099
0.65525
0.655396
0.655539
0.655676
0.655808
0.655933
0.656052
0.656164
0.656268
0.656364
0.656451
0.65653
0.656599
0.656658
0.656707
0.656745
0.656771
0.656787
0.65679
0.656781
0.65676
0.656726
0.656679
0.656619
0.656545
0.656459
0.656359
0.656245
0.656118
0.655977
0.655822
0.655654
0.655471
0.655275
0.655066
0.654843
0.654607
0.654358
0.654096
0.653821
0.653533
0.653234
0.652922
0.6526
0.652265
0.65192
0.651564
0.651198
0.650822
0.650436
0.650041
0.649637
0.649225
0.648805
0.648377
0.647942
0.647499
0.64705
0.646595
0.646135
0.645669
0.645198
0.644723
0.644244
0.643762
0.643277
0.64279
0.6423
0.641808
0.641315
0.64082
0.640325
0.639831
0.639336
0.638843
0.638351
0.63786
0.637372
0.636886
0.636403
0.635922
0.635446
0.634973
0.634504
0.63404
0.633581
0.633127
0.632679
0.632237
0.631801
0.631372
0.63095
0.630535
0.630128
0.62973
0.62934
0.628959
0.628587
0.628225
0.627874
0.627533
0.627203
0.626884
0.626576
0.62628
0.625997
0.625727
0.625469
0.625226
0.624996
0.624781
0.624581
0.624396
0.624227
0.624074
0.623938
0.623819
0.623718
0.623634
0.623569
0.623523
0.623496
0.623489
0.623503
0.623537
0.623592
0.623669
0.623768
0.62389
0.624034
0.624202
0.624393
0.624609
0.624848
0.625112
0.6254
0.625714
0.626053
0.626418
0.626808
0.627224
0.627665
0.628133
0.628625
0.629144
0.629688
0.630258
0.630853
0.631474
0.63212
0.632791
0.633487
0.634206
0.63495
0.635717
0.636507
0.63732
0.638154
0.63901
0.639886
0.640782
0.641697
0.64263
0.643581
0.644549
0.645532
0.646531
0.647544
0.64857
0.649609
0.650658
0.651719
0.652788
0.653866
0.654951
0.656042
0.657138
0.658239
0.659343
0.660448
0.661554
0.662658
0.663761
0.664861
0.665957
0.667047
0.668132
0.669209
0.670278
0.671337
0.672385
0.673422
0.674447
0.675457
0.676454
0.677435
0.678399
0.679346
0.680275
0.681186
0.682076
0.682946
0.683794
0.684621
0.685425
0.686205
0.686962
0.687693
0.6884
0.689081
0.689736
0.690364
0.690964
0.691538
0.692083
0.6926
0.693089
0.693549
0.69398
0.694382
0.694755
0.695098
0.695412
0.695696
0.69595
0.696174
0.696368
0.696533
0.696668
0.696773
0.696849
0.696895
0.696913
0.696902
0.696863
0.696796
0.696701
0.696579
0.69643
0.696255
0.696054
0.695828
0.695577
0.695301
0.695001
0.694677
0.69433
0.693961
0.69357
0.693158
0.692725
0.692272
0.6918
0.691309
0.690801
0.690275
0.689734
0.689176
0.688604
0.688018
0.687418
0.686805
0.68618
0.685543
0.684896
0.684239
0.683573
0.682898
0.682215
0.681526
0.68083
0.680129
0.679422
0.678711
0.677997
0.67728
0.676561
0.67584
0.675119
0.674397
0.673675
0.672955
0.672236
0.671519
0.670804
0.670092
0.669383
0.668679
0.667979
0.667284
0.666595
0.665911
0.665233
0.664562
0.663897
0.66324
0.66259
0.661948
0.661315
0.66069
0.660075
0.659469
0.658873
0.658286
0.65771
0.657144
0.656588
0.656043
0.655509
0.654986
0.654474
0.653974
0.653485
0.653009
0.652544
0.652092
0.651652
0.651225
0.65081
0.650408
0.650019
0.649643
0.649281
0.648931
0.648595
0.648273
0.647964
0.647668
0.647387
0.647119
0.646866
0.646626
0.6464
0.646187
0.645988
0.645803
0.645631
0.645474
0.64533
0.645199
0.645082
0.644978
0.644888
0.64481
0.644746
0.644694
0.644654
0.644626
0.644611
0.644607
0.644614
0.644633
0.644662
0.644702
0.644753
0.644813
0.644882
0.644961
0.645047
0.645143
0.645246
0.645356
0.645474
0.645598
0.645727
0.645862
0.646001
0.646145
0.646292
0.646442
0.646595
0.646749
0.646905
0.647063
0.64722
0.647376
0.647532
0.647685
0.647837
0.647986
0.648131
0.648273
0.648409
0.64854
0.648666
0.648785
0.648896
0.648999
0.649094
0.64918
0.649256
0.649323
0.649378
0.649423
0.649455
0.649475
0.649482
0.649476
0.649456
0.649422
0.649372
0.649307
0.649226
0.649129
0.649015
0.648884
0.648736
0.648569
0.648385
0.648182
0.647961
0.647721
0.647462
0.647183
0.646885
0.646566
0.646227
0.645868
0.645488
0.645087
0.644665
0.644222
0.643758
0.643272
0.642765
0.642237
0.641688
0.641117
0.640526
0.639913
0.639279
0.638624
0.637949
0.637252
0.636535
0.635798
0.635041
0.634264
0.633467
0.632651
0.631817
0.630963
0.630092
0.629202
0.628294
0.627369
0.626428
0.625471
0.624498
0.623509
0.622506
0.621488
0.620457
0.619412
0.618354
0.617284
0.616202
0.61511
0.614007
0.612894
0.611772
0.610642
0.609504
0.608358
0.607207
0.606049
0.604887
0.603719
0.602549
0.601375
0.600199
0.599021
0.597842
0.596662
0.595483
0.594306
0.593129
0.591955
0.590783
0.589614
0.58845
0.58729
0.586135
0.584987
0.583845
0.58271
0.581583
0.580464
0.579354
0.578253
0.577162
0.576082
0.575012
0.573955
0.572909
0.571876
0.570855
0.569848
0.568853
0.567873
0.566908
0.565958
0.565023
0.564104
0.563201
0.562314
0.561444
0.560592
0.559758
0.558941
0.558144
0.557365
0.556605
0.555865
0.555144
0.554444
0.553765
0.553106
0.552469
0.551854
0.551262
0.550692
0.550145
0.549622
0.549123
0.548648
0.548197
0.547771
0.54737
0.546995
0.546646
0.546324
0.546028
0.54576
0.545519
0.545306
0.545121
0.544964
0.544836
0.544737
0.544667
0.544627
0.544616
0.544636
0.544685
0.544765
0.544876
0.545016
0.545187
0.545388
0.54562
0.545883
0.546176
0.546499
0.546852
0.547236
0.547649
0.548091
0.548563
0.549062
0.54959
0.550146
0.550729
0.551338
0.551974
0.552635
0.55332
0.55403
0.554764
0.55552
0.556298
0.557098
0.557918
0.558758
0.559616
0.560493
0.561386
0.562295
0.563219
0.564158
0.56511
0.566074
0.56705
0.568036
0.569032
0.570037
0.571049
0.572068
0.573092
0.574121
0.575154
0.57619
0.577229
0.578268
0.579309
0.580349
0.581389
0.582427
0.583463
0.584495
0.585524
0.586548
0.587568
0.588582
0.589591
0.590593
0.591588
0.592575
0.593554
0.594525
0.595486
0.596437
0.597379
0.598311
0.599232
0.600142
0.60104
0.601928
0.602804
0.603669
0.604521
0.605362
0.60619
0.607005
0.607808
0.608598
0.609376
0.610141
0.610894
0.611633
0.61236
0.613074
0.613775
0.614463
0.615138
0.615801
0.616452
0.61709
0.617716
0.61833
0.618932
0.619522
0.620101
0.620668
0.621224
0.62177
0.622306
0.622831
0.623347
0.623852
0.624348
0.624834
0.625312
0.625781
0.626242
0.626695
0.62714
0.627578
0.62801
0.628435
0.628854
0.629268
0.629676
0.630079
0.630477
0.630871
0.63126
0.631645
0.632026
0.632403
0.632777
0.633148
0.633516
0.633881
0.634243
0.634602
0.634959
0.635312
0.635663
0.636011
0.636356
0.636698
0.637037
0.637373
0.637705
0.638034
0.63836
0.638681
0.638998
0.63931
0.639617
0.639919
0.640214
0.640503
0.640785
0.64106
0.641327
0.641586
0.641837
0.642079
0.642312
0.642535
0.642749
0.642951
0.643142
0.643322
0.643489
0.643644
0.643786
0.643915
0.644029
0.644129
0.644215
0.644285
0.644341
0.64438
0.644404
0.644412
0.644404
0.644379
0.644336
0.644278
0.644202
0.644108
0.643997
0.643868
0.643721
0.643557
0.643374
0.643173
0.642955
0.642718
0.642463
0.642191
0.6419
0.641592
0.641267
0.640924
0.640564
0.640188
0.639795
0.639386
0.638961
0.638521
0.638065
0.637595
0.63711
0.636613
0.636102
0.635578
0.635043
0.634495
0.633937
0.633367
0.632788
0.632201
0.631605
0.631001
0.63039
0.629773
0.62915
0.628523
0.627893
0.62726
0.626626
0.62599
0.625355
0.624721
0.624088
0.623458
0.622832
0.62221
0.621593
0.620982
0.620379
0.619785
0.619199
0.618624
0.618061
0.617509
0.616971
0.616447
0.615938
0.615444
0.614968
0.614509
0.614068
0.613647
0.613246
0.612865
0.612506
0.612169
0.611855
0.611564
0.611296
0.611053
0.610835
0.610643
0.610477
0.610337
0.610224
0.610137
0.610078
0.610045
0.61004
0.610063
0.610113
0.61019
0.610295
0.610428
0.610588
0.610775
0.610989
0.611231
0.611499
0.611794
0.612115
0.612463
0.612836
0.613235
0.613659
0.614108
0.614581
0.615079
0.6156
0.616146
0.616714
0.617305
0.617918
0.618553
0.619209
0.619887
0.620584
0.621302
0.622039
0.622795
0.62357
0.624364
0.625176
0.626006
0.626852
0.627716
0.628596
0.629493
0.630404
0.631331
0.632273
0.633229
0.634198
0.63518
0.636174
0.63718
0.638198
0.639227
0.640265
0.641313
0.64237
0.643435
0.644507
0.645586
0.646671
0.647761
0.648856
0.649955
0.651057
0.652162
0.653268
0.654375
0.655482
0.656587
0.657691
0.658792
0.65989
0.660983
0.66207
0.663151
0.664225
0.665292
0.666349
0.667397
0.668435
0.66946
0.670474
0.671474
0.67246
0.673431
0.674386
0.675325
0.676245
0.677148
0.678032
0.678895
0.679739
0.680561
0.681362
0.68214
0.682894
0.683625
0.684332
0.685013
0.685669
0.686299
0.686903
0.687479
0.688029
0.688551
0.689045
0.689511
0.689949
0.690357
0.690737
0.691088
0.69141
0.691702
0.691966
0.692199
0.692403
0.692578
0.692723
0.692839
0.692925
0.692982
0.693009
0.693009
0.692979
0.692922
0.692836
0.692723
0.692583
0.692415
0.69222
0.691999
0.691751
0.691478
0.69118
0.690857
0.690511
0.69014
0.689748
0.689332
0.688896
0.688437
0.687958
0.687459
0.686941
0.686404
0.685849
0.685277
0.684688
0.684083
0.683462
0.682827
0.682178
0.681515
0.68084
0.680153
0.679455
0.678747
0.678029
0.677302
0.676567
0.675825
0.675076
0.674321
0.673561
0.672796
0.672027
0.671256
0.670482
0.669706
0.668929
0.668153
0.667377
0.666602
0.665829
0.665058
0.664291
0.663528
0.66277
0.662018
0.661272
0.660532
0.6598
0.659076
0.658361
0.657655
0.656958
0.656271
0.655596
0.654932
0.65428
0.65364
0.653014
0.6524
0.651801
0.651215
0.650645
0.650089
0.64955
0.649026
0.648519
0.648029
0.647556
0.647101
0.646665
0.646247
0.645848
0.645468
0.645108
0.644767
0.644447
0.644146
0.643866
0.643606
0.643367
0.643148
0.64295
0.642772
0.642616
0.642481
0.642366
0.642274
0.642202
0.642152
0.642123
0.642116
0.642129
0.642162
0.642217
0.642292
0.642388
0.642504
0.64264
0.642797
0.642973
0.64317
0.643385
0.643619
0.643872
0.644143
0.644432
0.644738
0.645062
0.645403
0.645761
0.646134
0.646524
0.646929
0.647348
0.647782
0.64823
0.648692
0.649167
0.649656
0.650157
0.65067
0.651194
0.651729
0.652275
0.652831
0.653396
0.653969
0.654551
0.655141
0.655738
0.656342
0.656951
0.657566
0.658186
0.658811
0.659439
0.660071
0.660706
0.661343
0.661982
0.662622
0.663263
0.663903
0.664543
0.665181
0.665818
0.666452
0.667083
0.667712
0.668336
0.668955
0.66957
0.670179
0.670782
0.671378
0.671966
0.672547
0.673119
0.673682
0.674236
0.674779
0.675312
0.675834
0.676343
0.676841
0.677325
0.677796
0.678253
0.678695
0.679123
0.679535
0.679931
0.680311
0.680674
0.68102
0.681348
0.681657
0.681947
0.682218
0.682469
0.682699
0.682909
0.683097
0.683263
0.683407
0.683528
0.683626
0.683701
0.683753
0.68378
0.683783
0.683761
0.683715
0.683643
0.683546
0.683424
0.683276
0.683102
0.682902
0.682675
0.682423
0.682144
0.681839
0.681507
0.681149
0.680765
0.680355
0.679918
0.679456
0.678968
0.678455
0.677917
0.677355
0.676767
0.676156
0.675521
0.674862
0.674181
0.673477
0.672751
0.672004
0.671236
0.670448
0.669641
0.668816
0.667972
0.667111
0.666233
0.665339
0.66443
0.663507
0.66257
0.66162
0.660659
0.659688
0.658706
0.657716
0.656717
0.655712
0.654701
0.653685
0.652665
0.651643
0.650618
0.649593
0.648568
0.647544
0.646523
0.645504
0.64449
0.643481
0.642479
0.641483
0.640495
0.639516
0.638546
0.637587
0.636638
0.635702
0.634777
0.633866
0.632969
0.632086
0.631218
0.630366
0.62953
0.62871
0.627909
0.627125
0.626359
0.625611
0.624882
0.624172
0.623482
0.622811
0.62216
0.621529
0.620919
0.620329
0.619759
0.619209
0.61868
0.618172
0.617683
0.617215
0.616767
0.616339
0.615931
0.615543
0.615174
0.614824
0.614494
0.614182
0.613889
0.613614
0.613357
0.613119
0.612898
0.612694
0.612507
0.612336
0.612182
0.612044
0.611922
0.611815
0.611724
0.611647
0.611585
0.611536
0.611501
0.611479
0.61147
0.611474
0.611489
0.611517
0.611556
0.611606
0.611667
0.611738
0.611819
0.61191
0.61201
0.612118
0.612235
0.61236
0.612492
0.612631
0.612776
0.612928
0.613085
0.613248
0.613415
0.613586
0.613761
0.613939
0.614119
0.614301
0.614484
0.614669
0.614854
0.615038
0.615221
0.615402
0.615581
0.615757
0.615929
0.616097
0.616259
0.616416
0.616565
0.616708
0.616843
0.616969
0.617086
0.617192
0.617286
0.617369
0.617439
0.617496
0.617539
0.617567
0.617579
0.617575
0.617554
0.617515
0.617459
0.617383
0.617287
0.617172
0.617035
0.616878
0.616698
0.616496
0.616271
0.616023
0.615752
0.615456
0.615136
0.614792
0.614424
0.61403
0.613612
0.61317
0.612703
0.612211
0.611695
0.611155
0.61059
0.610001
0.609388
0.608752
0.608093
0.607411
0.606707
0.605982
0.605236
0.60447
0.603685
0.602882
0.602061
0.601224
0.600371
0.599504
0.598623
0.59773
0.596827
0.595914
0.594993
0.594065
0.593132
0.592196
0.591258
0.59032
0.589383
0.588448
0.587519
0.586596
0.585682
0.584777
0.583885
0.583006
0.582143
0.581297
0.58047
0.579665
0.578882
0.578124
0.577392
0.576688
0.576014
0.575372
0.574763
0.574188
0.57365
0.573149
0.572687
0.572265
0.571885
0.571546
0.571251
0.571
0.570794
0.570633
0.570519
0.570452
0.570431
0.570457
0.57053
0.57065
0.570817
0.571029
0.571287
0.57159
0.571938
0.572329
0.572763
0.573239
0.573755
0.574311
0.574905
0.575535
0.576201
0.576901
0.577633
0.578396
0.579189
0.580009
0.580855
0.581726
0.582618
0.583532
0.584464
0.585414
0.58638
0.587359
0.588351
0.589354
0.590366
0.591386
0.592411
0.593442
0.594475
0.59551
0.596545
0.597578
0.59861
0.599639
0.600663
0.60168
0.602691
0.603694
0.604688
0.605672
0.606644
0.607605
0.608554
0.609489
0.610411
0.611317
0.612209
0.613084
0.613942
0.614783
0.615607
0.616412
0.617199
0.617968
0.618717
0.619446
0.620156
0.620846
0.621515
0.622164
0.622793
0.623401
0.623989
0.624555
0.625102
0.625628
0.626134
0.62662
0.627087
0.627534
0.627962
0.628371
0.628761
0.629132
0.629486
0.629822
0.630141
0.630443
0.63073
0.631002
0.631259
0.631503
0.631734
0.631953
0.63216
0.632356
0.632541
0.632717
0.632885
0.633044
0.633197
0.633344
0.633486
0.633623
0.633757
0.633888
0.634018
0.634147
0.634276
0.634407
0.63454
0.634674
0.634812
0.634953
0.635098
0.635248
0.635402
0.635563
0.635729
0.635902
0.636082
0.636268
0.636462
0.636663
0.636871
0.637086
0.637309
0.637538
0.637775
0.638019
0.638269
0.638525
0.638787
0.639054
0.639326
0.639601
0.63988
0.640162
0.640445
0.64073
0.641015
0.641299
0.641583
0.641864
0.642142
0.642417
0.642687
0.642951
0.643208
0.643459
0.643701
0.643934
0.644157
0.64437
0.644571
0.644759
0.644935
0.645096
0.645242
0.645373
0.645487
0.645584
0.645664
0.645724
0.645766
0.645788
0.64579
0.645771
0.64573
0.645668
0.645583
0.645476
0.645346
0.645193
0.645016
0.644816
0.644593
0.644345
0.644074
0.643779
0.64346
0.643117
0.64275
0.642359
0.641945
0.641508
0.641049
0.640567
0.640063
0.639538
0.638992
0.638426
0.63784
0.637235
0.636612
0.635971
0.635313
0.634639
0.63395
0.633248
0.632534
0.631807
0.63107
0.630324
0.62957
0.628808
0.628041
0.62727
0.626496
0.625721
0.624946
0.624171
0.6234
0.622632
0.621869
0.621113
0.620365
0.619627
0.618899
0.618184
0.617482
0.616796
0.616125
0.615472
0.614837
0.61422
0.613624
0.613049
0.612496
0.611966
0.611459
0.610975
0.610516
0.610082
0.609673
0.609289
0.608931
0.608599
0.608293
0.608012
0.607757
0.607527
0.607322
0.607143
0.606988
0.606856
0.606749
0.606664
0.606602
0.606561
0.606541
0.606541
0.60656
0.606598
0.606655
0.606728
0.606818
0.606923
0.607043
0.607177
0.607323
0.607482
0.607652
0.607833
0.608024
0.608224
0.608432
0.608649
0.608873
0.609103
0.60934
0.609582
0.60983
0.610083
0.61034
0.610601
0.610866
0.611135
0.611406
0.61168
0.611957
0.612236
0.612517
0.612801
0.613087
0.613374
0.613663
0.613954
0.614245
0.614539
0.614834
0.615131
0.615429
0.615728
0.616028
0.616329
0.616632
0.616935
0.617238
0.617543
0.617848
0.618154
0.618461
0.618767
0.619073
0.619379
0.619685
0.619989
0.620293
0.620596
0.620897
0.621197
0.621495
0.62179
0.622083
0.622373
0.62266
0.622944
0.623224
0.6235
0.623772
0.624039
0.624301
0.624558
0.624809
0.625054
0.625293
0.625525
0.625751
0.625969
0.62618
0.626383
0.626579
0.626766
0.626945
0.627115
0.627276
0.627428
0.627571
0.627704
0.627827
0.627941
0.628045
0.628139
0.628224
0.628298
0.628364
0.628419
0.628466
0.628502
0.628529
0.628546
0.628554
0.628553
0.628543
0.628524
0.628497
0.628462
0.62842
0.628369
0.628312
0.628247
0.628176
0.628098
0.628013
0.627923
0.627828
0.627727
0.627621
0.627511
0.627396
0.627279
0.627158
0.627034
0.626908
0.626779
0.626649
0.626518
0.626385
0.626252
0.626119
0.625986
0.625854
0.625723
0.625593
0.625465
0.625338
0.625214
0.625093
0.624974
0.624857
0.624744
0.624635
0.624528
0.624426
0.624328
0.624234
0.624145
0.62406
0.62398
0.623904
0.623833
0.623766
0.623705
0.623648
0.623597
0.623551
0.62351
0.623475
0.623445
0.62342
0.623401
0.623387
0.623377
0.623373
0.623374
0.62338
0.62339
0.623405
0.623425
0.623449
0.623479
0.623513
0.623551
0.623594
0.62364
0.623691
0.623745
0.623803
0.623864
0.623929
0.623998
0.624069
0.624143
0.62422
0.624299
0.624381
0.624466
0.624552
0.62464
0.624731
0.624822
0.624915
0.625009
0.625105
0.625201
0.625298
0.625396
0.625494
0.625592
0.62569
0.625788
0.625884
0.625981
0.626076
0.62617
0.626263
0.626353
0.626442
0.626529
0.626614
0.626697
0.626776
0.626853
0.626927
0.626997
0.627063
0.627126
0.627185
0.62724
0.62729
0.627337
0.627378
0.627415
0.627446
0.627472
0.627493
0.627508
0.627517
0.627519
0.627516
0.627507
0.627491
0.627469
0.62744
0.627405
0.627364
0.627315
0.62726
0.627198
0.627129
0.627053
0.626969
0.626878
0.626779
0.626673
0.626559
0.626437
0.626307
0.626169
0.626022
0.625868
0.625706
0.625536
0.625358
0.625171
0.624975
0.62477
0.624557
0.624334
0.624102
0.623861
0.623611
0.623351
0.623081
0.622802
0.622513
0.622214
0.621906
0.621587
0.621258
0.620919
0.62057
0.62021
0.619841
0.619461
0.619072
0.618673
0.618265
0.617847
0.61742
0.616983
0.616538
0.616083
0.615621
0.61515
0.614672
0.614188
0.613697
0.613199
0.612695
0.612186
0.611672
0.611155
0.610633
0.610109
0.609582
0.609054
0.608526
0.607997
0.607468
0.606941
0.606416
0.605893
0.605374
0.604859
0.604349
0.603844
0.603346
0.602855
0.602371
0.601896
0.60143
0.600974
0.600527
0.600092
0.599668
0.599255
0.598855
0.598467
0.598092
0.597732
0.597385
0.597053
0.596735
0.596434
0.596148
0.595879
0.595626
0.595389
0.59517
0.594968
0.594784
0.594617
0.594469
0.594338
0.594226
0.594132
0.594057
0.594
0.593962
0.593943
0.593943
0.593961
0.593999
0.594056
0.594131
0.594225
0.594338
0.59447
0.59462
0.594789
0.594975
0.595179
0.595401
0.59564
0.595896
0.596168
0.596456
0.596761
0.597081
0.597416
0.597765
0.598129
0.598506
0.598896
0.599299
0.599714
0.60014
0.600577
0.601023
0.60148
0.601945
0.602419
0.6029
0.603388
0.603883
0.604382
0.604887
0.605396
0.605909
0.606425
0.606942
0.607462
0.607982
0.608502
0.609022
0.60954
0.610057
0.610572
0.611084
0.611592
0.612096
0.612595
0.613088
0.613575
0.614056
0.61453
0.614996
0.615453
0.6159
0.616338
0.616766
0.617184
0.617591
0.617986
0.61837
0.61874
0.619098
0.619442
0.619771
0.620087
0.620388
0.620674
0.620944
0.621199
0.621437
0.621658
0.621864
0.622052
0.622222
0.622376
0.622512
0.622629
0.622729
0.62281
0.622872
0.622915
0.62294
0.622945
0.622932
0.6229
0.622848
0.622778
0.622688
0.62258
0.622452
0.622306
0.622141
0.621958
0.621757
0.621538
0.621302
0.621049
0.620778
0.620491
0.620187
0.619868
0.619533
0.619183
0.618818
0.61844
0.618049
0.617645
0.617229
0.616802
0.616365
0.615917
0.615461
0.614996
0.614525
0.614047
0.613563
0.613074
0.612581
0.612085
0.611585
0.611085
0.610583
0.610082
0.609582
0.609085
0.60859
0.6081
0.607614
0.607134
0.606661
0.606196
0.605739
0.605292
0.604854
0.604427
0.604012
0.603609
0.603218
0.602842
0.60248
0.602133
0.601802
0.601488
0.60119
0.600909
0.600646
0.600401
0.600176
0.59997
0.599784
0.599618
0.599472
0.599347
0.599243
0.599161
0.5991
0.599061
0.599043
0.599049
0.599077
0.599128
0.599201
0.599297
0.599417
0.599559
0.599724
0.599912
0.600124
0.60036
0.600619
0.600903
0.60121
0.60154
0.601894
0.602272
0.602674
0.6031
0.603549
0.604023
0.60452
0.605041
0.605586
0.606155
0.606747
0.607364
0.608005
0.608668
0.609355
0.610064
0.610797
0.611553
0.612331
0.613131
0.613953
0.614797
0.615663
0.61655
0.617457
0.618385
0.619332
0.620299
0.621284
0.622287
0.623307
0.624345
0.625398
0.626468
0.627552
0.628652
0.629764
0.63089
0.632027
0.633176
0.634335
0.635503
0.636679
0.637863
0.639053
0.640249
0.641449
0.642652
0.643857
0.645064
0.646271
0.647478
0.648683
0.649886
0.651085
0.652279
0.653466
0.654647
0.655821
0.656985
0.658139
0.659283
0.660415
0.661535
0.662641
0.663733
0.664809
0.66587
0.666913
0.667938
0.668945
0.669931
0.670898
0.671842
0.672765
0.673665
0.674541
