1.59719
1.58662
1.58374
1.58666
1.59294
1.60032
1.60738
1.61404
1.62156
1.63166
1.64564
1.6638
1.68543
1.70898
1.73231
1.75316
1.76941
1.77963
1.78331
1.78102
1.77431
1.76534
1.75617
1.74805
1.74126
1.7354
1.73002
1.72503
1.72077
1.71768
1.7159
1.71514
1.715
1.71514
1.71508
1.71366
1.70895
1.69933
1.68511
1.66918
1.65601
1.64919
1.64951
1.65505
1.66272
1.66982
1.67433
1.67491
1.67102
1.66343
1.65406
1.64517
1.6385
1.63513
1.63591
1.64197
1.65466
1.67478
1.70206
1.73488
1.77038
1.80505
1.83517
1.85734
1.86879
1.86776
1.85369
1.82753
1.79192
1.75105
1.71025
1.6749
1.649
1.63401
1.62871
1.63001
1.63418
1.63786
1.63873
1.63569
1.62896
1.61977
1.60991
1.60117
1.59495
1.59203
1.59254
1.5961
1.60202
1.60955
1.61817
1.62794
1.6395
1.65339
1.66932
1.68562
1.69978
1.70954
1.71374
1.71253
1.70712
1.69946
1.69156
1.68494
1.68041
1.67799
1.67744
1.67877
1.68251
1.68937
1.69986
1.71389
1.73047
1.74768
1.76296
1.77362
1.77743
1.77306
1.76035
1.74029
1.71503
1.68767
1.66198
1.64168
1.62949
1.62617
1.6301
1.638
1.64626
1.6523
1.65532
1.65625
1.65717
1.66038
1.66762
1.67967
1.69589
1.71409
1.73097
1.7434
1.74975
1.75044
1.74739
1.74313
1.74004
1.74008
1.74471
1.75458
1.76878
1.78451
1.79783
1.80523
1.80502
1.79806
1.78746
1.77754
1.77196
1.77169
1.77376
1.77221
1.76098
1.73714
1.70306
1.667
1.64046
1.63198
1.64139
1.6605
1.67911
1.69004
1.69064
1.68173
1.66616
1.64759
1.62985
1.61629
1.60873
1.6066
1.60735
1.6081
1.60718
1.60478
1.6024
1.60182
1.60427
1.61004
1.61852
1.62846
1.63821
1.64636
1.65273
1.65872
1.66623
1.67629
1.6881
1.69941
1.70754
1.71049
1.7076
1.69958
1.68813
1.67539
1.66354
1.65441
1.64885
1.64628
1.64496
1.64294
1.63914
1.63404
1.6295
1.62782
1.63052
1.63741
1.64672
1.65607
1.66355
1.66858
1.67197
1.67499
1.67806
1.68044
1.68137
1.68122
1.68136
1.68291
1.68536
1.68627
1.68245
1.67157
1.65353
1.63091
1.60826
1.59076
1.58259
1.58554
1.59853
1.61824
1.64051
1.66163
1.67894
1.69096
1.69726
1.69818
1.69475
1.68858
1.68195
1.6777
1.67848
1.6858
1.69898
1.71549
1.73191
1.74521
1.75334
1.75533
1.75084
1.73997
1.72332
1.70241
1.67981
1.65847
1.6402
1.62467
1.61029
1.59655
1.5858
1.58274
1.59133
1.61162
1.63933
1.66824
1.69297
1.71055
1.72028
1.72306
1.72064
1.71505
1.70784
1.69975
1.69076
1.6808
1.67024
1.66009
1.65132
1.6442
1.63796
1.63149
1.62413
1.61622
1.609
1.60436
1.60441
1.61053
1.62195
1.63561
1.64758
1.65479
1.65575
1.65066
1.64098
1.62865
1.61552
1.60296
1.592
1.58358
1.57846
1.57696
1.57877
1.58311
1.58912
1.59595
1.60276
1.60857
1.61231
1.61298
1.61005
1.60397
1.59638
1.58985
1.58706
1.58967
1.59779
1.61049
1.62688
1.6466
1.66926
1.69331
1.71604
1.73446
1.74663
1.75213
1.75191
1.74748
1.74028
1.73154
1.7224
1.71418
1.70827
1.70565
1.70631
1.70929
1.71316
1.71658
1.71844
1.71782
1.7136
1.70454
1.68963
1.66878
1.64343
1.61661
1.59227
1.57408
1.56391
1.56127
1.56393
1.56945
1.57625
1.58379
1.59202
1.60075
1.60927
1.61649
1.6213
1.62297
1.62157
1.61787
1.61301
1.60776
1.60207
1.5951
1.58592
1.57458
1.56274
1.55328
1.5489
1.55079
1.55862
1.57126
1.58732
1.60524
1.62341
1.64026
1.65435
1.66419
1.66803
1.66401
1.65107
1.62986
1.60315
1.57557
1.55235
1.53678
1.52864
1.52513
1.52291
1.51911
1.5119
1.50143
1.49121
1.48776
1.49697
1.51958
1.55067
1.58313
1.61114
1.63118
1.64167
1.6423
1.63353
1.61609
1.59091
1.55942
1.52443
1.49054
1.46322
1.44658
1.44182
1.44796
1.46355
1.48742
1.51852
1.5554
1.5959
1.63702
1.67522
1.70681
1.72864
1.73861
1.73598
1.72165
1.69798
1.66836
1.63653
1.60583
1.57888
1.55728
1.54163
1.53191
1.52784
1.52919
1.53569
1.54676
1.56171
1.57997
1.60141
1.62597
1.65316
1.68164
1.70928
1.73331
1.7509
1.75987
1.75923
1.74958
1.73326
1.71388
1.69556
1.68183
1.6744
1.67271
1.67456
1.67751
1.67994
1.68109
1.6804
1.67683
1.66924
1.65689
1.6396
1.61762
1.59172
1.56376
1.53731
1.51741
1.50899
1.51471
1.53389
1.56316
1.59803
1.63414
1.66788
1.6965
1.71831
1.73254
1.73952
1.74044
1.73718
1.73184
1.72664
1.72358
1.72418
1.72919
1.73834
1.75038
1.76343
1.7755
1.78469
1.78955
1.7893
1.7836
1.77212
1.75425
1.72924
1.69719
1.66017
1.62275
1.59115
1.5713
1.5664
1.57575
1.59538
1.61986
1.64402
1.66413
1.67841
1.68717
1.69249
1.69718
1.70372
1.7132
1.72477
1.73593
1.74345
1.7444
1.73689
1.72018
1.69489
1.66364
1.6317
1.6065
1.59462
1.59766
1.61106
1.62727
1.64031
1.64762
1.64955
1.64822
1.64638
1.64598
1.647
1.64751
1.64502
1.63816
1.62737
1.61455
1.60193
1.59124
1.5835
1.57924
1.57876
1.58196
1.58815
1.59608
1.60438
1.61184
1.61767
1.62109
1.6213
1.6175
1.60956
1.59886
1.5886
1.58323
1.58653
1.59941
1.61927
1.64133
1.66102
1.67548
1.68391
1.68712
1.68687
1.68511
1.68339
1.68214
1.68037
1.67612
1.66747
1.65378
1.63642
1.6186
1.60427
1.59671
1.59754
1.60619
1.6199
1.6341
1.6436
1.64432
1.63463
1.61551
1.58982
1.56127
1.53399
1.51266
1.50224
1.50665
1.52698
1.56062
1.60235
1.64646
1.68814
1.72392
1.75139
1.7691
1.77666
1.7748
1.76528
1.75037
1.73224
1.71244
1.69194
1.6713
1.65117
1.63267
1.61733
1.6069
1.60265
1.60497
1.61296
1.62475
1.63804
1.65081
1.66151
1.6693
1.67375
1.67453
1.67123
1.6632
1.64983
1.63111
1.6084
1.5847
1.56373
1.54783
1.53653
1.52727
1.51752
1.50688
1.49822
1.49762
1.51205
1.54407
1.58806
1.63333
1.67093
1.69767
1.71565
1.72913
1.74142
1.7532
1.76281
1.76796
1.76712
1.76009
1.74768
1.73137
1.71325
1.69621
1.68369
1.6785
1.68143
1.69059
1.70197
1.71107
1.71437
1.71025
1.69913
1.68312
1.66521
1.6483
1.63442
1.62434
1.61783
1.61392
1.61132
1.6086
1.60443
1.59784
1.5884
1.5763
1.56252
1.54883
1.53732
1.52974
1.52681
1.52823
1.53323
1.54119
1.55197
1.56574
1.58249
1.60152
1.62123
1.63932
1.6535
1.66214
1.66469
1.66179
1.65496
1.64631
1.63843
1.63385
1.63406
1.63888
1.64667
1.65531
1.66277
1.66739
1.66815
1.66496
1.65891
1.65172
1.64477
1.63823
1.63119
1.62262
1.61257
1.60268
1.59556
1.59356
1.59754
1.60631
1.61722
1.62726
1.63416
1.63678
1.63513
1.62996
1.62239
1.61369
1.60508
1.59786
1.59323
1.59212
1.59486
1.60081
1.60853
1.61614
1.62209
1.62591
1.62849
1.63181
1.63798
1.64817
1.66205
1.67776
1.69256
1.70373
1.70973
1.71103
1.71007
1.70966
1.71075
1.71131
1.70768
1.69715
1.67948
1.6571
1.63409
1.61482
1.60256
1.59846
1.60154
1.60939
1.61936
1.62953
1.63932
1.64993
1.66438
1.68618
1.71619
1.75019
1.78028
1.79897
1.80214
1.78936
1.76287
1.72647
1.68475
1.6422
1.60261
1.5687
1.54249
1.52605
1.52186
1.53198
1.55693
1.59489
1.64171
1.69188
1.73976
1.78074
1.81167
1.83098
1.83814
1.83362
1.81921
1.79835
1.77596
1.75672
1.74238
1.73097
1.71904
1.70461
1.68816
1.67095
1.65351
1.63564
1.61771
1.60121
1.58829
1.58079
1.57948
1.58369
1.5915
1.60023
1.60718
1.61022
1.60827
1.60151
1.5914
1.58036
1.57121
1.56636
1.56717
1.57365
1.58447
1.59727
1.60904
1.61665
1.61768
1.61127
1.59871
1.5832
1.56871
1.55823
1.55285
1.55209
1.55485
1.56008
1.56692
1.5742
1.58008
1.58227
1.5787
1.5685
1.55332
1.53782
1.52853
1.5305
1.54408
1.56484
1.58658
1.60465
1.61736
1.62533
1.63022
1.63369
1.63685
1.64023
1.64405
1.64835
1.65319
1.6586
1.66458
1.67117
1.67829
1.68549
1.6917
1.69515
1.69395
1.68692
1.6745
1.65911
1.64449
1.63385
1.62831
1.6267
1.62655
1.62546
1.62186
1.61523
1.606
1.59514
1.58369
1.57229
1.56114
1.55034
1.54046
1.53295
1.53005
1.53379
1.54474
1.56139
1.58092
1.60059
1.61904
1.63633
1.65312
1.66949
1.68431
1.69536
1.70014
1.69698
1.68572
1.66809
1.64743
1.62786
1.61299
1.60484
1.60329
1.60647
1.61152
1.61538
1.61538
1.60989
1.59893
1.58447
1.57005
1.55974
1.55706
1.56424
1.58198
1.60943
1.64419
1.68265
1.7206
1.75417
1.78054
1.7983
1.80717
1.80744
1.79947
1.78363
1.76072
1.73292
1.70429
1.68067
1.66807
1.67006
1.6863
1.71312
1.74541
1.77781
1.80534
1.8238
1.8302
1.82318
1.80318
1.77246
1.73495
1.69581
1.66065
1.63429
1.61983
1.61804
1.62749
1.64494
1.66595
1.68561
1.69958
1.70559
1.70498
1.70271
1.70444
1.71218
1.72319
1.7329
1.73818
1.7383
1.73426
1.72792
1.72133
1.71629
1.71386
1.71378
1.71438
1.71324
1.70824
1.69872
1.6857
1.67123
1.65713
1.64394
1.63097
1.61738
1.60326
1.59019
1.5809
1.57823
1.58381
1.59727
1.61628
1.63705
1.65526
1.66719
