-3.35211
-3.35294
-3.35392
-3.35392
-3.35397
-3.35504
-3.35513
-3.35424
-3.35442
-3.35506
-3.35488
-3.35527
-3.35555
-3.35563
-3.35473
-3.35436
-3.3529
-3.35346
-3.35342
-3.35335
-3.35317
-3.35352
-3.35464
-3.35568
-3.3555
-3.35556
-3.35394
-3.35429
-3.35303
-3.35286
-3.35238
-3.35246
-3.3522
-3.35175
-3.35124
-3.3507
-3.34921
-3.34884
-3.34834
-3.34811
-3.34816
-3.34904
-3.34924
-3.34883
-3.3495
-3.34932
-3.34943
-3.34808
-3.3478
-3.34798
-3.34898
-3.34853
-3.34852
-3.34723
-3.34725
-3.34785
-3.34933
-3.34993
-3.35058
-3.35114
-3.35168
-3.35109
-3.35075
-3.34964
-3.34875
-3.34775
-3.34768
-3.34734
-3.3466
-3.3459
-3.34546
-3.34671
-3.34869
-3.34915
-3.34967
-3.34967
-3.34916
-3.34896
-3.34905
-3.3485
-3.34879
-3.34849
-3.34898
-3.34947
-3.35008
-3.35058
-3.35045
-3.35133
-3.35167
-3.3518
-3.3522
-3.35235
-3.35287
-3.35371
-3.35445
-3.3542
-3.35219
-3.35106
-3.35064
-3.35061
-3.34968
-3.35048
-3.35009
-3.35028
-3.3505
-3.35055
-3.35027
-3.35184
-3.35257
-3.35277
-3.35344
-3.3527
-3.35377
-3.35385
-3.35397
-3.35367
-3.35214
-3.3516
-3.35049
-3.34865
-3.34889
-3.34933
-3.35001
-3.35072
-3.35116
-3.35275
-3.35286
-3.35336
-3.35263
-3.35142
-3.35099
-3.35164
-3.35283
-3.35347
-3.35439
-3.35501
-3.35518
-3.35566
-3.35414
-3.35463
-3.35461
-3.35429
-3.35299
-3.35361
-3.35354
-3.35349
-3.35445
-3.35466
-3.35482
-3.35597
-3.35643
-3.35555
-3.35374
-3.35139
-3.35155
-3.35094
-3.35089
-3.35208
-3.35111
-3.35039
-3.34798
-3.3466
-3.34714
-3.34741
-3.34954
-3.35105
-3.35294
-3.35393
-3.35372
-3.35304
-3.3517
-3.35028
-3.3495
-3.34911
-3.34864
-3.34934
-3.3504
-3.35038
-3.35035
-3.35008
-3.34929
-3.35087
-3.35143
-3.35139
-3.35172
-3.35203
-3.35209
-3.35185
-3.35144
-3.35124
-3.35081
-3.35103
-3.35187
-3.35227
-3.35234
-3.35153
-3.35199
-3.35066
-3.34979
-3.34981
-3.34973
-3.35093
-3.35098
-3.35177
-3.35213
-3.35159
-3.3519
-3.35205
-3.35218
-3.35379
-3.35368
-3.35512
-3.35588
-3.35713
-3.35725
-3.35849
-3.35885
-3.35727
-3.35673
-3.35643
-3.35566
-3.35523
-3.35629
-3.35685
-3.35606
-3.35575
-3.35618
-3.35556
-3.35477
-3.35447
-3.3537
-3.35362
-3.3533
-3.35468
-3.3553
-3.35655
-3.35785
-3.3583
-3.35834
-3.35776
-3.35879
-3.35656
-3.35554
-3.3552
-3.35514
-3.35498
-3.35448
-3.35427
-3.35579
-3.3572
-3.35647
-3.35556
-3.35552
-3.35523
-3.35631
-3.35491
-3.35472
-3.35335
-3.35253
-3.35147
-3.35162
-3.35188
-3.35341
-3.3533
-3.3532
-3.35364
-3.35297
-3.35475
-3.3557
-3.3573
-3.35801
-3.3581
-3.35793
-3.35669
-3.35624
-3.35533
-3.35477
-3.3547
-3.35233
-3.35255
-3.3523
-3.35311
-3.3525
-3.35305
-3.35413
-3.35366
-3.35369
-3.35271
-3.35141
-3.35035
-3.35082
-3.34983
-3.35086
-3.35132
-3.35261
-3.35308
-3.35272
-3.35288
-3.3524
-3.3511
-3.35105
-3.35029
-3.35044
-3.35101
-3.35092
-3.35137
-3.35188
-3.35238
-3.35328
-3.35228
-3.35255
-3.35289
-3.35268
-3.35177
-3.3509
-3.35086
-3.35065
-3.35086
-3.35069
-3.3505
-3.35068
-3.3505
-3.35131
-3.35292
-3.35296
-3.35283
-3.35291
-3.35171
-3.35231
-3.3519
-3.35153
-3.3515
-3.3501
-3.35052
-3.35031
-3.34931
-3.34889
-3.3489
-3.3492
-3.34985
-3.35044
-3.34984
-3.35
-3.3499
-3.34893
-3.34757
-3.34775
-3.34705
-3.34659
-3.3459
-3.3468
-3.34716
-3.34763
-3.34899
-3.34889
-3.34879
-3.34963
-3.34951
-3.3502
-3.3486
-3.34821
-3.34778
-3.34937
-3.34932
-3.34858
-3.34826
-3.34723
-3.34645
-3.34579
-3.34516
-3.34553
-3.34459
-3.34586
-3.34721
-3.34656
-3.34575
-3.34665
-3.34819
-3.34813
-3.34868
-3.34834
-3.34829
-3.34928
-3.34967
-3.34902
-3.34986
-3.34931
-3.34844
-3.34756
-3.34654
-3.34622
-3.34688
-3.34861
-3.34957
-3.34988
-3.35061
-3.34967
-3.34908
-3.34901
-3.34836
-3.34946
-3.34976
-3.35012
-3.35096
-3.35112
-3.3515
-3.35068
-3.34962
-3.34787
-3.34645
-3.34494
-3.34397
-3.34251
-3.342
-3.34157
-3.34183
-3.34411
-3.34469
-3.34509
-3.34564
-3.34652
-3.34745
-3.34825
-3.34978
-3.34984
-3.35077
-3.35028
-3.35034
-3.34923
-3.34828
-3.34749
-3.34688
-3.34612
-3.34649
-3.34691
-3.34673
-3.34736
-3.34809
-3.34915
-3.34927
-3.35058
-3.3505
-3.35084
-3.35217
-3.35221
-3.35253
-3.3527
-3.35269
-3.35305
-3.35383
-3.35315
-3.35248
-3.35185
-3.35242
-3.35252
-3.35202
-3.35033
-3.3507
-3.35177
-3.3513
-3.35164
-3.3512
-3.35066
-3.35066
-3.34996
-3.34965
-3.34881
-3.34756
-3.34816
-3.34873
-3.35005
-3.34946
-3.34929
-3.35016
-3.35102
-3.35182
-3.35256
-3.35429
-3.35594
-3.35746
-3.35793
-3.35844
-3.35819
-3.35697
-3.35608
-3.35472
-3.35419
-3.35308
-3.35277
-3.35299
-3.35252
-3.35282
-3.35249
-3.35263
-3.35435
-3.35484
-3.35423
-3.35297
-3.3535
-3.35362
-3.35203
-3.35222
-3.35162
-3.3529
-3.35186
-3.35123
-3.3514
-3.35093
-3.35201
-3.35312
-3.35555
-3.35589
-3.35648
-3.35787
-3.357
-3.35617
-3.35587
-3.35586
-3.35566
-3.35666
-3.35738
-3.35721
-3.3567
-3.35603
-3.3555
-3.35487
-3.35381
-3.3529
-3.3523
-3.35194
-3.35286
-3.35379
-3.35638
-3.3565
-3.35653
-3.35568
-3.35531
-3.35336
-3.35307
-3.35214
-3.35343
-3.3533
-3.35261
-3.35242
-3.35111
-3.35081
-3.35066
-3.35179
-3.35222
-3.35233
-3.3519
-3.35182
-3.3522
-3.35314
-3.35413
-3.35469
-3.3542
-3.35437
-3.35522
-3.35494
-3.35351
-3.35248
-3.35211
-3.35153
-3.3509
-3.35072
-3.352
-3.35287
-3.35408
-3.35433
-3.35466
-3.35466
-3.35423
-3.35289
-3.35341
-3.35305
-3.3528
-3.35282
-3.35221
-3.35185
-3.35089
-3.34998
-3.34885
-3.34963
-3.35003
-3.35052
-3.35152
-3.35143
-3.35277
-3.35162
-3.35075
-3.34989
-3.34841
-3.34775
-3.34774
-3.34767
-3.34895
-3.34891
-3.34994
-3.35245
-3.35517
-3.35579
-3.35704
-3.35714
-3.35744
-3.35655
-3.35638
-3.35658
-3.35573
-3.35472
-3.35408
-3.35245
-3.35208
-3.35046
-3.34997
-3.35044
-3.35024
-3.35063
-3.34923
-3.34935
-3.35031
-3.35064
-3.35142
-3.35107
-3.35125
-3.3505
-3.35054
-3.35037
-3.34957
-3.34918
-3.34919
-3.34838
-3.34753
-3.34674
-3.34602
-3.34583
-3.34687
-3.3471
-3.34789
-3.34824
-3.34812
-3.34904
-3.34967
-3.35179
-3.35235
-3.35484
-3.35503
-3.35519
-3.35445
-3.35401
-3.35442
-3.35373
-3.3534
-3.35328
-3.35248
-3.35223
-3.35145
-3.35132
-3.351
-3.35026
-3.35007
-3.34961
-3.35054
-3.35121
-3.35181
-3.35223
-3.3516
-3.35146
-3.35166
-3.35076
-3.3503
-3.35088
-3.35161
-3.35169
-3.35175
-3.35198
-3.35214
-3.35264
-3.35269
-3.3526
-3.35179
-3.35107
-3.35123
-3.3507
-3.35092
-3.35075
-3.35152
-3.35137
-3.35183
-3.35192
-3.35269
-3.35358
-3.35387
-3.35463
-3.3543
-3.3537
-3.35365
-3.3526
-3.3512
-3.3515
-3.34955
-3.34741
-3.34803
-3.34844
-3.34791
-3.34804
-3.34824
-3.34938
-3.35093
-3.35105
-3.35174
-3.35154
-3.34961
-3.34987
-3.35148
-3.35176
-3.35242
-3.35303
-3.35261
-3.35198
-3.3519
-3.3516
-3.35157
-3.3511
-3.35197
-3.35232
-3.35297
-3.3538
-3.35385
-3.35447
-3.35407
-3.35332
-3.35361
-3.35386
-3.35349
-3.35294
-3.3528
-3.35167
-3.35174
-3.35063
-3.3498
-3.34985
-3.34933
-3.34869
-3.34897
-3.34946
-3.35029
-3.3504
-3.35023
-3.34937
-3.34912
-3.35015
-3.34917
-3.34927
-3.34981
-3.34981
-3.3499
-3.3495
-3.3495
-3.34951
-3.3501
-3.34938
-3.34881
-3.34969
-3.35034
-3.35129
-3.35083
-3.35055
-3.35019
-3.35061
-3.35105
-3.35082
-3.35156
-3.35226
-3.354
-3.35324
-3.35391
-3.35188
-3.34964
-3.34693
-3.34605
-3.34545
-3.34502
-3.34486
-3.34562
-3.34616
-3.34688
-3.34859
-3.35101
-3.35295
-3.35423
-3.35488
-3.35548
-3.3555
-3.355
-3.35486
-3.35436
-3.353
-3.35345
-3.3519
-3.35077
-3.35083
-3.35081
-3.35174
-3.35232
-3.35227
-3.35222
-3.35227
-3.35154
-3.35106
-3.35072
-3.35113
-3.34998
-3.35039
-3.35131
-3.35116
-3.35252
-3.35329
-3.35306
-3.35209
-3.35239
-3.35283
-3.3511
-3.35068
-3.34971
-3.34992
-3.35011
-3.35108
-3.35122
-3.35159
-3.35191
-3.35255
-3.35213
-3.35095
-3.35022
-3.34996
-3.34874
-3.34896
-3.3482
-3.34809
-3.34829
-3.35035
-3.35125
-3.35054
-3.3511
-3.35121
-3.35034
-3.34925
-3.34889
-3.34767
-3.34737
-3.34784
-3.34819
-3.34867
-3.34995
-3.35033
-3.35103
-3.35143
-3.35015
-3.35006
-3.35045
-3.34993
-3.34873
-3.34891
-3.34821
-3.3478
-3.34816
-3.34776
-3.34722
-3.34804
-3.34913
-3.35
-3.34996
-3.35034
-3.35039
-3.34965
-3.34845
-3.34926
-3.34954
-3.35064
-3.35142
-3.35093
-3.35064
-3.35029
-3.35029
-3.3497
-3.34964
-3.34908
-3.34877
-3.34954
-3.34987
-3.34977
-3.34993
-3.34968
-3.35057
-3.3519
-3.35227
-3.35239
-3.35312
-3.35228
-3.35275
-3.35312
-3.354
-3.35437
-3.35486
-3.35389
-3.35209
-3.35111
-3.35052
-3.34928
-3.3489
-3.35013
-3.35075
-3.35054
-3.35233
-3.35281
-3.35403
-3.35436
-3.35341
-3.35268
-3.35312
-3.35309
-3.35256
-3.35409
-3.35485
-3.35605
-3.35693
-3.35704
-3.35699
-3.35592
-3.3564
-3.35609
-3.35497
-3.35302
-3.35381
-3.35236
-3.35095
-3.3505
-3.34943
-3.34837
-3.34843
-3.34868
-3.34882
-3.35094
-3.35205
-3.35238
-3.35294
-3.35282
-3.35315
-3.35251
-3.35135
-3.3506
-3.35046
-3.35003
-3.34916
-3.34991
-3.35059
-3.35213
-3.35325
-3.35553
-3.35771
-3.35814
-3.35807
-3.35723
-3.35619
-3.35524
-3.35602
-3.35528
-3.35421
-3.35458
-3.35405
-3.35371
-3.35288
-3.35255
-3.35253
-3.35257
-3.3525
-3.35348
-3.3536
-3.35437
-3.35416
-3.35325
-3.35174
-3.35147
-3.35062
-3.35014
-3.35023
-3.35014
-3.35117
-3.35139
-3.35231
-3.3521
-3.35309
-3.35402
-3.35471
-3.35601
-3.35532
-3.35541
-3.35523
-3.35552
