2.61903
2.64293
2.64013
2.61844
2.58391
2.54214
2.50076
2.45998
2.41292
2.35561
2.28666
2.20346
2.10996
2.01175
1.91733
1.83197
1.76515
1.71661
1.69214
1.68903
1.7024
1.7245
1.74854
1.77194
1.79557
1.81807
1.84365
1.86643
1.89089
1.91131
1.92953
1.94492
1.96018
1.97615
1.99437
2.0185
2.05576
2.10712
2.17284
2.24276
2.303
2.34193
2.3598
2.36234
2.35601
2.35199
2.35466
2.37091
2.39805
2.43447
2.47346
2.51156
2.54011
2.55802
2.55788
2.53676
2.48996
2.41795
2.32066
2.20432
2.07874
1.95788
1.85232
1.77533
1.73468
1.73669
1.78115
1.86618
1.98266
2.11552
2.24676
2.35674
2.43438
2.47887
2.49176
2.48395
2.46741
2.45158
2.44403
2.44967
2.46549
2.48987
2.51494
2.53627
2.54935
2.55215
2.54513
2.52693
2.50217
2.47277
2.43947
2.40299
2.36065
2.31128
2.25715
2.20534
2.16506
2.139
2.1308
2.14009
2.16447
2.19318
2.224
2.24879
2.26556
2.27407
2.2749
2.26432
2.24511
2.21495
2.17129
2.11832
2.05488
1.9923
1.93765
1.90055
1.88943
1.90468
1.94878
2.01805
2.10031
2.18775
2.26761
2.32792
2.36045
2.36065
2.3378
2.29912
2.25836
2.22235
2.1917
2.16331
2.13217
2.09365
2.04181
1.97606
1.8995
1.81853
1.7474
1.68921
1.65258
1.63557
1.63297
1.63217
1.62988
1.61893
1.59349
1.55503
1.50607
1.45429
1.4148
1.39929
1.41184
1.44853
1.49434
1.54091
1.57484
1.59241
1.60839
1.63693
1.69866
1.79666
1.9203
2.0464
2.13637
2.1696
2.1466
2.09507
2.04668
2.02209
2.02999
2.06722
2.12418
2.19007
2.25391
2.30352
2.33492
2.35225
2.36129
2.37061
2.38492
2.39843
2.41154
2.4179
2.41214
2.3941
2.36615
2.33255
2.29851
2.26791
2.24213
2.21586
2.1838
2.1451
2.10244
2.0637
2.0335
2.02252
2.02884
2.04927
2.0799
2.11182
2.14221
2.16263
2.17268
2.17514
2.17271
2.17278
2.17802
2.18418
2.19052
2.18476
2.16622
2.13402
2.09638
2.05717
2.02545
2.00471
1.98794
1.97276
1.95923
1.94808
1.93928
1.93437
1.93043
1.92146
1.90912
1.90393
1.91417
1.94541
1.99861
2.06329
2.12648
2.16909
2.18249
2.15962
2.1055
2.03245
1.95315
1.87999
1.81807
1.77995
1.75978
1.75689
1.7681
1.78811
1.80922
1.82098
1.8125
1.78237
1.7362
1.67918
1.6206
1.57214
1.53813
1.52842
1.53865
1.57252
1.62531
1.69319
1.76548
1.83472
1.89345
1.94702
1.99694
2.04298
2.07984
2.08765
2.06057
1.99718
1.91376
1.82916
1.75918
1.71428
1.69372
1.69677
1.71667
1.74703
1.78748
1.8279
1.87291
1.91993
1.97131
2.01948
2.06219
2.10172
2.13659
2.17193
2.20794
2.24216
2.26851
2.2861
2.28347
2.26152
2.22152
2.17634
2.13829
2.11486
2.11254
2.13105
2.16272
2.20462
2.24851
2.29089
2.33017
2.36144
2.38308
2.39424
2.39523
2.39198
2.38204
2.36988
2.3591
2.35303
2.35377
2.36294
2.38326
2.41188
2.44437
2.47171
2.48479
2.47969
2.45393
2.41075
2.35693
2.2919
2.2173
2.14116
2.0676
2.01043
1.97392
1.95863
1.96435
1.98122
2.00843
2.04225
2.07659
2.10735
2.13039
2.14273
2.14514
2.14249
2.13623
2.13225
2.13499
2.14688
2.16842
2.20735
2.26466
2.34073
2.42751
2.51854
2.60035
2.66057
2.69751
2.71075
2.70565
2.69274
2.67403
2.65622
2.63407
2.61033
2.58386
2.5637
2.55156
2.54751
2.55291
2.56367
2.5766
2.58956
2.60133
2.61811
2.63686
2.6604
2.68661
2.70362
2.70048
2.67555
2.6336
2.57489
2.50671
2.43265
2.35736
2.28916
2.23403
2.19323
2.17722
2.18978
2.23298
2.30397
2.39183
2.48101
2.55518
2.60745
2.63858
2.65535
2.67116
2.69123
2.7204
2.75889
2.79131
2.80169
2.77172
2.69973
2.60337
2.50309
2.41926
2.36167
2.33651
2.34358
2.38239
2.44946
2.54299
2.65509
2.77715
2.89281
2.98245
3.03915
3.05648
3.03657
2.98355
2.90177
2.79564
2.66951
2.53498
2.39891
2.27717
2.17888
2.11711
2.09636
2.11847
2.17992
2.27285
2.38356
2.50105
2.61483
2.71354
2.79246
2.84852
2.88327
2.89369
2.88433
2.85327
2.80147
2.73499
2.65344
2.55874
2.45223
2.336
2.21561
2.10228
2.00353
1.92899
1.88401
1.87424
1.89738
1.94636
2.0038
2.05824
2.10186
2.12536
2.13289
2.13006
2.12328
2.11956
2.11974
2.12746
2.1457
2.17409
2.21753
2.27478
2.34859
2.43184
2.51649
2.59197
2.64215
2.65192
2.6121
2.52739
2.40919
2.27391
2.13445
2.00449
1.89384
1.80649
1.74628
1.71018
1.69642
1.6966
1.70394
1.71303
1.71501
1.70735
1.68619
1.65117
1.61131
1.5729
1.54209
1.5213
1.51872
1.53886
1.57692
1.63743
1.71721
1.82391
1.95119
2.09019
2.22762
2.33987
2.41101
2.42948
2.40335
2.34149
2.26007
2.18024
2.11034
2.05544
2.01542
1.98541
1.95535
1.92098
1.88113
1.83856
1.80147
1.77977
1.78285
1.81689
1.88256
1.97644
2.08889
2.20037
2.28918
2.33288
2.33411
2.30376
2.26596
2.2366
2.22682
2.23055
2.24519
2.25817
2.2699
2.2796
2.29165
2.31586
2.35238
2.40042
2.45152
2.50111
2.54253
2.57233
2.58703
2.58558
2.56861
2.53985
2.50473
2.46927
2.4351
2.40545
2.38606
2.37987
2.3868
2.4063
2.4349
2.46173
2.47212
2.45318
2.4057
2.33697
2.26375
2.19846
2.15049
2.12258
2.11316
2.11269
2.1197
2.12821
2.13695
2.15045
2.17317
2.21169
2.26603
2.33138
2.3938
2.44446
2.47265
2.47333
2.45163
2.41313
2.37899
2.36116
2.37236
2.41799
2.49175
2.58391
2.68259
2.77098
2.8373
2.86155
2.83106
2.74538
2.61744
2.4602
2.29541
2.13726
2.00036
1.8906
1.8142
1.77544
1.77111
1.7951
1.8425
1.90284
1.97475
2.05074
2.12824
2.20664
2.2795
2.34494
2.39176
2.41679
2.42136
2.40669
2.38139
2.35017
2.32202
2.29909
2.28594
2.28485
2.29526
2.31854
2.35834
2.41471
2.4866
2.56879
2.65055
2.71906
2.77047
2.80397
2.82854
2.85098
2.86904
2.8751
2.84753
2.77115
2.63504
2.46518
2.2915
2.14291
2.02763
1.93949
1.86984
1.80762
1.75198
1.70964
1.6855
1.68549
1.70783
1.75059
1.80876
1.87331
1.93572
1.98233
2.00719
2.00802
1.99142
1.97147
1.95971
1.96709
2.00055
2.05582
2.12497
2.19975
2.27207
2.33434
2.38349
2.42054
2.44774
2.47045
2.49274
2.51978
2.55334
2.59341
2.64161
2.69224
2.74137
2.78018
2.80631
2.81509
2.80899
2.78873
2.75711
2.71595
2.66343
2.60256
2.53478
2.46423
2.40071
2.35031
2.3146
2.30119
2.30434
2.31419
2.32833
2.33966
2.33784
2.31956
2.28457
2.23927
2.19371
2.15161
2.12099
2.10678
2.10317
2.10823
2.12103
2.13474
2.14958
2.16958
2.19591
2.22649
2.25704
2.27852
2.28495
2.27132
2.24469
2.21229
2.18374
2.16782
2.16598
2.18072
2.20846
2.24314
2.28197
2.32125
2.35545
2.3792
2.39138
2.38746
2.37314
2.35081
2.32549
2.30432
2.2882
2.27283
2.25362
2.22452
2.18428
2.13407
2.081
2.032
1.99457
1.97877
1.97817
1.98651
1.99723
2.00707
2.02326
2.05479
2.10932
2.1851
2.27625
2.36668
2.43996
2.48826
2.50696
2.50168
2.47721
2.44209
2.40099
2.3571
2.30833
2.2438
2.1563
2.04405
1.92782
1.82666
1.77029
1.76717
1.81868
1.91347
2.04106
2.18612
2.33293
2.46714
2.58059
2.66478
2.71077
2.71094
2.66107
2.56097
2.41775
2.24498
2.0623
1.8887
1.73866
1.6244
1.55277
1.52168
1.53572
1.58512
1.65726
1.73838
1.81239
1.87598
1.93519
1.99849
2.07054
2.15072
2.23315
2.316
2.39799
2.48063
2.55341
2.61082
2.64956
2.66336
2.65804
2.64082
2.62032
2.60239
2.59598
2.60846
2.63386
2.67056
2.70813
2.73968
2.75638
2.75673
2.73921
2.70863
2.67191
2.64076
2.62416
2.62723
2.65181
2.69547
2.74393
2.78874
2.81816
2.82944
2.82172
2.80344
2.77881
2.74668
2.71419
2.6884
2.6754
2.67977
2.70593
2.7449
2.78169
2.79758
2.77753
2.72041
2.64307
2.56252
2.4939
2.44465
2.40841
2.38143
2.36099
2.34329
2.32329
2.30397
2.28324
2.2604
2.23803
2.21537
2.19029
2.16525
2.14293
2.12828
2.12476
2.13922
2.17552
2.23096
2.2934
2.35502
2.40376
2.43814
2.46327
2.4841
2.50809
2.53913
2.58005
2.62749
2.67993
2.73292
2.78295
2.83155
2.87792
2.91861
2.94964
2.96144
2.94905
2.91341
2.85843
2.79179
2.72542
2.65916
2.59554
2.53238
2.47185
2.41713
2.37796
2.36099
2.3685
2.40101
2.4542
2.51482
2.56871
2.6082
2.62764
2.62315
2.6061
2.58223
2.56376
2.55942
2.57144
2.59751
2.63324
2.66699
2.6815
2.67001
2.62358
2.54149
2.42783
2.28997
2.14157
1.99263
1.85979
1.75247
1.6757
1.62515
1.60807
1.61957
1.65644
1.7175
1.79378
1.86962
1.92769
1.95011
1.9234
1.85443
1.75511
1.64068
1.53009
1.43791
1.37998
1.36491
1.39498
1.46765
1.57614
1.70713
1.8401
1.9596
2.04875
2.10007
2.10902
2.08273
2.03457
1.97685
1.92552
1.89293
1.88502
1.89446
1.91112
1.91672
1.9034
1.88358
1.86915
1.87025
1.88718
1.91681
1.95351
1.99086
2.02118
2.04419
2.05828
2.0712
2.08994
2.12061
2.16217
2.21436
2.26965
2.32252
2.37271
2.42
2.46944
2.51763
2.56196
2.59006
2.59551
2.57428
2.52724
2.46696
2.40176
2.34741
2.31445
