-4.9493
-4.93955
-4.93765
-4.94057
-4.94691
-4.95536
-4.96251
-4.96828
-4.97597
-4.98672
-5.00052
-5.01907
-5.04098
-5.06461
-5.08704
-5.10751
-5.12231
-5.13309
-5.13673
-5.13437
-5.12748
-5.11886
-5.11081
-5.10373
-5.09676
-5.09096
-5.08396
-5.07932
-5.0738
-5.07055
-5.06828
-5.0676
-5.0672
-5.06689
-5.06631
-5.06436
-5.05815
-5.04817
-5.03345
-5.01728
-5.00417
-4.99823
-4.99875
-5.00388
-5.01221
-5.01914
-5.02376
-5.02298
-5.01882
-5.01141
-5.00305
-4.9937
-4.98702
-4.98236
-4.98316
-4.98983
-5.00399
-5.0247
-5.05264
-5.08602
-5.12206
-5.15614
-5.18591
-5.20697
-5.21754
-5.21552
-5.20137
-5.17487
-5.13852
-5.09695
-5.05571
-5.02161
-4.99769
-4.98315
-4.97838
-4.97968
-4.98334
-4.98683
-4.98778
-4.98419
-4.97775
-4.96826
-4.95889
-4.95064
-4.94503
-4.94261
-4.943
-4.94743
-4.9537
-4.96135
-4.97037
-4.98029
-4.99236
-5.0071
-5.02377
-5.03982
-5.05197
-5.0606
-5.06438
-5.06313
-5.0568
-5.04994
-5.04165
-5.03523
-5.03091
-5.02854
-5.02771
-5.03061
-5.03508
-5.04214
-5.0533
-5.0666
-5.08425
-5.10154
-5.11693
-5.12729
-5.12957
-5.12466
-5.11084
-5.08894
-5.06392
-5.037
-5.01199
-4.9924
-4.98065
-4.97892
-4.98297
-4.99136
-4.99889
-5.00372
-5.00631
-5.00789
-5.01
-5.01385
-5.02201
-5.03468
-5.05108
-5.06975
-5.08511
-5.09802
-5.10437
-5.10473
-5.10038
-5.09674
-5.09358
-5.09357
-5.09916
-5.10924
-5.12359
-5.14048
-5.15426
-5.16079
-5.15876
-5.14945
-5.13902
-5.12849
-5.12285
-5.12376
-5.12487
-5.1226
-5.10896
-5.08373
-5.0502
-5.01441
-4.99
-4.98303
-4.99432
-5.01444
-5.03283
-5.04308
-5.04234
-5.03201
-5.01566
-4.9967
-4.97848
-4.96563
-4.95914
-4.95698
-4.9577
-4.95817
-4.95646
-4.95565
-4.95383
-4.95321
-4.956
-4.96208
-4.97062
-4.98031
-4.98964
-4.9976
-5.00355
-5.00975
-5.0181
-5.02856
-5.04043
-5.05094
-5.05953
-5.06115
-5.05739
-5.04939
-5.03786
-5.02633
-5.01452
-5.00619
-5.00097
-4.99787
-4.99686
-4.99499
-4.99132
-4.98784
-4.98318
-4.98295
-4.98641
-4.99454
-5.00397
-5.01456
-5.0224
-5.02585
-5.0287
-5.03142
-5.03372
-5.03567
-5.03766
-5.03807
-5.03741
-5.03866
-5.04154
-5.04183
-5.03723
-5.02604
-5.00723
-4.98453
-4.96156
-4.94544
-4.93789
-4.94209
-4.95638
-4.97654
-4.99885
-5.01939
-5.03773
-5.04752
-5.0528
-5.05338
-5.04989
-5.04356
-5.03643
-5.03197
-5.03427
-5.043
-5.05545
-5.07105
-5.08743
-5.10044
-5.10965
-5.11024
-5.10556
-5.09332
-5.07585
-5.05388
-5.03143
-5.01035
-4.99361
-4.97797
-4.96349
-4.95019
-4.93876
-4.93749
-4.94703
-4.96891
-4.99734
-5.02634
-5.0509
-5.06725
-5.07652
-5.07839
-5.07541
-5.06974
-5.06017
-5.0523
-5.04306
-5.03391
-5.02274
-5.01314
-5.00545
-4.99786
-4.99165
-4.9842
-4.97554
-4.96657
-4.95982
-4.9542
-4.95527
-4.96185
-4.97457
-4.98868
-5.00029
-5.00767
-5.00815
-5.00176
-4.99202
-4.97894
-4.96596
-4.95397
-4.94292
-4.93495
-4.93034
-4.92934
-4.93205
-4.93539
-4.94167
-4.94883
-4.95544
-4.96035
-4.96322
-4.96383
-4.9607
-4.95483
-4.94707
-4.94035
-4.93775
-4.94016
-4.9491
-4.96341
-4.97983
-4.99943
-5.02216
-5.04501
-5.06835
-5.08637
-5.09816
-5.10364
-5.10201
-5.098
-5.09059
-5.08085
-5.07129
-5.06308
-5.05748
-5.0555
-5.05675
-5.05914
-5.06317
-5.06647
-5.06738
-5.06539
-5.06135
-5.05159
-5.03622
-5.01468
-4.99023
-4.96377
-4.9399
-4.92307
-4.91281
-4.91005
-4.91356
-4.91896
-4.92645
-4.9324
-4.94024
-4.94853
-4.95863
-4.96581
-4.96988
-4.97123
-4.96879
-4.96433
-4.9588
-4.95291
-4.9476
-4.93969
-4.93178
-4.9218
-4.9093
-4.89903
-4.89555
-4.89898
-4.90674
-4.91995
-4.93566
-4.95353
-4.9727
-4.98994
-5.00337
-5.01406
-5.01734
-5.01245
-4.99863
-4.9764
-4.94937
-4.92245
-4.90095
-4.88635
-4.87852
-4.87574
-4.87257
-4.8682
-4.86091
-4.84979
-4.84067
-4.83752
-4.84709
-4.87054
-4.90179
-4.93463
-4.96182
-4.9808
-4.98954
-4.98875
-4.97847
-4.96006
-4.93341
-4.90142
-4.866
-4.83237
-4.80734
-4.79127
-4.78691
-4.79361
-4.81007
-4.83486
-4.86677
-4.90518
-4.94574
-4.98779
-5.0255
-5.05715
-5.07787
-5.08688
-5.08347
-5.06853
-5.0441
-5.01485
-4.98344
-4.95256
-4.92624
-4.90537
-4.89078
-4.88118
-4.87842
-4.8797
-4.88653
-4.89892
-4.91392
-4.93251
-4.95411
-4.97867
-5.00621
-5.03547
-5.06243
-5.08579
-5.10275
-5.11229
-5.11175
-5.1016
-5.08358
-5.06457
-5.04733
-5.03313
-5.02604
-5.02392
-5.02523
-5.02817
-5.02989
-5.03075
-5.02921
-5.02438
-5.0174
-5.00562
-4.98966
-4.96708
-4.94101
-4.91392
-4.88833
-4.86922
-4.86155
-4.869
-4.88983
-4.92062
-4.95596
-4.99258
-5.02607
-5.05347
-5.07438
-5.08726
-5.09371
-5.09352
-5.08996
-5.08483
-5.07916
-5.0764
-5.07667
-5.08182
-5.09269
-5.10522
-5.11766
-5.12847
-5.13819
-5.14317
-5.14133
-5.13582
-5.12374
-5.10714
-5.0811
-5.04842
-5.01157
-4.97368
-4.94316
-4.92442
-4.92195
-4.93164
-4.95186
-4.97773
-5.00102
-5.02029
-5.03427
-5.04303
-5.04815
-5.05384
-5.06111
-5.07041
-5.08147
-5.09197
-5.09895
-5.09927
-5.0907
-5.07308
-5.04719
-5.01558
-4.98457
-4.96029
-4.951
-4.95417
-4.96759
-4.98294
-4.99562
-5.00098
-5.00262
-5.00036
-4.99981
-4.99928
-4.99961
-4.99992
-4.99613
-4.98897
-4.97803
-4.96634
-4.95415
-4.94357
-4.9354
-4.93106
-4.93096
-4.9351
-4.94228
-4.95077
-4.95858
-4.96621
-4.97289
-4.97603
-4.97481
-4.96998
-4.96168
-4.95039
-4.9395
-4.93395
-4.93853
-4.95228
-4.97334
-4.99566
-5.01568
-5.03014
-5.03814
-5.04002
-5.04028
-5.03816
-5.03619
-5.03496
-5.03258
-5.02797
-5.01837
-5.00375
-4.98527
-4.96823
-4.9543
-4.94723
-4.94905
-4.95762
-4.97266
-4.98572
-4.99434
-4.99421
-4.98304
-4.96326
-4.93756
-4.90894
-4.88294
-4.86157
-4.85219
-4.8591
-4.88215
-4.91641
-4.95939
-5.0036
-5.04559
-5.08048
-5.10777
-5.12568
-5.13239
-5.12952
-5.11935
-5.10282
-5.08431
-5.0629
-5.04191
-5.02173
-5.00141
-4.9833
-4.96656
-4.95625
-4.95296
-4.9556
-4.96437
-4.97581
-4.9893
-5.0013
-5.01205
-5.01967
-5.02331
-5.02371
-5.02042
-5.01158
-4.99736
-4.97785
-4.95442
-4.93053
-4.9106
-4.89493
-4.88442
-4.87551
-4.86564
-4.85592
-4.84789
-4.84941
-4.8644
-4.8989
-4.94309
-4.98852
-5.02538
-5.05168
-5.07007
-5.08286
-5.09482
-5.10648
-5.11529
-5.12019
-5.11857
-5.1114
-5.09869
-5.08163
-5.06332
-5.04582
-5.03423
-5.02971
-5.03324
-5.04282
-5.05357
-5.06253
-5.06603
-5.061
-5.04943
-5.034
-5.01682
-4.99999
-4.98617
-4.97632
-4.96997
-4.96656
-4.96401
-4.9612
-4.95622
-4.94891
-4.93964
-4.927
-4.91344
-4.89957
-4.88885
-4.88111
-4.87864
-4.88015
-4.88592
-4.89477
-4.90584
-4.92036
-4.93679
-4.95522
-4.97488
-4.99192
-5.0047
-5.01365
-5.01424
-5.00921
-5.00299
-4.99475
-4.98634
-4.9819
-4.98231
-4.98826
-4.9976
-5.00636
-5.01451
-5.01893
-5.01776
-5.01483
-5.01039
-5.00348
-4.9972
-4.99126
-4.9838
-4.9746
-4.96448
-4.95428
-4.94712
-4.94466
-4.94951
-4.95863
-4.97019
-4.98106
-4.98801
-4.99125
-4.9892
-4.98328
-4.976
-4.96755
-4.95857
-4.9508
-4.94603
-4.9438
-4.9466
-4.95144
-4.95834
-4.96599
-4.97143
-4.97459
-4.97745
-4.98128
-4.98827
-4.99857
-5.01228
-5.02713
-5.04168
-5.05389
-5.0589
-5.0603
-5.05988
-5.05947
-5.06065
-5.06081
-5.05718
-5.04666
-5.02958
-5.00648
-4.9829
-4.96451
-4.9529
-4.94975
-4.95237
-4.95994
-4.96955
-4.98014
-4.99038
-5.00075
-5.01595
-5.03845
-5.07019
-5.10344
-5.1342
-5.15085
-5.15179
-5.13629
-5.10892
-5.07193
-5.02977
-4.98706
-4.94823
-4.91486
-4.88937
-4.87464
-4.87286
-4.88493
-4.91116
-4.94977
-4.99719
-5.04738
-5.09476
-5.1356
-5.16603
-5.18398
-5.19159
-5.18552
-5.16998
-5.14918
-5.12677
-5.10845
-5.0947
-5.08324
-5.07126
-5.05689
-5.03969
-5.022
-5.00423
-4.98678
-4.96769
-4.9516
-4.9396
-4.93196
-4.932
-4.93698
-4.94456
-4.95232
-4.95957
-4.96305
-4.95937
-4.9522
-4.94112
-4.93029
-4.92131
-4.91744
-4.91839
-4.92524
-4.93638
-4.94982
-4.96117
-4.9676
-4.96789
-4.96123
-4.94745
-4.93217
-4.91691
-4.90631
-4.90114
-4.90245
-4.9061
-4.91063
-4.91802
-4.92541
-4.93042
-4.93152
-4.92759
-4.91617
-4.90069
-4.88566
-4.87672
-4.87917
-4.89403
-4.91516
-4.93761
-4.95609
-4.96751
-4.97539
-4.98068
-4.98362
-4.98557
-4.98915
-4.99225
-4.99616
-5.00136
-5.00636
-5.0118
-5.01921
-5.02742
-5.03549
-5.04166
-5.04548
-5.04434
-5.03657
-5.02295
-5.00837
-4.99402
-4.98449
-4.97973
-4.97763
-4.97719
-4.97575
-4.97216
-4.96493
-4.95564
-4.94422
-4.93245
-4.92183
-4.91101
-4.90012
-4.89039
-4.88263
-4.88062
-4.88569
-4.89701
-4.91378
-4.93404
-4.95287
-4.97178
-4.98945
-5.00712
-5.02386
-5.03917
-5.04925
-5.05224
-5.04809
-5.03624
-5.01737
-4.99633
-4.97799
-4.96373
-4.95538
-4.95562
-4.95928
-4.96556
-4.96974
-4.96879
-4.96257
-4.95204
-4.93756
-4.92261
-4.91383
-4.91191
-4.92029
-4.93891
-4.96647
-5.00118
-5.03858
-5.077
-5.11026
-5.13551
-5.15132
-5.16098
-5.15981
-5.15043
-5.13412
-5.11015
-5.08129
-5.05272
-5.02935
-5.01689
-5.02099
-5.03835
-5.06551
-5.09835
-5.13063
-5.15849
-5.17631
-5.18155
-5.17378
-5.15364
-5.12248
-5.08411
-5.04572
-5.01124
-4.98642
-4.97308
-4.97357
-4.9852
-5.00308
-5.02402
-5.04284
-5.05576
-5.06083
-5.06099
-5.05799
-5.05865
-5.06675
-5.07724
-5.08661
-5.09107
-5.09085
-5.08679
-5.08049
-5.07383
-5.06977
-5.06746
-5.06815
-5.06854
-5.06649
-5.05998
-5.05019
-5.03632
-5.02137
-5.00736
-4.99408
-4.98214
-4.96878
-4.95557
-4.94229
-4.93399
-4.93225
-4.93852
-4.95328
-4.9716
-4.99246
-5.01049
-5.02271
