1
0.602666
1.49877
1.45271
0.648235
1.46016
1.65252
1.11857
2.04886
1.99937
2.44514
2.75142
3.68643
3.02418
3.1264
4.02839
4.56484
4.6192
3.76994
3.5298
3.8457
4.49272
3.59823
4.22224
4.1378
4.5764
3.81533
4.3888
4.89047
4.72863
4.81462
5.12776
5.99145
5.64424
4.65854
4.6125
3.92383
3.06506
2.89988
2.9364
2.81667
3.42881
4.41537
4.74981
5.04432
5.35137
4.96311
5.13914
4.96103
5.18853
5.41567
4.91818
4.05185
3.5412
3.92977
3.88178
4.8683
5.65868
5.13119
5.56004
4.58233
4.13294
3.47347
3.32084
3.44009
2.99764
3.89738
4.0457
3.85395
4.21001
3.91364
3.04446
2.68032
2.25696
2.87106
2.8569
3.11161
3.30157
2.81924
2.96383
2.50831
2.59258
2.36202
3.09866
4.05495
4.82463
5.75119
5.34783
5.61824
5.09597
4.49773
5.10956
4.56995
4.29565
4.47473
3.51151
4.0301
4.14569
4.95718
5.78748
1
1.73083
0.948921
1.85621
2.19936
2.29236
1.67504
1.62684
0.871568
0.76331
1.3351
2.22333
2.8144
2.81772
2.29872
1.87106
1.90518
1.38793
1.70027
2.43738
3.05781
2.91019
2.45453
2.88399
2.42128
2.12343
1.88435
1.37196
2.13432
1.24681
1.69672
2.21706
2.63617
2.25992
2.82682
3.14357
2.17033
1.57633
2.0719
2.27339
3.09067
3.42814
3.95658
4.45324
4.54917
5.44927
5.19032
5.4687
5.78405
6.73829
6.00883
5.785
6.50225
5.52892
5.4029
6.22058
6.59931
7.2967
7.37397
7.83891
8.08269
8.35635
9.10164
8.79397
9.48382
10.0037
10.95
10.645
9.69799
9.41417
8.44179
7.87305
7.85266
6.91654
7.78719
8.60125
8.62307
7.83775
7.52497
7.74022
7.8472
7.45736
7.59683
8.34258
7.98632
8.60842
8.91489
9.52283
9.03542
8.28764
8.50087
9.35898
9.21
8.52052
7.58204
7.83378
8.17468
7.82908
7.9771
7.51659
1
1.90058
1.6774
1.79858
2.42442
1.64414
1.8164
1.6679
1.72472
1.52677
2.12793
2.68777
2.95595
2.08239
2.12664
2.01614
2.62819
1.81374
1.26165
1.85298
2.71323
2.99924
3.90855
3.07658
2.801
2.09784
2.87927
3.81419
3.30639
3.59386
3.84188
3.67271
4.14761
3.25459
3.51289
3.20692
3.99718
4.82744
4.30055
4.08608
4.95743
4.32842
4.92106
4.56748
4.48346
3.53044
3.70725
2.95955
3.63575
3.9715
4.58985
4.1983
4.34872
4.0438
3.41463
3.45129
2.45674
3.13709
2.4312
3.36041
3.99709
3.70599
3.8596
3.95379
4.10337
4.2911
4.80381
4.68823
5.14047
5.37869
5.85604
6.41256
6.41609
6.96719
7.29872
8.27338
8.74028
8.32744
9.21208
8.98891
7.99492
8.85944
7.92447
8.86874
8.55554
9.18337
9.79844
10.3997
11.1989
10.7259
10.3206
10.7309
10.0351
10.576
11.2162
11.3889
11.5075
11.4996
10.5989
11.2255
1
0.518011
1.39852
1.38748
0.61397
1.1895
1.63269
2.34055
2.93849
2.95362
2.41879
3.01069
2.23623
1.5728
2.55068
3.35837
3.2455
4.134
3.15756
3.66224
4.27633
5.13548
5.89451
5.1895
4.33679
4.0578
4.01561
3.53087
3.89635
4.49448
4.99333
4.34302
4.76972
5.40444
5.53591
5.77319
5.31824
5.04333
5.46031
5.81814
4.98427
4.02268
4.6479
4.00654
3.49412
2.56184
2.75498
2.92129
3.24943
3.0407
4.00511
4.4699
4.06572
4.54209
4.87383
5.2217
4.54617
4.91896
4.80289
5.60288
5.60427
6.07026
6.08888
5.73309
5.44139
5.11562
5.84364
6.70943
6.95363
7.06954
7.9683
8.44495
8.20704
8.11796
7.96454
7.43841
6.98769
7.92413
7.47048
7.01574
7.32234
6.46111
5.91254
6.22826
7.13426
7.25224
7.70238
7.26587
7.824
7.18319
8.04362
8.92355
9.49946
10.479
11.1119
10.1488
9.62057
8.98896
9.01575
8.48018
1
1.95588
1.27121
2.15575
2.79301
3.7576
3.84506
4.23764
4.82631
4.85421
4.95335
4.22154
3.49401
3.30617
3.07411
3.59299
4.10809
4.7064
5.58786
5.54059
5.29843
4.73208
3.92054
3.9946
4.91471
4.42306
3.97668
4.00014
4.71096
4.45732
4.7705
5.04031
4.29056
4.40083
4.71244
4.75203
4.91315
4.13986
4.11072
3.13376
2.7701
2.64598
3.37644
3.2852
3.70535
3.95376
4.22216
4.7183
5.60298
6.13423
6.94064
6.98298
7.95988
7.11023
7.42224
7.07997
7.42094
7.48729
6.65387
6.10946
6.11779
5.58313
5.03754
4.24366
3.93581
4.92923
4.76766
3.99341
4.40764
5.07398
5.53759
4.99803
4.73199
4.78952
4.99249
4.5198
3.53108
4.20668
4.9609
5.60142
6.52451
6.3957
5.75685
5.38965
5.85921
5.9739
5.9028
6.76803
7.50958
8.18245
7.3929
8.15134
7.571
6.61587
5.88022
6.86823
7.20144
7.1754
7.01118
7.48121
1
1.89839
2.36637
3.17446
4.11125
4.98788
4.86728
5.38865
6.12039
5.84677
5.51912
5.48439
5.40483
5.84404
6.82087
7.32279
7.51566
7.62303
7.33975
7.00671
7.88198
6.98593
7.3121
6.66361
7.03835
7.7113
7.98555
7.44624
6.82986
7.57247
6.60858
6.5584
7.47
7.48928
7.27473
7.22817
6.41837
5.66722
5.02295
4.72274
4.51813
5.42164
4.46375
3.73893
3.40199
2.40608
3.2781
3.84563
4.13508
4.33444
3.52072
3.80701
4.41884
5.16509
5.35143
5.7118
4.9705
5.45117
5.52501
6.36485
5.69525
5.54902
5.80315
6.55172
6.99447
6.39931
6.29372
5.36316
6.04634
5.87168
5.96298
5.38203
5.96747
5.93838
6.7724
6.91098
6.16489
6.75922
7.22612
6.54885
7.14876
8.03683
8.47207
8.83511
8.91672
9.59206
9.89235
10.4385
9.45841
10.1009
9.98775
9.32759
9.33631
10.0922
9.28761
8.89405
9.12492
9.86177
9.29566
8.9496
1
1.22169
2.04706
2.32807
2.63563
3.40908
4.36727
5.0923
5.14152
6.06666
5.70164
6.68789
6.37433
5.83952
5.26693
5.32138
5.15076
6.0699
5.56767
4.9771
4.25753
4.69048
4.23139
3.60018
2.78592
2.38779
3.12378
3.61546
3.1638
2.58405
2.78953
3.30146
3.09541
2.47198
2.56004
2.02561
1.92123
2.29128
2.13252
2.8268
2.96899
3.75798
3.26322
4.0116
3.3187
3.06716
3.53545
2.79783
3.2243
3.97247
3.2841
2.88534
3.16785
3.52616
3.23302
2.74462
1.80133
2.69309
3.16472
3.08977
3.6963
2.72798
3.55614
2.58296
1.6696
2.33845
1.35722
0.688316
1.0794
1.05105
1.80742
2.54826
3.25799
3.01021
3.41005
3.39982
4.16993
4.46086
4.16085
4.85198
4.2549
3.43279
2.7341
2.51985
1.5904
2.10232
1.80879
2.16047
2.66514
2.80608
2.13031
2.73002
3.70717
3.38254
2.47814
1.55932
2.21437
1.62675
2.48155
2.66167
1
1.42445
1.64335
2.29041
2.92565
3.23372
2.68892
2.02877
2.22901
2.08982
3.07904
2.09235
2.19914
2.17766
2.26211
3.01449
3.21152
3.74936
3.62195
4.54661
4.42612
5.34974
5.30306
5.8326
5.88846
5.43678
5.337
5.671
6.61778
6.12338
5.59692
5.4314
6.21121
5.76169
6.67189
6.55149
5.89565
6.32399
6.89208
7.64508
7.3056
7.63406
8.11909
7.40913
6.74716
6.87645
6.16563
5.39557
5.65912
5.46328
6.06457
6.25344
6.96062
6.49113
6.74649
7.37771
8.27221
9.06208
9.73633
10.2174
11.0039
11.9661
12.7858
12.3878
13.2103
13.7118
12.948
13.1348
12.3517
11.5359
12.5253
12.003
12.6705
11.8222
12.4048
11.9116
12.5204
12.6479
12.0593
11.1041
12.0889
11.7544
10.8766
11.7003
11.7979
11.1001
10.6322
10.4971
10.4821
9.56892
9.03024
9.7622
10.0966
10.0229
9.67617
9.26965
9.26681
8.40787
9.00576
8.86271
1
0.759601
1.20298
0.286421
0.844209
0.306652
0.901683
1.72714
2.44805
3.21997
2.71673
3.37658
2.51271
2.7283
2.75345
1.91432
2.91062
2.05983
2.20659
1.77741
1.56006
0.883387
1.21659
0.39717
1.32971
1.74167
1.738
1.80744
2.71265
3.58567
2.91242
2.74527
2.39212
3.34935
2.9659
2.63093
1.8528
1.80154
2.07067
2.68296
2.45838
3.30634
2.90724
2.73401
2.96493
2.6192
2.19211
3.03935
3.78247
4.34395
5.29619
5.30865
5.01
4.98693
5.35354
4.93825
5.82087
6.74852
7.29324
6.6367
6.26371
6.01461
6.32132
6.12832
5.96818
6.00577
5.00899
4.8103
5.53597
5.12819
4.1719
3.24892
3.89991
4.42004
4.81498
5.76412
6.70094
6.20553
5.84499
6.55659
6.77468
7.56821
7.22874
7.75818
8.16874
7.52023
6.81434
6.02432
6.12044
5.52023
4.93263
5.26327
5.9025
6.29145
7.07208
7.88919
8.5631
9.4302
9.76951
10.6657
1
0.912065
1.43768
0.630868
1.50098
2.46317
2.80963
3.40205
2.80941
2.85892
1.98247
2.8916
3.63255
4.20273
4.72938
5.6003
5.55064
5.34225
4.80834
4.48502
4.71791
4.56464
5.01191
5.72455
5.31423
6.17037
5.52578
4.93382
5.80717
5.67924
6.59417
6.26661
6.35578
5.60742
5.26644
4.32425
4.47363
3.97865
4.83828
5.14879
4.77643
4.81418
5.74761
5.16945
4.42319
4.31673
4.58034
4.31006
3.82479
3.63706
3.38656
2.89649
3.43555
3.59473
4.52774
5.02223
4.81815
5.3306
4.6675
4.97595
5.22688
4.36647
4.8676
5.69157
6.40939
6.93927
6.35669
6.5803
6.69223
7.66426
7.64458
7.20786
6.93231
7.06127
6.6865
6.43302
5.57648
6.11877
5.72926
5.95684
6.06959
5.5141
4.97368
5.47704
5.70072
5.99104
6.35835
6.41037
7.09492
6.79508
7.19458
7.88234
8.50242
8.56347
9.55724
8.56729
9.43542
10.284
9.53891
10.3841
