0.0000000 0.0000000 nan
1.0000000 0.0000000 0.0000000
1.3379607 0.0048635 0.0036350
1.6299346 0.0062909 0.0038596
1.8626257 0.0076416 0.0041026
2.0792176 0.0089355 0.0042975
2.2718320 0.0095239 0.0041922
2.4584541 0.0099299 0.0040391
2.6279525 0.0098102 0.0037330
2.7870285 0.0106097 0.0038068
2.9431610 0.0117820 0.0040032
3.0837340 0.0129332 0.0041940
3.2186285 0.0131184 0.0040758
3.3495454 0.0140442 0.0041929
3.4742114 0.0146541 0.0042180
3.5898596 0.0157404 0.0043847
3.7129951 0.0155103 0.0041773
3.8334659 0.0155183 0.0040481
3.9510691 0.0165851 0.0041976
4.0649748 0.0176504 0.0043421
4.1603178 0.0194340 0.0046713
4.2552770 0.0197377 0.0046384
4.3539145 0.0197230 0.0045299
4.4446255 0.0205813 0.0046306
4.5494159 0.0209486 0.0046047
4.6544752 0.0217867 0.0046808
4.7392698 0.0226207 0.0047730
4.8226363 0.0222929 0.0046226
4.9129691 0.0221716 0.0045129
4.9913121 0.0214797 0.0043034
5.0827190 0.0213412 0.0041988
5.1630701 0.0214037 0.0041455
5.2451187 0.0212337 0.0040483
5.3184588 0.0212248 0.0039908
5.3958935 0.0206738 0.0038314
5.4706902 0.0219087 0.0040047
5.5425496 0.0227541 0.0041054
5.6062216 0.0228271 0.0040717
5.6947192 0.0227137 0.0039886
5.7817685 0.0234121 0.0040493
5.8533025 0.0237942 0.0040651
5.9209178 0.0240131 0.0040556
5.9860715 0.0247317 0.0041315
6.0534952 0.0250299 0.0041348
6.1157157 0.0251760 0.0041166
6.1908049 0.0254116 0.0041047
6.2474253 0.0244994 0.0039215
6.3202885 0.0245323 0.0038815
6.3780359 0.0256361 0.0040194
6.4443057 0.0263945 0.0040958
6.5143397 0.0263103 0.0040388
6.5644427 0.0272138 0.0041456
6.6304922 0.0281747 0.0042493
6.6917379 0.0282254 0.0042179
6.7560891 0.0293561 0.0043451
6.8245998 0.0303580 0.0044483
6.8888936 0.0300929 0.0043683
6.9542422 0.0313727 0.0045113
7.0162178 0.0303629 0.0043275
7.0688390 0.0301603 0.0042667
7.1378115 0.0309310 0.0043334
7.2021549 0.0306038 0.0042493
7.2670730 0.0307334 0.0042291
7.3277128 0.0311177 0.0042466
7.3877383 0.0320473 0.0043379
7.4369727 0.0325859 0.0043816
7.4891723 0.0333091 0.0044476
7.5517213 0.0344192 0.0045578
7.6163532 0.0343014 0.0045036
7.6648445 0.0341207 0.0044516
7.7182328 0.0346186 0.0044853
7.7652346 0.0351775 0.0045301
7.8187279 0.0358671 0.0045873
7.8750118 0.0359462 0.0045646
7.9325017 0.0364017 0.0045889
7.9863510 0.0368946 0.0046197
8.0341655 0.0381204 0.0047448
8.0785682 0.0388199 0.0048053
8.1320155 0.0393279 0.0048362
8.1775423 0.0394508 0.0048243
8.2305478 0.0401014 0.0048723
8.2778831 0.0403473 0.0048741
8.3297337 0.0403894 0.0048488
8.3838664 0.0406086 0.0048437
8.4364881 0.0411074 0.0048726
8.4927206 0.0413575 0.0048698
8.5472405 0.0404101 0.0047279
8.6047523 0.0405364 0.0047109
8.6579308 0.0408939 0.0047233
8.7104057 0.0400645 0.0045996
8.7575412 0.0403384 0.0046061
8.8089815 0.0419900 0.0047667
8.8527888 0.0409810 0.0046292
8.8980099 0.0406032 0.0045632
8.9404809 0.0412329 0.0046119
8.9951738 0.0415514 0.0046193
9.0453771 0.0416250 0.0046018
9.0901161 0.0421535 0.0046373
9.1444791 0.0424946 0.0046470
9.1902651 0.0434477 0.0047276
9.2333194 0.0439129 0.0047559
