1
1.41421
1.73205
2.44949
3
3.74166
4.3589
4.24264
4.3589
4.69042
5.19615
4.69042
5.38516
4.69042
4.3589
5.09902
5.91608
5.83095
5.38516
4.47214
5
4.24264
5
5.09902
5.74456
5.65685
5
5.09902
4.58258
5.09902
5
5.65685
6.40312
6.48074
5.91608
5.47723
5.74456
5.47723
5.74456
6.63325
6.40312
5.47723
5.74456
6.63325
6.40312
7.34847
7.28011
6.32456
6.40312
5.47723
5.19615
4.24264
5.19615
6.16441
5.19615
6.16441
6.08276
6
6.08276
5.09902
5.38516
5.47723
5.38516
4.47214
4.58258
4.47214
5.38516
5.83095
6.40312
7.2111
7.28011
6.48074
5.74456
6
6.40312
6.9282
6.40312
5.83095
5.38516
6.16441
5.38516
5.83095
6.55744
5.83095
6.40312
5.83095
5.38516
5.09902
4.58258
4.24264
5.19615
5.09902
6.08276
6
6.08276
6.32456
6.40312
6.16441
5.19615
4.24264
1
2
2.23607
3.16228
3.60555
4.24264
5
4.24264
3.60555
3.74166
3.31662
3.74166
4.3589
5.09902
4.3589
5.09902
5.74456
6.48074
6.7082
6
6.7082
7.07107
7.54983
7.07107
6.40312
5.83095
6.40312
6.9282
7.54983
7.07107
7.81025
8.24621
7.81025
7.07107
6.40312
5.83095
6.40312
6.9282
7.54983
8.12404
8.77496
8.3666
8.06226
8.7178
9.43398
10.198
10.0499
10
10.6301
11.4018
10.8167
10.8628
10.8167
10.8628
11.7047
12.2474
12.2066
11.6619
11.7047
11.6619
11.7047
12.5698
13.4536
13.5647
14.0357
13.5647
13.7477
13.5647
14.0357
14.2127
14.7309
15.2971
15.5242
14.9666
14.1774
13.6382
12.8452
12.3288
12.6886
13.1149
12.6886
13.1909
13.9642
13.6382
12.8452
13.4164
14.0357
14.7648
14.0357
14.6969
14.0357
13.784
13.6015
14.2829
13.6015
14.3527
14.2478
14.3527
15.1327
15.748
1
1.41421
1
0
1
1.41421
1
1.41421
1.73205
2.44949
2.23607
1.41421
2.23607
2.82843
3.60555
4.24264
4.3589
5.09902
4.3589
4.24264
5
5.09902
5
4.24264
4.3589
3.74166
4.58258
5.09902
5.38516
5.83095
5.19615
4.69042
5.38516
4.69042
5.38516
4.89898
4.58258
5.09902
5.38516
5.09902
5
4.24264
5
5.09902
5.38516
6
5.38516
4.89898
4.12311
4.69042
5.38516
4.89898
5.74456
5.47723
5.19615
5.47723
5.38516
5.47723
5.38516
5.47723
5.91608
5.47723
5.38516
4.47214
5
5.83095
6.7082
5.83095
5.91608
5.47723
5.38516
6.32456
7.28011
8.24621
8.30662
8.12404
7.14143
7.07107
6.08276
5.09902
4.12311
4.47214
4.12311
4
4.12311
5.09902
5.19615
4.24264
4.12311
4.24264
4.58258
5.09902
5.74456
6
5.38516
4.89898
4.58258
4.24264
3.31662
3.16228
1
2
3
3.16228
2.23607
2.44949
2.23607
1.41421
1
1.41421
1
1.41421
1.73205
1.41421
1
0
1
1.41421
1
2
2.23607
3.16228
4.12311
4.24264
4.12311
3.16228
3.31662
3.16228
3.31662
2.44949
3
2.82843
3
3.74166
4.58258
4.89898
4.58258
3.74166
4.12311
3.74166
4.3589
3.74166
3.31662
3.16228
3.31662
3.16228
3.31662
3.74166
3
3.74166
3
3.4641
4.12311
4.69042
4.3589
4.24264
5
4.47214
5.38516
5.47723
5.74456
6.16441
5.91608
5.09902
4.58258
3.74166
4.58258
4.89898
4.58258
3.74166
4.12311
4.69042
5.38516
6
6.40312
5.83095
5.38516
5.83095
5.38516
5.09902
5.74456
6
6.7082
6
5.38516
6.16441
6.7082
7.07107
7.68115
8.3666
7.81025
8.60233
9.11043
9.69536
9
9.69536
10.0499
10.7703
10.4403
9.89949
1
0
1
1.41421
1.73205
1.41421
2.23607
1.41421
2.23607
2.44949
3
3.74166
3.31662
4.24264
4.12311
4.24264
4.12311
5.09902
4.12311
3.16228
3
2
2.23607
3.16228
4.12311
4.24264
3.31662
3.74166
3
2.82843
3.60555
4.24264
3.60555
3.16228
2.23607
2.44949
3.31662
2.44949
3.31662
3.74166
3
3.74166
3.31662
3.16228
3
3.16228
3
3.16228
3
2
2.23607
2.44949
3
2.44949
3
3.74166
4.12311
4.69042
5.38516
6
6.40312
6.9282
7.54983
7.07107
6.7082
7.34847
6.7082
7.07107
7.68115
7.07107
6.7082
6
6.7082
6.16441
6.55744
7.07107
7.54983
7.07107
6.7082
6
5.74456
6.48074
7.28011
7.2111
7.28011
7.87401
7.81025
8.48528
9.21954
8.48528
9.21954
9.89949
9.21954
10
9.43398
9.48683
8.66025
9.48683
9.64365
10.198
1
1.41421
1
1.41421
1.73205
2.44949
2.23607
2.44949
2.23607
3.16228
3
4
4.12311
4
5
5.09902
5.19615
5.47723
4.58258
4.24264
4.58258
4.89898
5.38516
5.09902
4.58258
4.89898
4.58258
3.74166
3.60555
3.74166
3.60555
3.16228
2.23607
2
2.23607
2
2.23607
2.44949
3.31662
3.16228
4.12311
5.09902
5.19615
6.16441
5.19615
5.09902
5.19615
5.47723
5.38516
4.47214
4.12311
4.24264
4.12311
4.47214
5
5.09902
4.3589
3.74166
4.3589
5.09902
4.58258
5.09902
5.74456
6
5.74456
5.65685
5.74456
5.09902
5.91608
5.83095
5.91608
5.47723
6.40312
5.47723
4.58258
4.47214
4.58258
5.09902
4.3589
5.09902
4.58258
4.89898
5.38516
4.69042
4.12311
4.89898
4.58258
5.47723
4.58258
5.09902
4.3589
4.24264
5
5.83095
5.38516
5.09902
4.12311
5.09902
4.12311
5.09902
1
0
1
0
1
0
1
1.41421
2.23607
2
2.23607
2.82843
2.23607
1.41421
1.73205
2.44949
2.23607
2.82843
3.60555
3.74166
3.60555
2.82843
3
3.74166
3.31662
4.24264
3.31662
3.74166
3
2.44949
3.31662
4.24264
3.31662
3.74166
3.31662
2.44949
3
2.44949
3
3.74166
3.31662
3.16228
2.23607
3.16228
2.23607
1.41421
1
1.41421
1.73205
1.41421
2.23607
2
2.23607
2
1
1.41421
1
1.41421
2.23607
2.44949
3
3.74166
4.3589
3.74166
3
2.44949
1.73205
2.44949
3
2.82843
2.23607
2.44949
3.31662
3.74166
3
3.74166
3
2.44949
2.23607
2.82843
3.60555
3.16228
2.23607
2.82843
2.23607
2.44949
3
2.44949
2.23607
3.16228
3.31662
2.44949
3
3.4641
4.12311
3.74166
3.60555
3.74166
3.60555
3.16228
1
1.41421
2.23607
2.44949
2.23607
1.41421
1.73205
1.41421
1
1.41421
1
0
1
0
1
1.41421
2.23607
1.41421
1
2
3
3.16228
3.31662
2.44949
3.31662
3.74166
3.60555
3.16228
3.31662
3.74166
3
3.74166
3.31662
3.74166
4.12311
3.4641
4.12311
4.69042
4.3589
4.69042
4.3589
4.69042
4.12311
4.69042
4.3589
5.09902
4.58258
3.74166
3.31662
2.44949
2.23607
2
1
1.41421
1
0
1
2
3
3.16228
3
3.16228
3
3.16228
3.31662
3.74166
4.58258
5.09902
4.58258
3.74166
4.58258
5.47723
5.91608
6.16441
5.74456
6.16441
5.74456
4.89898
5.74456
6.63325
7.54983
8.48528
8.30662
8.60233
9
9.16515
10.0499
9.16515
8.30662
8.83176
9.11043
9.89949
9.11043
8.83176
8.06226
7.87401
8.66025
8.83176
8.66025
7.87401
1
1.41421
1.73205
1.41421
1.73205
2.44949
1.73205
2.44949
2.23607
2.44949
2.23607
2.44949
3.31662
3.74166
4.58258
5.47723
5.38516
5.83095
5
5.09902
4.58258
4.47214
3.60555
3.16228
3.60555
3.74166
3
3.74166
4.3589
5.09902
4.3589
5.09902
5
4.47214
4.58258
4.89898
5.38516
4.69042
4.12311
3.74166
3.60555
3.16228
2.23607
2.44949
3
2.44949
2.23607
3.16228
2.23607
1.41421
1.73205
1.41421
1
1.41421
2.23607
2.44949
1.73205
2.44949
3
2.44949
3.31662
3.16228
3
4
3
3.16228
4.12311
4.24264
4.58258
4.89898
4.58258
4.24264
3.31662
3.16228
4.12311
4
4.12311
4.24264
3.31662
3.74166
4.12311
3.74166
3
3.74166
4.3589
3.74166
3
2.44949
3
2.44949
3
3.74166
3.60555
4.47214
5
4.47214
3.60555
3.74166
4.3589
4.24264
1
1.41421
1.73205
2.44949
1.73205
1.41421
1
1.41421
1
1.41421
1.73205
1.41421
1
1.41421
1.73205
1.41421
1
1.41421
1.73205
1.41421
2.23607
2.82843
3.60555
3.74166
3.31662
3.74166
4.12311
4.89898
5.74456
6.16441
5.38516
4.69042
5.38516
4.69042
4.12311
3.74166
4.3589
3.74166
3.31662
2.44949
3.31662
2.44949
2.23607
2
1
1.41421
1
1.41421
2.23607
2.44949
3.31662
4.24264
3.31662
3.16228
4.12311
4.24264
3.31662
4.24264
4.58258
5.09902
5.91608
5.47723
5.38516
5.09902
4.12311
4.24264
4.12311
4
4.12311
5.09902
5.38516
6.32456
6.08276
6.16441
6.08276
6.32456
7.28011
7.34847
7.54983
8.48528
8.30662
9.27362
9.43398
9.69536
10.6301
10.9545
10.6301
10.9545
10.6301
10.8628
10.6301
10.9545
11.8743
11.7473
12.6886
13.6382
13.7477
13.9284
14.1774
13.2665
