0.0000000 0.0000000 nan
1.0000000 0.0000000 0.0000000
1.2799432 0.0056844 0.0044411
1.6382321 0.0055589 0.0033932
1.8528212 0.0072800 0.0039292
2.1007964 0.0073888 0.0035172
2.2751694 0.0087006 0.0038241
2.4601145 0.0087554 0.0035589
2.6174221 0.0091511 0.0034962
2.7845763 0.0101673 0.0036513
2.9308934 0.0105518 0.0036002
3.0804553 0.0131225 0.0042599
3.2151826 0.0150850 0.0046918
3.3484875 0.0158781 0.0047419
3.4655083 0.0167982 0.0048473
3.5919545 0.0179065 0.0049852
3.7096177 0.0176547 0.0047592
3.8363066 0.0180156 0.0046961
3.9453011 0.0179976 0.0045618
4.0578649 0.0188550 0.0046465
4.1548735 0.0194847 0.0046896
4.2587764 0.0206943 0.0048592
4.3519206 0.0194365 0.0044662
4.4382579 0.0194500 0.0043824
4.5389157 0.0196498 0.0043292
4.6273304 0.0199200 0.0043048
4.7225783 0.0190886 0.0040420
4.8028220 0.0188673 0.0039284
4.8953712 0.0179172 0.0036600
4.9798793 0.0177502 0.0035644
5.0699164 0.0167468 0.0033032
5.1556699 0.0177849 0.0034496
5.2281848 0.0181364 0.0034690
5.3137810 0.0195283 0.0036750
5.3946024 0.0205109 0.0038021
5.4727723 0.0210109 0.0038392
5.5528201 0.0201518 0.0036291
5.6257222 0.0209080 0.0037165
5.7029187 0.0217220 0.0038089
5.7769632 0.0216879 0.0037542
5.8514809 0.0227331 0.0038850
5.9287699 0.0219786 0.0037071
5.9959011 0.0214813 0.0035827
6.0658183 0.0218567 0.0036033
6.1377341 0.0224283 0.0036542
6.2087651 0.0227215 0.0036596
6.2807329 0.0219453 0.0034941
6.3462059 0.0217203 0.0034226
6.4166473 0.0223478 0.0034828
6.4824416 0.0233394 0.0036004
6.5488932 0.0228815 0.0034939
6.6103090 0.0217062 0.0032837
6.6701592 0.0218387 0.0032741
6.7327100 0.0223442 0.0033188
6.8002740 0.0215099 0.0031631
6.8563322 0.0209547 0.0030563
6.9173975 0.0220974 0.0031945
6.9849635 0.0232052 0.0033222
7.0432513 0.0234768 0.0033332
7.1103881 0.0236040 0.0033196
7.1620099 0.0235484 0.0032880
7.2239570 0.0236159 0.0032691
7.2740157 0.0244472 0.0033609
7.3298236 0.0244390 0.0033342
7.3775661 0.0253806 0.0034402
7.4337226 0.0267382 0.0035969
7.4969144 0.0268428 0.0035805
7.5562835 0.0271526 0.0035934
7.6180110 0.0272465 0.0035766
7.6731570 0.0279612 0.0036440
7.7272434 0.0284515 0.0036820
7.7837881 0.0276232 0.0035488
7.8357623 0.0279069 0.0035615
7.8890900 0.0287087 0.0036390
7.9539480 0.0302331 0.0038010
8.0020225 0.0313068 0.0039124
8.0615591 0.0326050 0.0040445
8.1128039 0.0325222 0.0040088
8.1631159 0.0316589 0.0038783
8.2136078 0.0310459 0.0037798
8.2693140 0.0317139 0.0038351
8.3146614 0.0320857 0.0038589
8.3751251 0.0324336 0.0038726
8.4376213 0.0330820 0.0039208
8.4904135 0.0335747 0.0039544
8.5356427 0.0335137 0.0039263
8.5844841 0.0333572 0.0038858
8.6408544 0.0333855 0.0038637
8.6880964 0.0335323 0.0038596
8.7396698 0.0324371 0.0037115
8.7839688 0.0323005 0.0036772
8.8322100 0.0320387 0.0036275
8.8762474 0.0322324 0.0036313
8.9242681 0.0319307 0.0035780
8.9665320 0.0322409 0.0035957
9.0131422 0.0328037 0.0036395
9.0528146 0.0321549 0.0035519
9.0974505 0.0330613 0.0036341
9.1414058 0.0331744 0.0036290
9.1867045 0.0328373 0.0035744
9.2228442 0.0329669 0.0035745
