-0.406741
-0.40783
-0.40851
-0.408797
-0.408751
-0.408447
-0.408028
-0.407624
-0.407374
-0.407377
-0.40767
-0.408247
-0.408955
-0.409622
-0.410006
-0.409819
-0.408771
-0.406546
-0.402779
-0.397083
-0.38901
-0.378194
-0.364494
-0.348344
-0.331153
-0.315495
-0.304747
-0.301944
-0.308323
-0.32265
-0.341826
-0.362355
-0.381514
-0.397721
-0.410421
-0.419742
-0.426122
-0.430105
-0.432207
-0.432871
-0.432459
-0.431228
-0.429384
-0.427034
-0.424307
-0.421307
-0.418162
-0.415034
-0.412068
-0.409398
-0.40712
-0.405208
-0.403523
-0.401866
-0.400035
-0.397949
-0.395702
-0.393628
-0.392201
-0.391837
-0.392687
-0.394537
-0.396882
-0.399077
-0.400634
-0.401247
-0.400905
-0.39982
-0.398347
-0.39686
-0.395625
-0.394765
-0.394246
-0.394045
-0.394251
-0.395078
-0.396788
-0.399547
-0.403188
-0.407259
-0.411144
-0.41419
-0.415811
-0.415592
-0.413289
-0.408909
-0.402806
-0.395732
-0.388808
-0.38335
-0.380403
-0.380356
-0.382798
-0.386774
-0.39122
-0.3952
-0.398097
-0.399573
-0.399524
-0.398052
-0.395366
-0.391852
-0.387994
-0.384371
-0.381611
-0.380276
-0.380674
-0.382827
-0.3864
-0.39084
-0.395508
-0.399858
-0.403511
-0.406298
-0.408194
-0.409324
-0.409881
-0.410103
-0.410252
-0.410534
-0.411137
-0.412129
-0.413504
-0.415153
-0.416897
-0.418479
-0.419689
-0.420293
-0.420134
-0.419158
-0.417473
-0.415287
-0.412973
-0.410969
-0.409593
-0.409019
-0.409111
-0.409538
-0.409876
-0.409731
-0.408892
-0.407391
-0.405414
-0.403277
-0.401307
-0.399707
-0.398574
-0.397804
-0.397209
-0.396535
-0.395585
-0.394246
-0.392528
-0.390632
-0.388935
-0.388007
-0.388414
-0.390578
-0.394556
-0.399972
-0.40615
-0.412283
-0.417728
-0.422063
-0.425066
-0.426695
-0.427012
-0.426124
-0.424171
-0.421275
-0.417591
-0.413298
-0.408608
-0.403778
-0.399121
-0.394938
-0.39152
-0.389124
-0.387915
-0.387927
-0.38911
-0.391289
-0.394214
-0.397614
-0.401206
-0.404673
-0.407765
-0.410239
-0.411868
-0.412453
-0.411805
-0.409792
-0.406306
-0.401325
-0.394957
-0.387452
-0.379293
-0.371183
-0.364006
-0.358638
-0.355722
-0.355429
-0.35743
-0.361036
-0.365498
-0.370216
-0.374844
-0.379271
-0.383545
-0.387732
-0.391801
-0.395689
-0.399142
-0.401894
-0.403717
-0.404379
-0.403734
-0.401702
-0.398287
-0.393545
-0.387652
-0.380861
-0.373595
-0.366333
-0.359659
-0.354061
-0.349881
-0.347225
-0.345968
-0.345838
-0.34649
-0.347602
-0.348898
-0.350189
-0.351323
-0.352155
-0.352543
-0.35232
-0.351351
-0.349581
-0.34709
-0.344089
-0.340921
-0.337991
-0.335677
-0.334203
-0.333662
-0.333963
-0.33492
-0.336344
-0.338097
-0.340163
-0.342595
-0.345479
-0.348827
-0.352508
-0.356294
-0.359855
-0.362863
-0.365085
-0.36633
-0.366531
-0.365722
-0.36401
-0.361546
-0.358522
-0.355163
-0.351691
-0.348329
-0.34526
-0.342606
-0.340426
-0.338684
-0.337263
-0.335961
-0.33457
-0.332912
-0.330837
-0.328348
-0.325602
-0.322907
-0.320684
-0.319335
-0.319163
-0.320217
-0.32234
-0.325164
-0.328224
-0.331066
-0.333307
-0.334688
-0.335088
-0.334547
-0.333256
-0.331531
-0.329797
-0.328517
-0.328088
-0.32875
-0.330521
-0.333238
-0.336605
-0.340303
-0.344052
-0.347648
-0.350958
-0.353919
-0.356482
-0.358635
-0.360358
-0.361606
-0.36234
-0.362536
-0.362141
-0.361175
-0.359685
-0.357875
-0.355985
-0.354368
-0.353335
-0.353117
-0.353724
-0.354955
-0.35643
-0.357709
-0.358391
-0.358222
-0.357087
-0.35504
-0.352286
-0.34913
-0.34595
-0.343115
-0.340926
-0.339578
-0.339121
-0.339453
-0.340342
-0.34154
-0.342795
-0.343895
-0.344704
-0.345158
-0.345287
-0.345165
-0.344937
-0.3448
-0.345001
-0.345797
-0.34742
-0.349973
-0.353376
-0.357323
-0.361412
-0.365215
-0.368381
-0.370695
-0.372095
-0.372665
-0.372559
-0.371969
-0.371142
-0.370258
-0.369433
-0.368707
-0.368076
-0.367482
-0.366821
-0.366015
-0.364986
-0.363681
-0.362069
-0.360141
-0.357908
-0.355368
-0.352544
-0.34948
-0.34622
-0.342848
-0.339503
-0.336345
-0.333563
-0.331351
-0.329928
-0.329414
-0.329892
-0.331351
-0.33361
-0.336463
-0.339598
-0.342716
-0.345552
-0.34789
-0.349665
-0.350868
-0.351581
-0.351956
-0.352153
-0.352371
-0.352751
-0.353383
-0.35433
-0.355602
-0.357153
-0.358931
-0.360864
-0.362863
-0.364845
-0.366734
-0.368478
-0.370006
-0.37127
-0.372217
-0.372758
-0.372786
-0.372134
-0.370592
-0.367837
-0.363505
-0.35721
-0.348685
-0.338065
-0.326044
-0.314171
-0.304584
-0.299286
-0.299148
-0.303656
-0.311318
-0.320551
-0.330189
-0.339559
-0.348317
-0.35628
-0.363338
-0.369412
-0.374424
-0.378293
-0.380986
-0.382413
-0.382585
-0.381499
-0.379286
-0.376203
-0.372695
-0.369359
-0.366891
-0.365874
-0.366589
-0.3689
-0.37228
-0.376007
-0.379384
-0.381839
-0.383046
-0.382917
-0.381568
-0.379264
-0.37641
-0.373431
-0.370768
-0.36877
-0.367625
-0.367374
-0.367926
-0.369106
-0.370677
-0.372376
-0.373973
-0.375234
-0.375986
-0.376126
-0.37563
-0.374538
-0.372988
-0.371188
-0.369441
-0.368054
-0.36735
-0.367604
-0.368964
-0.37139
-0.37466
-0.378365
-0.381987
-0.384949
-0.386667
-0.38671
-0.384817
-0.381141
-0.376444
-0.372077
-0.369707
-0.370593
-0.374927
-0.38172
-0.3894
-0.396495
-0.402098
-0.405867
-0.407853
-0.408301
-0.407529
-0.405849
-0.403548
-0.400893
-0.398143
-0.395526
-0.393289
-0.391629
-0.390715
-0.390617
-0.391291
-0.392549
-0.394105
-0.395603
-0.396672
-0.397068
-0.396686
-0.395623
-0.394192
-0.392801
-0.391842
-0.391551
-0.391871
-0.392484
-0.392907
-0.392702
-0.39165
-0.389895
-0.387962
-0.386681
-0.386764
-0.388491
-0.391453
-0.394675
-0.397042
-0.397801
-0.396912
-0.395139
-0.393865
-0.394487
-0.397796
-0.403553
-0.410694
-0.417877
-0.424019
-0.428461
-0.430962
-0.431548
-0.430366
-0.427631
-0.423576
-0.418428
-0.412457
-0.405919
-0.399086
-0.392249
-0.385742
-0.379986
-0.375449
-0.372644
-0.372046
-0.373906
-0.378125
-0.384209
-0.391412
-0.398902
-0.40598
-0.412157
-0.417163
-0.420941
-0.423535
-0.425084
-0.425732
-0.425652
-0.424998
-0.423929
-0.422563
-0.421051
-0.419481
-0.417945
-0.416521
-0.415246
-0.414124
-0.413139
-0.412231
-0.411304
-0.410267
-0.40902
-0.407497
-0.405679
-0.403635
-0.40146
-0.39932
-0.397323
-0.395531
-0.393874
-0.392184
-0.390324
-0.388213
-0.386013
-0.384085
-0.382944
-0.383026
-0.384533
-0.387301
-0.390843
-0.394574
-0.397941
-0.400576
-0.402287
-0.403031
-0.402866
-0.401904
-0.40029
-0.398197
-0.39582
-0.393371
-0.391083
-0.389185
-0.387837
-0.387126
-0.386987
-0.387253
-0.387639
-0.387858
-0.387603
-0.38668
-0.384939
-0.382307
-0.378806
-0.37458
-0.36986
-0.365046
-0.360647
-0.35727
-0.355426
-0.355435
-0.357261
-0.360562
-0.364801
-0.36938
-0.373852
-0.377878
-0.38131
-0.384087
-0.386226
-0.387743
-0.388678
-0.389035
-0.388817
-0.388023
-0.386581
-0.38446
-0.381581
-0.37784
-0.373079
-0.367157
-0.35999
-0.351692
-0.34274
-0.334136
-0.327322
-0.323748
-0.324239
-0.328592
-0.335698
-0.344135
-0.352726
-0.360749
-0.367882
-0.37405
-0.379271
-0.383585
-0.387045
-0.389711
-0.391622
-0.39283
-0.393416
-0.393452
-0.393044
-0.392289
-0.391288
-0.390124
-0.388886
-0.387638
-0.386446
-0.38533
-0.384279
-0.383304
-0.382353
-0.381396
-0.380402
-0.379343
-0.378201
-0.376993
-0.375734
-0.374501
-0.373379
-0.372487
-0.371945
-0.371877
-0.37237
-0.37348
-0.375176
-0.377395
-0.380009
-0.382868
-0.385787
-0.388558
-0.39096
-0.392749
-0.393657
-0.393371
-0.391609
-0.388136
-0.38294
-0.376456
-0.369692
-0.364174
-0.361483
-0.362498
-0.36684
-0.373148
-0.379754
-0.385381
-0.389341
-0.391516
-0.392102
-0.391434
-0.38992
-0.387915
-0.385791
-0.383884
-0.382456
-0.381749
-0.381934
-0.383072
-0.385173
-0.388102
-0.391617
-0.395416
-0.399139
-0.402386
-0.404777
-0.406014
-0.405868
-0.404272
-0.401333
-0.397325
-0.392729
-0.388137
-0.384218
-0.381552
-0.380534
-0.381279
-0.383621
-0.387195
-0.391533
-0.396149
-0.400579
-0.404456
-0.407491
-0.409513
-0.410432
-0.410295
-0.409218
-0.407393
-0.405085
-0.402576
-0.400086
-0.39786
-0.396062
-0.394824
-0.39428
-0.394488
-0.3955
-0.397296
-0.399796
-0.402807
-0.406129
-0.409481
-0.412601
-0.415224
-0.41715
-0.418221
-0.418344
-0.417524
-0.415812
-0.413345
-0.410325
-0.407001
-0.403642
-0.40053
-0.397905
-0.395874
-0.394507
-0.393739
-0.393446
-0.393489
-0.393716
-0.394033
-0.39435
-0.394648
-0.394914
-0.395134
-0.395321
-0.395484
-0.39565
-0.395856
-0.396097
-0.396406
-0.396809
-0.397309
-0.39792
-0.398643
-0.399456
-0.400333
-0.401264
-0.40221
-0.403134
-0.404004
-0.404771
-0.405389
-0.405809
-0.405976
-0.405836
-0.405339
-0.404465
-0.403223
-0.401669
-0.399883
-0.397977
-0.396019
-0.394012
-0.391803
-0.389167
-0.385831
-0.381626
-0.376638
-0.371291
-0.366194
-0.36188
-0.358405
-0.355416
-0.35239
-0.349091
-0.345966
-0.344057
-0.344494
-0.347862
-0.353897
-0.361601
-0.369722
-0.377177
-0.383289
-0.387808
-0.390734
-0.392247
-0.39263
-0.392189
-0.391191
-0.389907
-0.38856
-0.387322
-0.38627
-0.385445
-0.384816
-0.384275
-0.383691
-0.382895
-0.381692
-0.379894
-0.377363
-0.374042
-0.370062
-0.365721
-0.361624
-0.358514
-0.357086
-0.357768
-0.360452
-0.364588
-0.369363
-0.373991
-0.377874
-0.380687
-0.382311
-0.382858
-0.382551
-0.381726
-0.380746
-0.380001
-0.379823
-0.38036
-0.381611
-0.383392
-0.385434
-0.387399
-0.388981
-0.389963
-0.390224
-0.389687
-0.388376
-0.386331
-0.383661
-0.380501
-0.377015
-0.373424
-0.369976
-0.366895
-0.364444
-0.362791
-0.362032
-0.362157
-0.363062
-0.364509
-0.366259
-0.368075
-0.369749
-0.371159
-0.372287
-0.373206
-0.374005
-0.374844
-0.375835
-0.37707
-0.378558
-0.380258
-0.382069
-0.383862
-0.385521
-0.386915
-0.387961
-0.388594
-0.388765
-0.388468
-0.387697
-0.386505
-0.384942
-0.383115
-0.381156
-0.379203
-0.377392
-0.37582
-0.374555
-0.373618
-0.372987
-0.372609
-0.372446
-0.372449
-0.372574
-0.372778
-0.373057
-0.373389
-0.373809
-0.374367
-0.375134
-0.376199
-0.377632
-0.379466
-0.381678
-0.384211
-0.386951
-0.389792
-0.392576
-0.395203
-0.397573
-0.399638
-0.401354
-0.402706
-0.403711
-0.404404
-0.404833
-0.405026
-0.405029
-0.404867
-0.404572
-0.404149
-0.403598
-0.402892
-0.402037
-0.401005
-0.399762
-0.398278
-0.396536
-0.394507
-0.392169
-0.389551
-0.386657
-0.383567
-0.380324
-0.377023
-0.373745
-0.370572
-0.367569
-0.364796
-0.362274
-0.360001
