1.44408
1.44413
1.44417
1.44421
1.44423
1.44426
1.44426
1.44425
1.44422
1.44419
1.44417
1.44414
1.44414
1.44415
1.44419
1.44425
1.44435
1.44448
1.44466
1.44487
1.44513
1.44541
1.4457
1.4459
1.44592
1.44562
1.44498
1.44409
1.44318
1.4425
1.44217
1.44219
1.44241
1.44274
1.44309
1.44341
1.44368
1.44389
1.44406
1.44419
1.44429
1.44436
1.4444
1.44445
1.44448
1.44451
1.44452
1.4445
1.44448
1.44445
1.44441
1.44438
1.44437
1.44438
1.44441
1.44443
1.44442
1.44439
1.4443
1.44418
1.44406
1.44398
1.44395
1.44399
1.44407
1.44417
1.44426
1.44432
1.44434
1.44432
1.44429
1.44425
1.44422
1.44419
1.44414
1.44407
1.44399
1.44389
1.44382
1.44381
1.44387
1.44398
1.44414
1.44434
1.44455
1.44476
1.44492
1.44496
1.44489
1.44469
1.44441
1.44412
1.44391
1.44382
1.44381
1.44389
1.44401
1.44416
1.44432
1.44445
1.44456
1.44462
1.44462
1.44457
1.44447
1.4443
1.44412
1.44395
1.44383
1.44377
1.44378
1.44383
1.44392
1.44401
1.4441
1.44417
1.44421
1.44424
1.44423
1.44421
1.44418
1.44414
1.44411
1.44409
1.44409
1.44413
1.44417
1.44423
1.44431
1.4444
1.44446
1.44449
1.44449
1.44444
1.44437
1.44429
1.44424
1.44422
1.44425
1.4443
1.44438
1.44444
1.44447
1.44447
1.44444
1.4444
1.44436
1.44434
1.44433
1.44436
1.4444
1.44444
1.44447
1.44448
1.44445
1.44435
1.44419
1.44401
1.44384
1.44372
1.44367
1.44371
1.44381
1.44394
1.44407
1.44421
1.44434
1.44446
1.44455
1.44464
1.44471
1.44476
1.44479
1.4448
1.44476
1.4447
1.44461
1.44451
1.44439
1.44427
1.44416
1.44407
1.44401
1.44398
1.44396
1.44399
1.44405
1.44412
1.44421
1.44432
1.44445
1.44458
1.44473
1.44489
1.44502
1.44512
1.44516
1.44512
1.44498
1.44477
1.4445
1.44425
1.44404
1.44392
1.44386
1.44385
1.44387
1.44389
1.4439
1.4439
1.44393
1.44394
1.44398
1.44407
1.44417
1.44429
1.44443
1.44457
1.44471
1.44484
1.44494
1.44501
1.44502
1.445
1.44492
1.4448
1.44465
1.44451
1.44439
1.44429
1.44422
1.44418
1.44417
1.44419
1.44421
1.44425
1.4443
1.44437
1.44446
1.44454
1.4446
1.44463
1.44463
1.4446
1.44451
1.44442
1.44432
1.44425
1.4442
1.44416
1.44413
1.4441
1.44406
1.44401
1.44396
1.44394
1.44393
1.44397
1.44404
1.44411
1.44421
1.44431
1.44441
1.44449
1.44456
1.4446
1.44462
1.44462
1.4446
1.44456
1.44451
1.44446
1.44442
1.44439
1.4444
1.44443
1.44446
1.4445
1.44453
1.44455
1.44454
1.44448
1.44438
1.44425
1.44414
1.44405
1.44401
1.44401
1.44405
1.44412
1.44422
1.44432
1.44442
1.44448
1.44451
1.44449
1.44443
1.44434
1.44422
1.44411
1.44402
1.44397
1.44395
1.44395
1.44398
1.44401
1.44404
1.44409
1.44413
1.44417
1.44422
1.44428
1.44434
1.44439
1.44444
1.4445
1.44452
1.44452
1.44448
1.44441
1.44433
1.44426
1.44421
1.4442
1.44424
1.44431
1.4444
1.4445
1.44459
1.44465
1.44467
1.44465
1.4446
1.44452
1.44443
1.44434
1.44426
1.44421
1.4442
1.4442
1.44422
1.44425
1.44429
1.44431
1.44433
1.44433
1.4443
1.44425
1.44418
1.44409
1.444
1.44392
1.44389
1.4439
1.44395
1.44402
1.44411
1.4442
1.44427
1.44433
1.44438
1.4444
1.4444
1.44438
1.44437
1.44436
1.44435
1.44436
1.44437
1.44439
1.44441
1.44444
1.44447
1.4445
1.44452
1.44454
1.44456
1.44458
1.44459
1.44459
1.44456
1.44451
1.44445
1.44435
1.44426
1.44416
1.44405
1.44398
1.44393
1.44391
1.44393
1.44396
1.44403
1.44409
1.44415
1.44419
1.44422
1.44425
1.44424
1.44422
1.44419
1.44416
1.44413
1.44411
1.44409
1.44408
1.44407
1.44407
1.44408
1.4441
1.44412
1.44414
1.44417
1.44421
1.44427
1.44436
1.44446
1.44459
1.44476
1.44496
1.4452
1.44538
1.44546
1.44536
1.44505
1.44456
1.44405
1.44364
1.44341
1.44332
1.44333
1.44337
1.44344
1.44352
1.44362
1.44372
1.44383
1.44396
1.44408
1.44422
1.44434
1.44446
1.44457
1.44464
1.44465
1.4446
1.44448
1.44432
1.44415
1.444
1.44393
1.44393
1.44399
1.44411
1.44425
1.44439
1.4445
1.44459
1.44462
1.44461
1.44457
1.44449
1.4444
1.44432
1.44425
1.44419
1.44416
1.44416
1.44418
1.44422
1.44429
1.44435
1.44441
1.44446
1.4445
1.44452
1.4445
1.44444
1.44436
1.44426
1.44414
1.44404
1.44397
1.44394
1.44397
1.44405
1.44421
1.44438
1.44458
1.44474
1.44479
1.44469
1.44442
1.44406
1.44374
1.44356
1.44354
1.44365
1.44382
1.44401
1.44418
1.44432
1.44442
1.4445
1.44455
1.44457
1.44457
1.44455
1.44451
1.44445
1.44437
1.44429
1.44422
1.44417
1.44415
1.44416
1.44422
1.44429
1.44436
1.44442
1.44442
1.44439
1.44434
1.44428
1.44424
1.44422
1.44426
1.44433
1.44442
1.44447
1.44447
1.44436
1.44419
1.44403
1.44395
1.44397
1.4441
1.44427
1.44441
1.44444
1.44433
1.44409
1.44382
1.4436
1.44352
1.44358
1.44372
1.44391
1.44411
1.4443
1.44446
1.4446
1.44472
1.44482
1.4449
1.44494
1.44495
1.44494
1.44491
1.44482
1.44467
1.44448
1.44425
1.444
1.44378
1.44362
1.44354
1.44355
1.44361
1.44372
1.44384
1.44396
1.44407
1.44416
1.44424
1.4443
1.44434
1.44437
1.4444
1.4444
1.4444
1.4444
1.44438
1.44437
1.44435
1.44434
1.44433
1.44433
1.44435
1.44437
1.4444
1.44444
1.44446
1.44447
1.44445
1.44444
1.44441
1.4444
1.44442
1.44444
1.44447
1.44447
1.44443
1.44432
1.44419
1.44405
1.44394
1.44389
1.44389
1.44394
1.44402
1.44412
1.44421
1.44429
1.44436
1.44442
1.44445
1.44447
1.44446
1.44443
1.44438
1.44433
1.44427
1.44422
1.44419
1.44419
1.44421
1.44428
1.44436
1.44444
1.44453
1.44462
1.44467
1.44471
1.44469
1.44463
1.4445
1.44432
1.44413
1.44395
1.44382
1.44375
1.44375
1.44377
1.44383
1.4439
1.44396
1.44402
1.44408
1.44413
1.44419
1.44426
1.44431
1.44439
1.44447
1.44455
1.44464
1.44474
1.44486
1.44498
1.44508
1.44511
1.44502
1.44478
1.4444
1.44399
1.44364
1.44343
1.44336
1.44338
1.44346
1.44356
1.44365
1.44373
1.44382
1.44391
1.44399
1.44406
1.44414
1.4442
1.44426
1.4443
1.44432
1.44433
1.44434
1.44435
1.44436
1.44435
1.44434
1.44435
1.44434
1.44434
1.44434
1.44435
1.44436
1.44437
1.44437
1.44437
1.44436
1.44435
1.44432
1.44428
1.44422
1.44416
1.44409
1.44403
1.44398
1.44395
1.44393
1.44394
1.44397
1.44402
1.4441
1.44421
1.44435
1.44451
1.44468
1.44485
1.44494
1.44489
1.44469
1.44435
1.44396
1.44367
1.44354
1.44359
1.44372
1.44391
1.44408
1.44422
1.44433
1.44439
1.44442
1.44442
1.44438
1.44432
1.44424
1.44414
1.44406
1.44397
1.44389
1.44385
1.44383
1.44384
1.4439
1.444
1.44412
1.44427
1.44441
1.44453
1.44462
1.44464
1.44461
1.44451
1.44437
1.44419
1.44401
1.44387
1.44377
1.44373
1.44372
1.44376
1.44383
1.44392
1.44403
1.44414
1.44424
1.44432
1.44439
1.44443
1.44443
1.44443
1.44439
1.44435
1.44429
1.44422
1.44414
1.44406
1.44399
1.44392
1.44388
1.44386
1.44387
1.4439
1.44396
1.44404
1.44413
1.44423
1.44433
1.44442
1.44448
1.44452
1.44453
1.44452
1.44449
1.44442
1.44436
1.44429
1.44423
1.44419
1.44416
1.44414
1.44413
1.44414
1.44414
1.44414
1.44414
1.44415
1.44415
1.44416
1.44414
1.44412
1.44411
1.4441
1.44409
1.44408
1.44406
1.44405
1.44404
1.44403
1.44403
1.44403
1.44404
1.44405
1.44408
1.4441
1.44414
1.44417
1.4442
1.44424
1.44428
1.4443
1.44433
1.44433
1.44434
1.44434
1.44438
1.44443
1.44451
1.44459
1.44466
1.44467
1.44461
1.4445
1.44443
1.44442
1.44444
1.44446
1.44441
1.44424
1.44396
1.44367
1.44345
1.44334
1.44335
1.44346
1.44362
1.44377
1.44392
1.44405
1.44415
1.44422
1.44427
1.44429
1.4443
1.44427
1.44425
1.44422
1.4442
1.44419
1.44421
1.44423
1.44428
1.44435
1.44442
1.44451
1.44455
1.44458
1.44452
1.44439
1.4442
1.44398
1.44379
1.44368
1.44366
1.44371
1.4438
1.44391
1.44403
1.44413
1.4442
1.44423
1.44422
1.44418
1.4441
1.44402
1.44396
1.44392
1.44391
1.44393
1.44398
1.44405
1.44413
1.44421
1.44428
1.44435
1.44441
1.44445
1.44448
1.44449
1.44446
1.44441
1.44434
1.44425
1.44416
1.44409
1.44401
1.44396
1.44394
1.44393
1.44395
1.44398
1.44401
1.44402
1.44403
1.44402
1.444
1.44397
1.44394
1.44392
1.44392
1.44393
1.44395
1.44398
1.44402
1.44406
1.4441
1.44415
1.44419
1.44423
1.44426
1.44428
1.44429
1.44428
1.44426
1.44423
1.4442
1.44417
1.44414
1.44412
1.4441
1.44409
1.44407
1.44407
1.44406
1.44406
1.44404
1.44403
1.44401
1.44398
1.44394
1.4439
1.44386
1.44383
1.44382
1.44381
1.44382
1.44384
1.44387
1.4439
1.44392
1.44395
1.44399
1.44402
1.44404
1.44406
1.44408
1.44409
1.4441
1.44411
1.44412
1.44414
1.44417
1.44418
1.44421
1.44424
1.44426
1.44429
1.44432
1.44435
1.44439
1.4444
1.44441
1.44442
1.44442
1.44441
1.44439
1.44436
1.44432
1.44429
