1.85082
1.85196
1.85268
1.853
1.85298
1.8527
1.85229
1.85187
1.8516
1.85157
1.85184
1.85239
1.8531
1.85378
1.85419
1.85407
1.85312
1.85103
1.84744
1.84195
1.83414
1.82361
1.81019
1.79425
1.77707
1.76111
1.74972
1.74603
1.7515
1.76515
1.784
1.80454
1.82393
1.84046
1.85352
1.86316
1.8698
1.874
1.87627
1.87706
1.87675
1.87559
1.87379
1.87148
1.86879
1.86581
1.86268
1.85954
1.85654
1.85385
1.85153
1.84959
1.84789
1.84625
1.84444
1.84237
1.84013
1.83802
1.8365
1.83602
1.83675
1.83851
1.84083
1.84307
1.84471
1.84542
1.84516
1.84414
1.84268
1.84118
1.83991
1.83901
1.83846
1.83823
1.83839
1.83915
1.84078
1.84344
1.84701
1.85107
1.85501
1.85817
1.85995
1.85993
1.85784
1.85367
1.84772
1.84069
1.8337
1.82804
1.82481
1.82448
1.82671
1.83059
1.83503
1.83909
1.8421
1.84373
1.84384
1.8425
1.83993
1.83647
1.83262
1.82895
1.82608
1.82458
1.82479
1.82678
1.83023
1.83461
1.83928
1.84369
1.84743
1.85031
1.85229
1.85349
1.85409
1.85434
1.85448
1.85475
1.85531
1.85627
1.85761
1.85925
1.86099
1.8626
1.86386
1.86453
1.86445
1.86356
1.86193
1.85978
1.85747
1.85541
1.85396
1.85331
1.85335
1.85376
1.85412
1.85403
1.85327
1.85183
1.84988
1.84775
1.84574
1.84411
1.84294
1.84214
1.84154
1.84089
1.83998
1.83868
1.837
1.83511
1.83338
1.83235
1.8326
1.83459
1.83839
1.84369
1.84982
1.85599
1.86154
1.866
1.86914
1.87091
1.87135
1.87058
1.86872
1.86591
1.8623
1.85806
1.8534
1.84858
1.84389
1.83964
1.83613
1.83363
1.8323
1.8322
1.83327
1.83536
1.83823
1.84159
1.84517
1.84866
1.85181
1.85436
1.85608
1.85677
1.85625
1.85437
1.85104
1.84621
1.83998
1.83258
1.82446
1.8163
1.80899
1.80341
1.80023
1.79968
1.80147
1.80495
1.80936
1.81407
1.81871
1.82316
1.82745
1.83164
1.83573
1.83962
1.84312
1.84596
1.84788
1.84867
1.84816
1.84628
1.843
1.83838
1.83259
1.82587
1.81862
1.81133
1.80458
1.79886
1.79453
1.79173
1.79035
1.79013
1.79071
1.79178
1.79307
1.79438
1.79553
1.79641
1.79685
1.79669
1.79581
1.79412
1.79169
1.78872
1.78556
1.78259
1.78019
1.77862
1.77799
1.77821
1.77912
1.78051
1.78223
1.78426
1.78666
1.78949
1.79279
1.79645
1.80023
1.80382
1.8069
1.8092
1.81054
1.81084
1.81013
1.8085
1.8061
1.80312
1.79979
1.79632
1.79293
1.78982
1.78712
1.78489
1.7831
1.78165
1.78036
1.779
1.77737
1.77533
1.77288
1.77015
1.76745
1.76516
1.76372
1.76342
1.76436
1.76639
1.76917
1.77223
1.77512
1.77743
1.7789
1.77941
1.77896
1.77774
1.77604
1.77429
1.77295
1.77243
1.77297
1.77463
1.77726
1.78057
1.78425
1.788
1.79162
1.79497
1.79796
1.80057
1.80276
1.80453
1.80583
1.80662
1.80687
1.80654
1.80562
1.80418
1.80239
1.8005
1.79884
1.79775
1.79745
1.79798
1.79916
1.80063
1.80194
1.8027
1.80263
1.80159
1.79963
1.79693
1.7938
1.7906
1.78771
1.78545
1.78401
1.78346
1.78371
1.78455
1.78573
1.78699
1.78812
1.78896
1.78945
1.7896
1.78949
1.78926
1.7891
1.78925
1.78997
1.79151
1.79397
1.79729
1.80121
1.80531
1.80916
1.8124
1.8148
1.8163
1.81694
1.81689
1.81635
1.81555
1.81466
1.81382
1.81308
1.81244
1.81183
1.81118
1.81038
1.80937
1.80809
1.80651
1.80461
1.8024
1.79989
1.79709
1.79404
1.7908
1.78744
1.78409
1.78091
1.77808
1.7758
1.77428
1.77367
1.77405
1.7754
1.77759
1.78039
1.78351
1.78664
1.78951
1.79192
1.79375
1.79501
1.79578
1.79618
1.7964
1.79661
1.79697
1.79758
1.79849
1.79973
1.80126
1.80302
1.80494
1.80693
1.80892
1.81082
1.81257
1.81412
1.81541
1.81639
1.81697
1.81706
1.81649
1.81505
1.81243
1.80826
1.80217
1.79388
1.78344
1.7715
1.75953
1.74963
1.74384
1.7432
1.7473
1.75473
1.76387
1.77351
1.78293
1.79176
1.7998
1.80696
1.81313
1.81826
1.82226
1.82506
1.82663
1.82692
1.82596
1.82385
1.82084
1.81734
1.81396
1.81137
1.81019
1.81074
1.8129
1.81621
1.81994
1.82338
1.82595
1.82729
1.82731
1.82607
1.82385
1.82103
1.81804
1.81534
1.81326
1.81203
1.81169
1.81217
1.8133
1.81484
1.81654
1.81815
1.81946
1.82027
1.82048
1.82004
1.819
1.81749
1.81571
1.81394
1.8125
1.81171
1.81186
1.8131
1.81543
1.81863
1.82231
1.82595
1.829
1.83087
1.8311
1.8294
1.82588
1.82124
1.81676
1.81413
1.81466
1.81867
1.82528
1.83294
1.84015
1.84592
1.84988
1.85203
1.85262
1.85195
1.85035
1.8481
1.84547
1.84271
1.84008
1.8378
1.83608
1.83509
1.83491
1.83551
1.83672
1.83826
1.83977
1.84089
1.84136
1.84105
1.84004
1.83862
1.83719
1.83618
1.83583
1.83611
1.83671
1.83717
1.83703
1.83607
1.83437
1.83243
1.83104
1.83096
1.83252
1.8354
1.83865
1.84114
1.84207
1.84132
1.83958
1.83819
1.83858
1.84161
1.84716
1.85422
1.86146
1.86774
1.87237
1.87508
1.87584
1.87483
1.87223
1.8683
1.86325
1.85735
1.85086
1.84404
1.83719
1.83065
1.8248
1.82012
1.81713
1.8163
1.81791
1.82191
1.82783
1.83496
1.84245
1.84959
1.85587
1.861
1.8649
1.86761
1.86925
1.86997
1.86995
1.86934
1.8683
1.86696
1.86545
1.86388
1.86234
1.86091
1.85961
1.85848
1.85748
1.85656
1.85564
1.85462
1.85339
1.8519
1.85012
1.84809
1.84593
1.84377
1.84176
1.83994
1.83827
1.8366
1.83476
1.83268
1.83048
1.82851
1.82727
1.82722
1.82859
1.83124
1.83473
1.83846
1.84188
1.8446
1.8464
1.84724
1.84715
1.84626
1.84471
1.84265
1.84029
1.83783
1.83551
1.83356
1.83216
1.83139
1.83121
1.83144
1.83183
1.83207
1.83189
1.83104
1.82938
1.82684
1.82342
1.81925
1.81457
1.80974
1.80528
1.80177
1.79975
1.79956
1.80121
1.80438
1.80855
1.81313
1.81762
1.82171
1.82521
1.82805
1.83024
1.83182
1.83281
1.83323
1.83308
1.83233
1.83097
1.82893
1.82613
1.82248
1.81782
1.81202
1.80497
1.79677
1.78785
1.77916
1.7721
1.76815
1.76823
1.77224
1.77913
1.78749
1.79611
1.80421
1.81144
1.8177
1.823
1.82741
1.83096
1.8337
1.83569
1.83697
1.83761
1.83771
1.83734
1.83661
1.83562
1.83447
1.83324
1.832
1.8308
1.82968
1.82863
1.82764
1.82669
1.82574
1.82475
1.8237
1.82257
1.82136
1.82011
1.81886
1.81773
1.8168
1.81622
1.8161
1.81653
1.81757
1.8192
1.82137
1.82396
1.8268
1.82973
1.83253
1.83498
1.83685
1.83786
1.83772
1.83612
1.83282
1.82779
1.82139
1.81458
1.80886
1.80583
1.80646
1.81051
1.81669
1.82334
1.8291
1.83325
1.8356
1.83632
1.83576
1.83431
1.83234
1.83021
1.82826
1.82677
1.82599
1.82607
1.82713
1.82914
1.83199
1.83546
1.83925
1.84298
1.84629
1.84878
1.85013
1.85013
1.84868
1.84586
1.84194
1.83737
1.83275
1.82873
1.82592
1.82472
1.82529
1.82749
1.83097
1.83526
1.83987
1.84434
1.84829
1.85141
1.85354
1.85457
1.85453
1.85353
1.85178
1.84952
1.84701
1.84452
1.84225
1.84041
1.83912
1.8385
1.83863
1.83956
1.84129
1.84371
1.84669
1.84999
1.85335
1.8565
1.85919
1.86119
1.86235
1.86258
1.86185
1.86023
1.85783
1.85485
1.85153
1.84816
1.84502
1.84233
1.84024
1.8388
1.83797
1.83764
1.83764
1.83786
1.83816
1.83849
1.83879
1.83905
1.83927
1.83947
1.83964
1.8398
1.83999
1.84022
1.84052
1.84091
1.8414
1.842
1.84271
1.8435
1.84438
1.8453
1.84624
1.84716
1.84804
1.84882
1.84947
1.84991
1.85011
1.85
1.84954
1.84871
1.8475
1.84597
1.84421
1.84231
1.84036
1.83836
1.83618
1.8336
1.83034
1.82622
1.8213
1.81596
1.81081
1.80638
1.80284
1.79983
1.79683
1.79355
1.79037
1.7883
1.78846
1.79154
1.79734
1.80494
1.81307
1.82063
1.82691
1.83158
1.83465
1.8363
1.83678
1.83641
1.83546
1.8342
1.83286
1.8316
1.83052
1.82967
1.82901
1.82847
1.8279
1.82713
1.82597
1.82424
1.82179
1.81855
1.81462
1.8103
1.80615
1.8029
1.80129
1.80175
1.80424
1.80827
1.81302
1.8177
1.82168
1.8246
1.82635
1.82699
1.82676
1.82595
1.82497
1.82418
1.82392
1.82438
1.82557
1.82731
1.82934
1.83133
1.83296
1.83402
1.83435
1.8339
1.83265
1.83068
1.82807
1.82495
1.8215
1.81791
1.81443
1.81131
1.80878
1.80704
1.8062
1.80624
1.80707
1.80847
1.8102
1.81201
1.8137
1.81514
1.8163
1.81723
1.81804
1.81886
1.81983
1.82104
1.8225
1.82418
1.82599
1.82779
1.82947
1.83089
1.83198
1.83265
1.83287
1.83261
1.83189
1.83073
1.8292
1.8274
1.82545
1.82348
1.82165
1.82005
1.81876
1.81779
1.81713
1.81673
1.81655
1.81653
1.81665
1.81685
1.81712
1.81744
1.81785
1.81839
1.81914
1.82018
1.82157
1.82336
1.82554
1.82804
1.83077
1.8336
1.8364
1.83904
1.84145
1.84353
1.84527
1.84666
1.8477
1.84842
1.84887
1.84909
1.84911
1.84896
1.84867
1.84826
1.84772
1.84704
1.8462
1.84519
1.84397
1.84252
1.8408
1.83879
1.83649
1.8339
1.83104
1.82797
1.82474
1.82144
1.81816
1.81498
1.81196
1.80915
1.8066
1.8043
