1.2
1.2
1.2
1.2
1.2
1.2
1.2
1.2
1.2
1.2
1.2
1.2
1.2
1.2
1.2
1.2
1.2
1.20001
1.20001
1.20001
1.20001
1.20001
1.20001
1.20001
1.20001
1.20001
1.20001
1.20001
1.20001
1.20002
1.20002
1.20002
1.20002
1.20002
1.20002
1.20002
1.20002
1.20003
1.20003
1.20003
1.20003
1.20003
1.20003
1.20004
1.20004
1.20004
1.20004
1.20004
1.20004
1.20005
1.20005
1.20005
1.20005
1.20005
1.20006
1.20006
1.20006
1.20006
1.20006
1.20007
1.20007
1.20007
1.20007
1.20008
1.20008
1.20008
1.20008
1.20009
1.20009
1.20009
1.20009
1.2001
1.2001
1.2001
1.2001
1.20011
1.20011
1.20011
1.20012
1.20012
1.20012
1.20012
1.20013
1.20013
1.20013
1.20014
1.20014
1.20014
1.20015
1.20015
1.20015
1.20016
1.20016
1.20016
1.20017
1.20017
1.20018
1.20018
1.20018
1.20019
1.20019
1.20019
1.2002
1.2002
1.20021
1.20021
1.20021
1.20022
1.20022
1.20023
1.20023
1.20023
1.20024
1.20024
1.20025
1.20025
1.20026
1.20026
1.20027
1.20027
1.20027
1.20028
1.20028
1.20029
1.20029
1.2003
1.2003
1.20031
1.20031
1.20032
1.20032
1.20033
1.20033
1.20034
1.20034
1.20035
1.20035
1.20036
1.20036
1.20037
1.20038
1.20038
1.20039
1.20039
1.2004
1.2004
1.20041
1.20041
1.20042
1.20043
1.20043
1.20044
1.20044
1.20045
1.20046
1.20046
1.20047
1.20047
1.20048
1.20049
1.20049
1.2005
1.2005
1.20051
1.20052
1.20052
1.20053
1.20054
1.20054
1.20055
1.20056
1.20056
1.20057
1.20058
1.20058
1.20059
1.2006
1.20061
1.20061
1.20062
1.20063
1.20063
1.20064
1.20065
1.20066
1.20066
1.20067
1.20068
1.20068
1.20069
1.2007
1.20071
1.20072
1.20072
1.20073
1.20074
1.20075
1.20075
1.20076
1.20077
1.20078
1.20079
1.20079
1.2008
1.20081
1.20082
1.20083
1.20084
1.20084
1.20085
1.20086
1.20087
1.20088
1.20089
1.2009
1.2009
1.20091
1.20092
1.20093
1.20094
1.20095
1.20096
1.20097
1.20098
1.20098
1.20099
1.201
1.20101
1.20102
1.20103
1.20104
1.20105
1.20106
1.20107
1.20108
1.20109
1.2011
1.20111
1.20112
1.20113
1.20114
1.20115
1.20116
1.20117
1.20118
1.20119
1.2012
1.20121
1.20122
1.20123
1.20124
1.20125
1.20126
1.20127
1.20128
1.20129
1.2013
1.20131
1.20132
1.20133
1.20135
1.20136
1.20137
1.20138
1.20139
1.2014
1.20141
1.20142
1.20143
1.20145
1.20146
1.20147
1.20148
1.20149
1.2015
1.20151
1.20153
1.20154
1.20155
1.20156
1.20157
1.20159
1.2016
1.20161
1.20162
1.20163
1.20165
1.20166
1.20167
1.20168
1.2017
1.20171
1.20172
1.20173
1.20175
1.20176
1.20177
1.20178
1.2018
1.20181
1.20182
1.20184
1.20185
1.20186
1.20187
1.20189
1.2019
1.20191
1.20193
1.20194
1.20195
1.20197
1.20198
1.202
1.20201
1.20202
1.20204
1.20205
1.20206
1.20208
1.20209
1.20211
1.20212
1.20213
1.20215
1.20216
1.20218
1.20219
1.20221
1.20222
1.20224
1.20225
1.20226
1.20228
1.20229
1.20231
1.20232
1.20234
1.20235
1.20237
1.20238
1.2024
1.20241
1.20243
1.20245
1.20246
1.20248
1.20249
1.20251
1.20252
1.20254
1.20256
1.20257
1.20259
1.2026
1.20262
1.20264
1.20265
1.20267
1.20268
1.2027
1.20272
1.20273
1.20275
1.20277
1.20278
1.2028
1.20282
1.20283
1.20285
1.20287
1.20288
1.2029
1.20292
1.20294
1.20295
1.20297
1.20299
1.20301
1.20302
1.20304
1.20306
1.20308
1.20309
1.20311
1.20313
1.20315
1.20317
1.20318
1.2032
1.20322
1.20324
1.20326
1.20328
1.20329
1.20331
1.20333
1.20335
1.20337
1.20339
1.20341
1.20343
1.20344
1.20346
1.20348
1.2035
1.20352
1.20354
1.20356
1.20358
1.2036
1.20362
1.20364
1.20366
1.20368
1.2037
1.20372
1.20374
1.20376
1.20378
1.2038
1.20382
1.20384
1.20386
1.20388
1.2039
1.20392
1.20394
1.20396
1.20398
1.20401
1.20403
1.20405
1.20407
1.20409
1.20411
1.20413
1.20416
1.20418
1.2042
1.20422
1.20424
1.20426
1.20429
1.20431
1.20433
1.20435
1.20437
1.2044
1.20442
1.20444
1.20446
1.20449
1.20451
1.20453
1.20456
1.20458
1.2046
1.20462
1.20465
1.20467
1.20469
1.20472
1.20474
1.20477
1.20479
1.20481
1.20484
1.20486
1.20488
1.20491
1.20493
1.20496
1.20498
1.20501
1.20503
1.20505
1.20508
1.2051
1.20513
1.20515
1.20518
1.2052
1.20523
1.20525
1.20528
1.20531
1.20533
1.20536
1.20538
1.20541
1.20543
1.20546
1.20549
1.20551
1.20554
1.20556
1.20559
1.20562
1.20564
1.20567
1.2057
1.20572
1.20575
1.20578
1.2058
1.20583
1.20586
1.20589
1.20591
1.20594
1.20597
1.206
1.20602
1.20605
1.20608
1.20611
1.20614
1.20616
1.20619
1.20622
1.20625
1.20628
1.20631
1.20634
1.20637
1.20639
1.20642
1.20645
1.20648
1.20651
1.20654
1.20657
1.2066
1.20663
1.20666
1.20669
1.20672
1.20675
1.20678
1.20681
1.20684
1.20687
1.2069
1.20693
1.20697
1.207
1.20703
1.20706
1.20709
1.20712
1.20715
1.20718
1.20722
1.20725
1.20728
1.20731
1.20734
1.20738
1.20741
1.20744
1.20747
1.20751
1.20754
1.20757
1.20761
1.20764
1.20767
1.20771
1.20774
1.20777
1.20781
1.20784
1.20787
1.20791
1.20794
1.20798
1.20801
1.20805
1.20808
1.20811
1.20815
1.20818
1.20822
1.20825
1.20829
1.20833
1.20836
1.2084
1.20843
1.20847
1.2085
1.20854
1.20858
1.20861
1.20865
1.20869
1.20872
1.20876
1.2088
1.20883
1.20887
1.20891
1.20895
1.20898
1.20902
1.20906
1.2091
1.20913
1.20917
1.20921
1.20925
1.20929
1.20933
1.20937
1.2094
1.20944
1.20948
1.20952
1.20956
1.2096
1.20964
1.20968
1.20972
1.20976
1.2098
1.20984
1.20988
1.20992
1.20996
1.21001
1.21005
1.21009
1.21013
1.21017
1.21021
1.21025
1.2103
1.21034
1.21038
1.21042
1.21046
1.21051
1.21055
1.21059
1.21064
1.21068
1.21072
1.21077
1.21081
1.21085
1.2109
1.21094
1.21098
1.21103
1.21107
1.21112
1.21116
1.21121
1.21125
1.2113
1.21134
1.21139
1.21143
1.21148
1.21153
1.21157
1.21162
1.21167
1.21171
1.21176
1.21181
1.21185
1.2119
1.21195
1.21199
1.21204
1.21209
1.21214
1.21219
1.21223
1.21228
1.21233
1.21238
1.21243
1.21248
1.21253
1.21258
1.21263
1.21268
1.21273
1.21278
1.21283
1.21288
1.21293
1.21298
1.21303
1.21308
1.21313
1.21318
1.21324
1.21329
1.21334
1.21339
1.21344
1.2135
1.21355
1.2136
1.21365
1.21371
1.21376
1.21381
1.21387
1.21392
1.21398
1.21403
1.21408
1.21414
1.21419
1.21425
1.2143
1.21436
1.21441
1.21447
1.21453
1.21458
1.21464
1.2147
1.21475
1.21481
1.21487
1.21492
1.21498
1.21504
1.2151
1.21515
1.21521
1.21527
1.21533
1.21539
1.21545
1.2155
1.21556
1.21562
1.21568
1.21574
1.2158
1.21586
1.21592
1.21598
1.21605
1.21611
1.21617
1.21623
1.21629
1.21635
1.21642
1.21648
1.21654
1.2166
1.21667
1.21673
1.21679
1.21686
1.21692
1.21698
1.21705
1.21711
1.21718
1.21724
1.21731
1.21737
1.21744
1.2175
1.21757
1.21763
1.2177
1.21777
1.21783
1.2179
1.21797
1.21804
1.2181
1.21817
1.21824
1.21831
1.21838
1.21844
1.21851
1.21858
1.21865
1.21872
1.21879
1.21886
1.21893
1.219
1.21907
1.21915
1.21922
1.21929
1.21936
1.21943
1.2195
1.21958
1.21965
1.21972
1.2198
1.21987
1.21994
1.22002
1.22009
1.22016
1.22024
1.22031
1.22039
1.22046
1.22054
1.22062
1.22069
1.22077
1.22085
1.22092
1.221
1.22108
1.22115
1.22123
1.22131
1.22139
1.22147
1.22155
1.22163
1.22171
1.22178
1.22186
1.22195
1.22203
1.22211
1.22219
1.22227
1.22235
1.22243
1.22251
1.2226
1.22268
1.22276
1.22284
1.22293
1.22301
1.2231
1.22318
1.22326
1.22335
1.22343
1.22352
1.22361
1.22369
1.22378
1.22386
1.22395
1.22404
1.22413
1.22421
1.2243
1.22439
1.22448
1.22457
1.22466
1.22475
1.22483
1.22492
1.22501
1.22511
1.2252
1.22529
1.22538
1.22547
1.22556
1.22565
1.22575
1.22584
1.22593
1.22603
1.22612
1.22622
1.22631
1.2264
1.2265
1.2266
1.22669
1.22679
1.22688
1.22698
1.22708
1.22717
1.22727
1.22737
1.22747
1.22757
1.22767
1.22776
1.22786
1.22796
1.22806
1.22816
1.22827
1.22837
1.22847
1.22857
1.22867
1.22877
1.22888
1.22898
1.22908
1.22919
1.22929
1.2294
1.2295
1.22961
1.22971
1.22982
1.22992
1.23003
1.23014
1.23025
1.23035
1.23046
1.23057
1.23068
1.23079
1.2309
1.23101
1.23112
1.23123
1.23134
1.23145
1.23156
1.23167
1.23179
1.2319
1.23201
1.23213
1.23224
1.23235
1.23247
1.23258
1.2327
1.23281
1.23293
1.23305
1.23316
1.23328
1.2334
1.23352
1.23363
1.23375
1.23387
1.23399
1.23411
1.23423
1.23435
1.23447
1.2346
1.23472
1.23484
1.23496
1.23509
1.23521
1.23533
1.23546
1.23558
1.23571
1.23583
1.23596
1.23609
1.23621
1.23634
1.23647
1.2366
1.23672
1.23685
1.23698
1.23711
1.23724
1.23737
1.2375
1.23764
1.23777
1.2379
1.23803
1.23817
1.2383
1.23843
1.23857
1.2387
1.23884
1.23898
1.23911
1.23925
1.23939
1.23952
1.23966
1.2398
1.23994
1.24008
1.24022
1.24036
1.2405
1.24064
1.24078
1.24093
1.24107
1.24121
1.24136
1.2415
1.24164
1.24179
1.24194
1.24208
1.24223
1.24238
1.24252
1.24267
1.24282
1.24297
1.24312
1.24327
1.24342
1.24357
1.24372
1.24387
1.24403
1.24418
1.24433
1.24449
1.24464
1.24479
1.24495
1.24511
1.24526
1.24542
1.24558
1.24573
1.24589
1.24605
1.24621
1.24637
1.24653
1.24669
1.24686
1.24702
1.24718
1.24734
1.24751
1.24767
1.24784
1.248
1.24817
1.24833
1.2485
1.24867
1.24883
1.249
1.24917
1.24934
1.24951
1.24968
1.24985
1.25002
1.2502
1.25037
1.25054
1.25072
1.25089
1.25107
1.25124
1.25142
1.25159
1.25177
1.25195
1.25213
1.2523
1.25248
1.25266
1.25284
1.25302
1.25321
1.25339
1.25357
1.25375
1.25394
1.25412
1.25431
1.25449
1.25468
1.25486
1.25505
1.25524
1.25542
1.25561
1.2558
1.25599
1.25618
1.25637
1.25656
1.25675
1.25695
1.25714
1.25733
1.25752
1.25772
1.25791
1.25811
1.2583
1.2585
1.2587
1.25889
1.25909
1.25929
1.25949
1.25969
1.25989
1.26009
1.26029
1.26049
1.26069
1.26089
1.2611
1.2613
1.2615
1.26171
1.26191
1.26212
1.26232
1.26253
1.26274
1.26294
1.26315
1.26336
1.26356
1.26377
1.26398
1.26419
1.2644
1.26461
1.26482
1.26503
1.26524
1.26545
1.26566
1.26588
1.26609
1.2663
1.26651
1.26673
1.26694
1.26715
1.26737
1.26758
1.2678
1.26801
1.26823
1.26844
1.26866
1.26887
1.26909
1.2693
1.26952
1.26974
1.26995
1.27017
1.27038
1.2706
1.27082
1.27103
1.27125
1.27147
1.27168
1.2719
1.27211
1.27233
1.27255
1.27276
1.27298
1.27319
1.27341
1.27362
1.27384
1.27405
1.27427
1.27448
1.27469
1.27491
1.27512
1.27533
1.27554
1.27575
1.27596
1.27617
1.27638
1.27659
1.2768
1.27701
1.27721
1.27742
1.27762
1.27783
1.27803
1.27823
1.27843
1.27863
1.27883
1.27903
1.27923
1.27942
1.27962
1.27981
1.28001
1.2802
1.28039
1.28057
1.28076
1.28095
1.28113
1.28131
1.28149
1.28167
1.28185
1.28202
1.28219
1.28237
1.28253
1.2827
1.28287
1.28303
1.28319
1.28335
1.28351
1.28366
1.28381
1.28396
1.28411
1.28425
1.28439
1.28453
1.28467
1.2848
1.28493
1.28506
1.28519
1.28531
1.28543
1.28555
1.28566
1.28577
1.28588
1.28598
1.28609
1.28618
1.28628
1.28637
1.28646
1.28654
1.28663
1.2867
1.28678
1.28685
1.28692
1.28699
1.28705
1.28711
1.28716
1.28721
1.28726
1.28731
1.28735
1.28739
1.28743
1.28746
1.28749
1.28751
1.28754
1.28756
1.28758
1.28759
1.2876
1.28761
1.28762
1.28762
1.28763
1.28763
1.28762
1.28762
1.28761
1.2876
1.28759
1.28758
1.28757
1.28755
1.28754
1.28752
1.2875
1.28748
1.28746
1.28744
1.28742
1.2874
1.28738
1.28736
1.28734
1.28732
1.2873
1.28728
1.28727
1.28725
1.28723
1.28722
1.2872
1.28719
1.28718
1.28717
1.28716
1.28716
1.28715
1.28715
1.28715
1.28716
1.28716
1.28717
1.28718
1.28719
1.2872
1.28722
1.28724
1.28726
1.28728
1.28731
1.28733
1.28736
1.2874
1.28743
1.28747
1.2875
1.28754
1.28758
1.28763
1.28767
1.28771
1.28776
1.28781
1.28785
1.2879
1.28795
1.288
1.28805
1.2881
1.28815
1.28819
1.28824
1.28829
1.28834
1.28838
1.28842
1.28847
1.28851
1.28855
1.28858
1.28862
1.28865
1.28869
1.28872
1.28874
1.28877
1.28879
1.28881
1.28883
1.28884
1.28886
1.28887
1.28887
1.28888
1.28888
1.28888
1.28888
1.28888
1.28888
1.28887
1.28886
1.28885
1.28884
1.28883
1.28882
1.28881
1.2888
1.28878
1.28877
1.28876
1.28875
1.28875
1.28874
1.28874
1.28874
1.28874
1.28874
1.28875
1.28877
1.28879
1.28881
1.28884
1.28887
1.28891
1.28896
1.28902
1.28908
1.28915
1.28923
1.28932
1.28941
1.28952
1.28964
1.28976
1.2899
1.29005
1.2902
1.29037
1.29055
1.29075
1.29095
1.29117
1.2914
1.29164
1.29189
1.29216
1.29244
1.29273
1.29304
1.29335
1.29368
1.29403
1.29438
1.29475
1.29513
1.29552
1.29592
1.29633
1.29676
1.29719
1.29764
1.29809
1.29856
1.29904
1.29952
1.30002
1.30052
1.30103
1.30155
1.30207
1.30261
1.30315
1.30369
1.30424
1.3048
1.30536
1.30592
1.30649
1.30706
1.30764
1.30821
1.30879
1.30937
1.30995
1.31054
1.31112
1.3117
1.31229
1.31287
1.31345
1.31403
1.31461
1.31518
1.31576
1.31633
1.3169
1.31746
1.31803
1.31859
1.31914
1.31969
1.32024
1.32078
1.32132
1.32185
1.32238
1.32291
1.32343
1.32394
1.32445
1.32495
1.32545
1.32594
1.32643
1.32691
1.32739
1.32786
1.32833
1.32879
1.32924
1.32969
1.33014
1.33058
1.33101
1.33144
1.33186
1.33228
1.3327
1.3331
1.33351
1.33391
1.3343
1.33469
1.33508
1.33546
1.33583
1.33621
1.33657
1.33694
1.3373
1.33766
1.33801
1.33836
1.3387
1.33905
1.33939
1.33972
1.34006
1.34039
1.34071
1.34104
1.34136
1.34168
1.342
1.34231
1.34263
1.34294
1.34325
1.34355
1.34386
1.34416
1.34446
1.34476
1.34506
1.34536
1.34566
1.34595
1.34625
1.34654
1.34683
1.34712
1.34741
1.3477
1.34799
1.34827
1.34856
1.34885
1.34913
1.34942
1.3497
1.34998
1.35026
1.35055
1.35083
1.35111
1.35139
1.35167
1.35195
1.35223
1.3525
1.35278
1.35306
1.35333
1.35361
1.35388
1.35416
1.35443
1.3547
1.35498
1.35525
1.35552
1.35579
1.35605
1.35632
1.35659
1.35685
1.35712
1.35738
1.35764
1.3579
1.35816
1.35841
1.35867
1.35892
1.35918
1.35943
1.35967
1.35992
1.36017
1.36041
1.36065
1.36089
1.36112
1.36136
1.36159
1.36182
1.36204
1.36227
1.36249
1.3627
1.36292
1.36313
1.36334
1.36354
1.36374
1.36394
1.36414
1.36433
1.36452
1.3647
1.36488
1.36506
1.36523
1.3654
1.36556
1.36572
1.36588
1.36603
1.36617
1.36631
1.36645
1.36658
1.36671
1.36683
1.36695
1.36706
1.36717
1.36727
1.36736
1.36746
1.36754
1.36762
1.36769
1.36776
1.36782
1.36788
1.36793
1.36797
1.36801
1.36804
1.36806
1.36808
1.36809
1.3681
1.3681
1.36809
1.36808
1.36805
1.36802
1.36799
1.36795
1.3679
1.36784
1.36778
1.3677
1.36763
1.36754
1.36745
1.36735
1.36724
1.36712
1.367
1.36687
1.36673
1.36658
1.36643
1.36627
1.3661
1.36592
1.36574
1.36554
1.36534
1.36514
1.36492
1.3647
1.36447
1.36423
1.36398
1.36373
1.36347
1.3632
1.36292
1.36264
1.36235
1.36205
1.36175
1.36143
1.36111
1.36079
1.36045
1.36011
1.35977
1.35941
1.35905
1.35868
1.35831
1.35793
1.35754
1.35715
1.35676
1.35635
1.35594
1.35553
1.35511
1.35469
1.35426
1.35382
1.35338
1.35294
1.35249
1.35204
1.35159
1.35113
1.35067
1.3502
1.34973
1.34926
1.34879
1.34832
1.34784
1.34736
1.34688
1.3464
1.34591
1.34543
1.34494
1.34446
1.34397
1.34349
1.343
1.34252
1.34204
1.34156
1.34108
1.3406
1.34012
1.33965
1.33918
1.33871
1.33825
1.33778
1.33733
1.33687
1.33642
1.33598
1.33554
1.33511
1.33468
1.33425
1.33384
1.33343
1.33302
1.33262
1.33223
1.33185
1.33148
1.33111
1.33075
1.3304
1.33006
1.32973
1.3294
1.32909
1.32879
1.32849
1.32821
1.32794
1.32768
1.32743
1.32719
1.32696
1.32674
1.32654
1.32635
1.32617
1.326
1.32585
1.32571
1.32558
1.32547
1.32537
1.32529
1.32521
1.32516
1.32511
1.32508
1.32507
1.32507
1.32509
1.32512
1.32516
1.32522
1.3253
1.32539
1.3255
1.32562
1.32576
1.32591
1.32608
1.32626
1.32646
1.32667
1.3269
1.32715
1.32741
1.32768
1.32797
1.32828
1.3286
1.32894
1.32929
1.32965
1.33003
1.33043
1.33083
1.33125
1.33169
1.33214
1.3326
1.33307
1.33356
1.33406
1.33458
1.3351
1.33564
1.33618
1.33674
1.33731
1.33789
1.33848
1.33908
1.33969
1.34031
1.34094
1.34157
1.34222
1.34287
1.34352
1.34419
1.34486
1.34554
1.34622
1.34691
1.3476
1.34829
1.34899
1.3497
1.3504
1.35111
1.35182
1.35253
1.35324
1.35395
1.35466
1.35537
1.35608
1.35679
1.35749
1.35819
1.35889
1.35958
1.36027
1.36095
1.36163
1.3623
1.36297
1.36362
1.36427
1.36491
1.36554
1.36616
1.36677
1.36737
1.36796
1.36854
1.3691
1.36965
1.37018
1.3707
1.37121
1.3717
1.37217
1.37263
1.37307
1.37349
1.37389
1.37427
1.37464
1.37498
1.3753
1.3756
1.37588
1.37614
1.37638
1.37659
1.37677
1.37694
1.37708
1.37719
1.37728
1.37735
1.37739
1.3774
1.37739
1.37735
1.37729
1.3772
1.37709
1.37694
1.37678
1.37659
1.37637
1.37613
1.37586
1.37558
1.37527
1.37493
1.37458
1.37421
1.37381
1.3734
1.37297
1.37253
1.37207
1.37161
1.37113
1.37064
1.37014
1.36964
1.36914
1.36864
1.36813
1.36763
1.36714
1.36665
1.36618
1.36572
1.36527
1.36484
1.36443
1.36405
1.36369
1.36335
1.36305
1.36277
1.36253
1.36232
1.36215
1.36202
1.36193
1.36187
1.36186
1.36189
1.36196
1.36208
1.36223
1.36243
1.36268
1.36296
1.36329
1.36365
1.36406
1.36451
1.36499
1.3655
1.36605
1.36663
1.36725
1.36788
1.36855
1.36924
1.36995
1.37068
1.37142
1.37218
1.37296
1.37374
1.37453
1.37533
1.37613
1.37694
1.37774
1.37854
1.37934
1.38013
1.38092
1.3817
1.38246
1.38322
1.38397
1.3847
1.38541
1.38611
1.3868
1.38747
1.38812
1.38875
1.38936
1.38996
1.39053
1.39109
1.39163
1.39214
1.39264
1.39311
1.39357
1.39401
1.39442
1.39482
1.39519
1.39555
1.39589
1.3962
1.3965
1.39678
1.39704
1.39729
1.39751
1.39772
1.39791
1.39809
1.39825
1.39839
1.39852
1.39863
1.39872
1.3988
1.39887
1.39892
1.39896
1.39899
1.399
1.399
1.39898
1.39896
1.39892
1.39887
1.3988
1.39873
1.39864
1.39855
1.39844
1.39832
1.39819
1.39805
1.3979
1.39774
1.39757
1.3974
1.39721
1.39701
1.3968
1.39659
1.39636
1.39613
1.39588
1.39563
1.39537
1.3951
1.39482
1.39453
1.39424
1.39394
1.39362
1.3933
1.39298
1.39264
1.3923
1.39195
1.39159
1.39122
1.39085
1.39046
1.39007
1.38968
1.38927
1.38886
1.38844
1.38802
1.38759
1.38715
1.3867
1.38625
1.38579
1.38533
1.38486
1.38439
1.38391
1.38342
1.38293
1.38243
1.38193
1.38143
1.38092
1.38041
1.3799
1.37938
1.37886
1.37834
1.37781
1.37729
1.37676
1.37624
1.37571
1.37519
1.37466
1.37414
1.37362
1.3731
1.37259
1.37208
1.37157
1.37107
1.37058
1.37009
1.36961
1.36914
1.36867
1.36821
1.36777
1.36733
1.36691
1.36649
1.36609
1.3657
1.36533
1.36496
1.36462
1.36429
1.36397
1.36367
1.36339
1.36313
1.36288
1.36265
1.36244
1.36225
1.36208
1.36192
1.36179
1.36168
1.36158
1.36151
1.36146
1.36143
1.36141
1.36142
1.36145
1.36149
1.36156
1.36165
1.36175
1.36187
1.36202
1.36217
1.36235
1.36254
1.36275
1.36298
1.36322
1.36347
1.36374
1.36402
1.36431
1.36461
1.36493
1.36525
1.36559
1.36593
1.36628
1.36664
1.36701
1.36738
1.36775
1.36813
1.36852
1.36891
1.3693
1.36969
1.37008
1.37047
1.37086
1.37125
1.37164
1.37203
1.37241
1.3728
1.37317
1.37355
1.37392
1.37429
1.37465
1.375
1.37535
1.37569
1.37603
1.37636
1.37669
1.377
1.37731
1.37761
1.37791
1.37819
1.37847
1.37874
1.37901
1.37926
1.37951
1.37975
1.37998
1.3802
1.38042
1.38062
1.38082
1.38101
1.3812
1.38137
1.38154
1.3817
1.38185
1.382
1.38213
1.38226
1.38239
1.3825
1.38261
1.38272
1.38281
1.3829
1.38298
1.38306
1.38313
1.3832
1.38326
1.38331
1.38336
1.38341
1.38345
1.38348
1.38351
1.38353
1.38355
1.38357
1.38358
1.38359
1.3836
1.3836
1.3836
1.38359
1.38358
1.38357
1.38355
1.38354
1.38352
1.3835
1.38347
1.38344
1.38341
1.38338
1.38335
1.38332
1.38328
1.38324
1.3832
1.38316
1.38312
1.38308
1.38304
1.38299
1.38295
1.3829
1.38286
1.38281
1.38276
1.38271
1.38266
1.38261
1.38256
1.38251
1.38246
1.38241
1.38236
1.38231
1.38226
1.38221
1.38216
1.38211
1.38206
1.382
1.38195
1.3819
1.38185
1.3818
1.38175
1.3817
1.38164
1.38159
1.38154
1.38149
1.38143
1.38138
1.38133
1.38127
1.38122
1.38117
1.38111
1.38106
1.381
1.38095
1.38089
1.38084
1.38078
1.38072
1.38066
1.3806
1.38054
1.38048
1.38042
1.38036
1.38029
1.38023
1.38017
1.3801
1.38003
1.37996
1.37989
1.37982
1.37975
1.37968
1.3796
1.37953
1.37945
1.37937
1.37929
1.37921
1.37913
1.37904
1.37896
1.37887
1.37878
1.37869
1.3786
1.37851
1.37841
1.37831
1.37822
1.37812
1.37802
1.37791
1.37781
1.3777
1.3776
1.37749
1.37738
1.37727
1.37715
1.37704
1.37692
1.37681
1.37669
1.37657
1.37645
1.37633
1.3762
1.37608
1.37595
1.37582
1.3757
1.37557
1.37544
1.3753
1.37517
1.37504
1.3749
1.37477
1.37463
1.3745
1.37436
1.37422
1.37408
1.37394
1.3738
1.37366
1.37352
1.37338
1.37323
1.37309
1.37294
1.3728
1.37265
1.37251
1.37236
1.37221
1.37207
1.37192
1.37177
1.37162
1.37147
1.37132
1.37117
1.37101
1.37086
1.3707
1.37055
1.37039
1.37024
1.37008
1.36992
1.36976
1.3696
1.36943
1.36927
1.3691
1.36894
1.36877
1.3686
1.36842
1.36825
1.36807
1.36789
1.36771
1.36753
1.36735
1.36716
1.36697
1.36678
1.36658
1.36638
1.36618
1.36598
1.36577
1.36557
1.36535
1.36514
1.36492
1.3647
1.36448
1.36426
1.36403
1.3638
1.36356
1.36333
1.36309
1.36285
1.36261
1.36236
1.36211
1.36187
1.36162
1.36137
1.36112
1.36086
1.36061
1.36036
1.36011
1.35986
1.35961
1.35936
1.35911
1.35887
1.35863
1.35839
1.35816
1.35793
1.35771
1.35749
1.35728
1.35707
1.35687
1.35668
1.3565
1.35633
1.35616
1.35601
1.35587
1.35573
1.35561
1.3555
1.35541
1.35533
1.35526
1.3552
1.35516
1.35514
1.35513
1.35513
1.35515
1.35519
1.35524
1.35531
1.3554
1.35551
1.35563
1.35576
1.35592
1.35609
1.35628
1.35648
1.3567
1.35694
1.35719
1.35746
1.35774
1.35804
1.35835
1.35867
1.35901
1.35936
1.35973
1.36011
1.36049
1.36089
1.3613
1.36172
1.36215
1.36258
1.36303
1.36348
1.36394
1.3644
1.36487
1.36534
1.36582
1.3663
1.36679
1.36728
1.36777
1.36826
1.36875
1.36924
1.36973
1.37022
1.37071
1.3712
1.37169
1.37218
1.37266
1.37314
1.37362
1.37409
1.37456
1.37502
1.37549
1.37594
1.37639
1.37684
1.37728
1.37772
1.37815
1.37857
1.37899
1.37941
1.37981
1.38021
1.38061
1.381
1.38138
1.38176
1.38213
1.38249
1.38285
1.3832
1.38354
1.38388
1.38421
1.38453
1.38485
1.38516
1.38546
1.38576
1.38605
1.38634
1.38661
1.38689
1.38715
1.38741
1.38766
1.38791
1.38815
1.38838
1.38861
1.38883
1.38905
1.38926
1.38946
1.38966
1.38985
1.39003
1.39021
1.39038
1.39055
1.39071
1.39087
1.39102
1.39116
1.3913
1.39143
1.39156
1.39168
1.39179
1.3919
1.39201
1.39211
1.3922
1.39229
1.39237
1.39245
1.39252
1.39259
1.39265
1.39271
1.39276
1.39281
1.39285
1.39289
1.39292
1.39295
1.39297
1.39299
1.393
1.39301
1.39302
1.39302
1.39301
1.39301
1.39299
1.39298
1.39296
1.39294
1.39291
1.39288
1.39284
1.39281
1.39277
1.39272
1.39267
1.39262
1.39257
1.39251
1.39246
1.3924
1.39233
1.39227
1.3922
1.39213
1.39206
1.39199
1.39191
1.39184
1.39176
1.39168
1.3916
1.39152
1.39144
1.39136
1.39128
1.3912
1.39112
1.39104
1.39096
1.39088
1.3908
1.39072
1.39065
1.39057
1.39049
1.39042
1.39035
1.39028
1.39021
1.39015
1.39008
1.39002
1.38996
1.38991
1.38986
1.38981
1.38976
1.38972
1.38968
1.38964
1.38961
1.38958
1.38955
1.38953
1.38952
1.3895
1.3895
1.38949
1.38949
1.3895
1.38951
1.38952
1.38954
1.38957
1.3896
1.38963
1.38967
1.38972
1.38977
1.38982
1.38988
1.38995
1.39002
1.39009
1.39017
1.39026
1.39035
1.39045
1.39055
1.39065
1.39077
1.39088
1.391
1.39113
1.39126
1.39139
1.39153
1.39167
1.39181
1.39196
1.39212
1.39227
1.39243
1.39259
1.39276
1.39293
1.3931
1.39327
1.39344
1.39361
1.39379
1.39396
1.39414
1.39431
1.39449
1.39466
1.39484
1.39501
1.39518
1.39534
1.39551
1.39567
1.39582
1.39598
1.39612
1.39627
1.3964
1.39653
1.39666
1.39677
1.39688
1.39698
1.39707
1.39715
1.39723
1.39729
1.39734
1.39738
1.39741
1.39742
1.39742
1.39741
1.39738
1.39734
1.39728
1.39721
1.39712
1.39702
1.3969
1.39675
1.3966
1.39642
1.39622
1.39601
1.39577
1.39552
1.39524
1.39495
1.39463
1.39429
1.39393
1.39355
1.39315
1.39272
1.39228
1.39181
1.39132
1.39081
1.39028
1.38973
1.38916
1.38856
1.38795
1.38732
1.38667
1.38601
1.38532
1.38463
1.38391
1.38319
1.38245
1.3817
1.38094
1.38017
1.37939
1.37861
1.37783
1.37704
1.37626
1.37548
1.3747
1.37393
1.37316
1.37241
1.37167
1.37095
1.37024
1.36956
1.36889
1.36825
1.36764
1.36706
1.3665
1.36599
1.3655
1.36506
1.36465
1.36429
1.36397
1.36369
1.36346
1.36327
1.36313
1.36304
1.363
1.36301
1.36307
1.36318
1.36334
1.36355
1.36381
1.36412
1.36448
1.36488
1.36533
1.36582
1.36636
1.36693
1.36755
1.3682
1.36889
1.36962
1.37038
1.37116
1.37198
1.37282
1.37368
1.37457
1.37547
1.37639
1.37733
1.37827
1.37923
1.3802
1.38117
1.38215
1.38313
1.38411
1.38509
1.38607
1.38704
1.388
1.38896
1.38991
1.39085
1.39178
1.3927
1.3936
1.39449
1.39536
1.39621
1.39705
1.39787
1.39867
1.39945
1.40021
1.40095
1.40167
1.40237
1.40305
1.4037
1.40433
1.40494
1.40553
1.40609
1.40662
1.40714
1.40763
1.4081
1.40854
1.40896
1.40935
1.40972
1.41007
1.41039
1.41069
1.41097
1.41122
1.41145
1.41165
1.41184
1.412
1.41213
1.41225
1.41234
1.41241
1.41246
1.41249
1.4125
1.41249
1.41246
1.41241
1.41234
1.41226
1.41215
1.41203
1.4119
1.41175
1.41158
1.4114
1.4112
1.411
1.41078
1.41055
1.41031
1.41006
1.40981
1.40954
1.40927
1.409
1.40872
1.40844
1.40815
1.40787
1.40758
1.40729
1.40701
1.40673
1.40645
1.40618
1.40591
1.40566
1.4054
1.40516
1.40493
1.40471
1.4045
1.4043
1.40411
1.40394
1.40378
1.40364
1.40351
1.4034
1.4033
1.40322
1.40315
1.40311
1.40307
1.40306
1.40306
1.40308
1.40312
1.40317
1.40324
1.40332
1.40342
1.40354
1.40367
1.40381
1.40397
1.40414
1.40432
1.40451
1.40472
1.40493
1.40516
1.40539
1.40563
1.40588
1.40614
1.4064
1.40667
1.40694
1.40721
1.40749
1.40777
1.40806
1.40834
1.40862
1.40891
1.40919
1.40948
1.40976
1.41004
1.41032
1.41059
1.41086
1.41113
1.4114
1.41166
1.41191
1.41217
1.41241
1.41266
1.41289
1.41312
1.41335
1.41357
1.41379
1.414
1.4142
1.4144
1.4146
1.41478
1.41497
1.41514
1.41531
1.41548
1.41564
1.4158
1.41595
1.4161
1.41624
1.41637
1.4165
1.41663
1.41675
1.41687
1.41698
1.41709
1.41719
1.41729
1.41739
1.41748
1.41757
1.41765
1.41773
1.4178
1.41787
1.41794
1.418
1.41806
1.41811
1.41816
1.41821
1.41825
1.41829
1.41832
1.41835
1.41837
1.41839
1.41841
1.41842
1.41843
1.41843
1.41843
1.41842
1.4184
1.41838
1.41836
1.41833
1.41829
1.41825
1.41821
1.41815
1.41809
1.41803
1.41796
1.41788
1.41779
1.4177
1.4176
1.4175
1.41738
1.41726
1.41714
1.417
1.41686
1.41671
1.41655
1.41638
1.41621
1.41602
1.41583
1.41563
1.41542
1.41521
1.41498
1.41475
1.4145
1.41425
1.41399
1.41372
1.41344
1.41315
1.41285
1.41255
1.41223
1.41191
1.41158
1.41123
1.41088
1.41052
1.41015
1.40978
1.40939
1.409
1.40859
1.40818
1.40776
1.40733
1.4069
1.40646
1.40601
1.40555
1.40508
1.40461
1.40413
1.40365
1.40316
1.40266
1.40216
1.40165
1.40113
1.40062
1.40009
1.39957
1.39904
1.39851
1.39797
1.39743
1.39689
1.39635
1.39581
1.39526
1.39472
1.39417
1.39363
1.39309
1.39254
1.392
1.39147
1.39093
1.3904
1.38988
1.38935
1.38884
1.38833
1.38782
1.38732
1.38683
1.38634
1.38587
1.3854
1.38494
1.38449
1.38405
1.38361
1.38319
1.38279
1.38239
1.382
1.38163
1.38127
1.38092
1.38058
1.38026
1.37995
1.37966
1.37938
1.37911
1.37886
1.37863
1.37841
1.3782
1.37801
1.37784
1.37768
1.37753
1.3774
1.37729
1.37719
1.37711
1.37704
1.37699
1.37695
1.37693
1.37692
1.37692
1.37694
1.37698
1.37703
1.37709
1.37716
1.37725
1.37735
1.37747
1.37759
1.37773
1.37788
1.37804
1.37821
1.37839
1.37858
1.37878
1.37899
1.37921
1.37943
1.37967
1.37991
1.38016
1.38042
1.38069
1.38096
1.38124
1.38152
1.38181
1.3821
1.3824
1.38271
1.38302
1.38333
1.38365
1.38397
1.38429
1.38462
1.38495
1.38529
1.38562
1.38596
1.3863
1.38665
1.38699
1.38734
1.38769
1.38804
1.38839
1.38875
1.3891
1.38946
1.38982
1.39018
1.39053
1.39089
1.39125
1.39162
1.39198
1.39234
1.3927
1.39306
1.39342
1.39378
1.39414
1.3945
1.39486
1.39522
1.39558
1.39594
1.39629
1.39665
1.397
1.39735
1.39769
1.39804
1.39838
1.39872
1.39906
1.39939
1.39972
1.40005
1.40037
1.40069
1.401
1.40131
1.40161
1.40191
1.4022
1.40249
1.40277
1.40304
1.40331
1.40357
1.40382
1.40407
1.40431
1.40454
1.40476
1.40497
1.40517
1.40537
1.40556
1.40573
1.4059
1.40606
1.40621
1.40635
1.40647
1.40659
1.4067
1.40679
1.40688
1.40696
1.40702
1.40707
1.40712
1.40715
1.40717
1.40718
1.40717
1.40716
1.40714
1.4071
1.40705
1.40699
1.40692
1.40684
1.40674
1.40664
1.40652
1.40639
1.40625
1.4061
1.40593
1.40576
1.40557
1.40537
1.40515
1.40493
1.40469
1.40444
1.40417
1.40389
1.4036
1.4033
1.40298
1.40265
1.4023
1.40194
1.40156
1.40117
1.40077
1.40034
1.3999
1.39945
1.39898
1.39849
1.39798
1.39746
1.39692
1.39637
1.39579
1.3952
1.39459
1.39396
1.39332
1.39266
1.39198
1.39129
1.39058
1.38985
1.38912
1.38836
1.3876
1.38683
1.38605
1.38526
1.38446
1.38366
1.38286
1.38206
1.38126
1.38047
1.37968
1.37891
1.37815
1.3774
1.37668
1.37598
1.37531
1.37467
1.37406
1.37349
1.37295
1.37247
1.37202
1.37163
1.37129
1.37101
1.37078
1.37062
1.37051
1.37047
1.3705
1.37059
1.37075
1.37097
1.37126
1.37162
1.37205
1.37254
1.37309
1.37371
1.37438
1.37511
1.3759
1.37674
1.37763
1.37857
1.37954
1.38056
1.38161
1.3827
1.38381
1.38494
1.3861
1.38727
1.38846
1.38965
1.39086
1.39206
1.39326
1.39446
1.39566
1.39684
1.39802
1.39918
1.40032
1.40145
1.40255
1.40364
1.4047
1.40574
1.40675
1.40773
1.40869
1.40962
1.41052
1.41139
1.41224
1.41305
1.41383
1.41458
1.41531
1.416
1.41667
1.4173
1.41791
1.41849
1.41904
1.41956
1.42005
1.42052
1.42097
1.42138
1.42178
1.42215
1.42249
1.42281
1.42311
1.42339
1.42364
1.42388
1.4241
1.42429
1.42447
1.42463
1.42477
1.42489
1.425
1.42509
1.42517
1.42523
1.42528
1.42531
1.42533
1.42534
1.42533
1.42531
1.42528
1.42524
1.42519
1.42513
1.42505
1.42497
1.42488
1.42478
1.42467
1.42455
1.42443
1.4243
1.42416
1.42401
1.42386
1.4237
1.42353
1.42336
1.42318
1.423
1.42281
1.42262
1.42243
1.42223
1.42202
1.42182
1.42161
1.42139
1.42118
1.42096
1.42074
1.42052
1.42029
1.42007
1.41984
1.41961
1.41938
1.41915
1.41892
1.41869
1.41846
1.41823
1.41801
1.41778
1.41755
1.41732
1.4171
1.41688
1.41665
1.41644
1.41622
1.416
1.41579
1.41558
1.41537
1.41517
1.41497
1.41477
1.41458
1.41439
1.4142
1.41402
1.41384
1.41367
1.41349
1.41333
1.41317
1.41301
1.41286
1.41271
1.41257
1.41243
1.41229
1.41216
1.41204
1.41192
1.4118
1.41169
1.41159
1.41149
1.41139
1.4113
1.41121
1.41113
1.41105
1.41098
1.41091
1.41084
1.41078
1.41073
1.41067
1.41062
1.41058
1.41053
1.41049
1.41046
1.41042
1.41039
1.41036
1.41034
1.41031
1.41029
1.41027
1.41025
1.41023
1.41021
1.4102
1.41018
1.41017
1.41015
1.41014
1.41012
1.4101
1.41009
1.41007
1.41005
1.41003
1.41001
1.40998
1.40996
1.40993
1.40989
1.40986
1.40982
1.40978
1.40973
1.40969
1.40963
1.40958
1.40952
1.40945
1.40938
1.4093
1.40922
1.40914
1.40904
1.40895
1.40884
1.40874
1.40862
1.4085
1.40837
1.40824
1.4081
1.40795
1.4078
1.40763
1.40747
1.40729
1.40711
1.40692
1.40673
1.40652
1.40631
1.4061
1.40587
1.40564
1.4054
1.40515
1.4049
1.40464
1.40437
1.4041
1.40382
1.40353
1.40324
1.40294
1.40263
1.40232
1.402
1.40167
1.40134
1.401
1.40066
1.40031
1.39996
1.3996
1.39924
1.39888
1.3985
1.39813
1.39775
1.39737
1.39698
1.3966
1.39621
1.39581
1.39542
1.39502
1.39462
1.39422
1.39382
1.39342
1.39302
1.39262
1.39222
1.39181
1.39142
1.39102
1.39062
1.39023
1.38983
1.38945
1.38906
1.38868
1.3883
1.38792
1.38755
1.38719
1.38682
1.38647
1.38612
1.38577
1.38544
1.38511
1.38478
1.38446
1.38415
1.38385
1.38356
1.38327
1.38299
1.38272
1.38246
1.38221
1.38197
1.38173
1.38151
1.3813
1.38109
1.3809
1.38072
1.38054
1.38038
1.38023
1.38008
1.37995
1.37983
1.37972
1.37962
1.37953
1.37945
1.37938
1.37932
1.37927
1.37923
1.3792
1.37919
1.37918
1.37918
1.37919
1.37921
1.37923
1.37927
1.37932
1.37937
1.37943
1.37951
1.37958
1.37967
1.37976
1.37986
1.37997
1.38008
1.3802
1.38033
1.38046
1.3806
1.38074
1.38088
1.38104
1.38119
1.38135
1.38151
1.38168
1.38185
1.38202
1.38219
1.38237
1.38255
1.38273
1.38291
1.38309
1.38328
1.38346
1.38365
1.38383
1.38402
1.38421
1.38439
1.38458
1.38476
1.38495
1.38513
1.38531
1.38549
1.38567
1.38585
1.38602
1.38619
1.38637
1.38654
1.3867
1.38687
1.38703
1.38719
1.38735
1.3875
1.38765
1.3878
1.38795
1.38809
1.38823
1.38836
1.3885
1.38863
1.38875
1.38888
1.389
1.38911
1.38922
1.38933
1.38944
1.38954
1.38964
1.38974
1.38983
1.38992
1.39
1.39008
1.39016
1.39023
1.3903
1.39037
1.39043
1.39049
1.39055
1.3906
1.39065
1.39069
1.39073
1.39077
1.39081
1.39084
1.39087
1.39089
1.39091
1.39093
1.39094
1.39095
1.39096
1.39097
1.39097
1.39096
1.39096
1.39095
1.39094
1.39093
1.39091
1.39089
1.39087
1.39084
1.39081
1.39078
1.39075
1.39071
1.39067
1.39063
1.39059
1.39054
1.39049
1.39044
1.39039
1.39033
1.39028
1.39022
1.39016
1.39009
1.39003
1.38996
1.3899
1.38983
1.38976
1.38969
1.38961
1.38954
1.38946
1.38939
1.38931
1.38923
1.38915
1.38908
1.389
1.38892
1.38884
1.38875
1.38867
1.38859
1.38851
1.38843
1.38835
1.38827
1.38819
1.38811
1.38803
1.38795
1.38787
1.3878
1.38772
1.38764
1.38757
1.3875
1.38742
1.38735
1.38728
1.38721
1.38714
1.38708
1.38701
1.38695
1.38689
1.38683
1.38677
1.38672
1.38666
1.38661
1.38656
1.38651
1.38647
1.38642
1.38638
1.38634
1.3863
1.38626
1.38623
1.3862
1.38617
1.38614
1.38611
1.38609
1.38607
1.38605
1.38603
1.38602
1.386
1.38599
1.38598
1.38598
1.38597
1.38597
1.38597
1.38597
1.38597
1.38598
1.38599
1.38599
1.386
1.38602
1.38603
1.38604
1.38606
1.38608
1.3861
1.38612
1.38614
1.38616
1.38619
1.38621
1.38624
1.38627
1.3863
1.38633
1.38636
1.38639
1.38642
1.38645
1.38649
1.38652
1.38655
1.38659
1.38662
1.38666
1.3867
1.38673
1.38677
1.3868
1.38684
1.38688
1.38691
1.38695
1.38699
1.38702
1.38706
1.38709
1.20002
1.20005
1.20008
1.20011
1.20014
1.20017
1.2002
1.20023
1.20026
1.20029
1.20032
1.20035
1.20037
1.2004
1.20043
1.20045
1.20048
1.2005
1.20052
1.20055
1.20057
1.20059
1.20061
1.20063
1.20065
1.20067
1.20069
1.2007
1.20072
1.20074
1.20075
1.20076
1.20078
1.20079
1.2008
1.20081
1.20082
1.20083
1.20083
1.20084
1.20085
1.20085
1.20085
1.20086
1.20086
1.20086
1.20086
1.20086
1.20086
1.20086
1.20085
1.20085
1.20084
1.20084
1.20083
1.20082
1.20082
1.20081
1.2008
1.20079
1.20078
1.20076
1.20075
1.20074
1.20072
1.20071
1.20069
1.20068
1.20066
1.20064
1.20062
1.2006
1.20058
1.20056
1.20054
1.20052
1.2005
1.20048
1.20045
1.20043
1.20041
1.20038
1.20036
1.20033
1.2003
1.20028
1.20025
1.20022
1.2002
1.20017
1.20014
1.20011
1.20008
1.20005
1.20002
1.19999
1.19996
1.19993
1.1999
1.19987
1.19983
1.1998
1.19977
1.19974
1.1997
1.19967
1.19964
1.19961
1.19957
1.19954
1.19951
1.19947
1.19944
1.19941
1.19937
1.19934
1.19931
1.19927
1.19924
1.19921
1.19917
1.19914
1.19911
1.19907
1.19904
1.19901
1.19897
1.19894
1.19891
1.19888
1.19884
1.19881
1.19878
1.19875
1.19872
1.19869
1.19865
1.19862
1.19859
1.19856
1.19853
1.1985
1.19847
1.19845
1.19842
1.19839
1.19836
1.19833
1.19831
1.19828
1.19825
1.19823
1.1982
1.19818
1.19815
1.19813
1.1981
1.19808
1.19806
1.19803
1.19801
1.19799
1.19797
1.19795
1.19793
1.19791
1.19789
1.19787
1.19785
1.19784
1.19782
1.1978
1.19779
1.19777
1.19776
1.19774
1.19773
1.19771
1.1977
1.19769
1.19768
1.19767
1.19766
1.19765
1.19764
1.19763
1.19762
1.19761
1.1976
1.1976
1.19759
1.19759
1.19758
1.19758
1.19757
1.19757
1.19757
1.19756
1.19756
1.19756
1.19756
1.19756
1.19756
1.19756
1.19756
1.19756
1.19756
1.19756
1.19756
1.19757
1.19757
1.19757
1.19758
1.19758
1.19759
1.19759
1.1976
1.1976
1.19761
1.19761
1.19762
1.19762
1.19763
1.19764
1.19764
1.19765
1.19765
1.19766
1.19767
1.19767
1.19768
1.19769
1.19769
1.1977
1.19771
1.19771
1.19772
1.19772
1.19773
1.19773
1.19774
1.19774
1.19775
1.19775
1.19775
1.19776
1.19776
1.19776
1.19776
1.19776
1.19776
1.19776
1.19776
1.19775
1.19775
1.19775
1.19774
1.19774
1.19773
1.19772
1.19771
1.1977
1.19769
1.19768
1.19766
1.19765
1.19763
1.19762
1.1976
1.19758
1.19755
1.19753
1.19751
1.19748
1.19745
1.19742
1.19739
1.19736
1.19732
1.19728
1.19724
1.1972
1.19716
1.19711
1.19706
1.19701
1.19696
1.19691
1.19685
1.19679
1.19673
1.19667
1.1966
1.19653
1.19646
1.19638
1.19631
1.19623
1.19615
1.19606
1.19597
1.19588
1.19579
1.19569
1.19559
1.19548
1.19538
1.19527
1.19516
1.19504
1.19492
1.1948
1.19467
1.19454
1.19441
1.19428
1.19414
1.19399
1.19385
1.1937
1.19355
1.19339
1.19323
1.19307
1.1929
1.19273
1.19256
1.19238
1.1922
1.19202
1.19183
1.19164
1.19145
1.19125
1.19105
1.19085
1.19064
1.19043
1.19022
1.19
1.18979
1.18956
1.18934
1.18911
1.18888
1.18865
1.18842
1.18818
1.18794
1.1877
1.18745
1.18721
1.18696
1.18671
1.18646
1.18621
1.18595
1.18569
1.18544
1.18518
1.18492
1.18466
1.1844
1.18414
1.18388
1.18362
1.18336
1.1831
1.18284
1.18258
1.18232
1.18206
1.1818
1.18155
1.18129
1.18104
1.18079
1.18054
1.18029
1.18005
1.17981
1.17957
1.17933
1.1791
1.17887
1.17864
1.17842
1.1782
1.17798
1.17777
1.17756
1.17736
1.17716
1.17696
1.17677
1.17659
1.17641
1.17623
1.17606
1.1759
1.17574
1.17558
1.17544
1.17529
1.17516
1.17502
1.1749
1.17478
1.17466
1.17455
1.17445
1.17435
1.17426
1.17417
1.17409
1.17401
1.17394
1.17388
1.17382
1.17377
1.17372
1.17367
1.17363
1.1736
1.17357
1.17355
1.17353
1.17352
1.17351
1.1735
1.1735
1.1735
1.17351
1.17352
1.17353
1.17355
1.17357
1.17359
1.17362
1.17365
1.17368
1.17371
1.17375
1.17379
1.17383
1.17387
1.17392
1.17397
1.17401
1.17406
1.17411
1.17417
1.17422
1.17428
1.17433
1.17439
1.17444
1.1745
1.17456
1.17462
1.17468
1.17473
1.17479
1.17485
1.17491
1.17497
1.17503
1.17509
1.17515
1.17521
1.17527
1.17533
1.17539
1.17545
1.1755
1.17556
1.17562
1.17568
1.17574
1.1758
1.17586
1.17592
1.17598
1.17604
1.1761
1.17616
1.17622
1.17629
1.17635
1.17641
1.17648
1.17655
1.17661
1.17668
1.17675
1.17682
1.1769
1.17697
1.17705
1.17712
1.1772
1.17729
1.17737
1.17746
1.17754
1.17763
1.17773
1.17782
1.17792
1.17802
1.17813
1.17824
1.17835
1.17846
1.17858
1.1787
1.17882
1.17895
1.17908
1.17921
1.17935
1.17949
1.17963
1.17978
1.17993
1.18009
1.18025
1.18041
1.18057
1.18074
1.18092
1.18109
1.18127
1.18146
1.18164
1.18184
1.18203
1.18223
1.18243
1.18263
1.18284
1.18305
1.18326
1.18348
1.1837
1.18392
1.18415
1.18437
1.1846
1.18484
1.18507
1.18531
1.18555
1.18579
1.18603
1.18628
1.18652
1.18677
1.18702
1.18727
1.18752
1.18778
1.18803
1.18829
1.18854
1.1888
1.18905
1.18931
1.18957
1.18983
1.19008
1.19034
1.1906
1.19086
1.19111
1.19137
1.19163
1.19188
1.19214
1.19239
1.19264
1.1929
1.19315
1.1934
1.19364
1.19389
1.19414
1.19438
1.19462
1.19486
1.1951
1.19534
1.19558
1.19581
1.19604
1.19627
1.1965
1.19673
1.19695
1.19717
1.19739
1.19761
1.19783
1.19804
1.19825
1.19846
1.19867
1.19887
1.19907
1.19927
1.19947
1.19966
1.19985
1.20004
1.20023
1.20041
1.2006
1.20078
1.20095
1.20113
1.2013
1.20147
1.20164
1.2018
1.20196
1.20212
1.20228
1.20244
1.20259
1.20274
1.20289
1.20303
1.20317
1.20332
1.20345
1.20359
1.20372
1.20385
1.20398
1.20411
1.20423
1.20435
1.20447
1.20458
1.2047
1.20481
1.20492
1.20503
1.20513
1.20523
1.20533
1.20543
1.20553
1.20562
1.20571
1.2058
1.20588
1.20597
1.20605
1.20613
1.2062
1.20628
1.20635
1.20642
1.20649
1.20655
1.20661
1.20667
1.20673
1.20679
1.20684
1.20689
1.20694
1.20699
1.20703
1.20707
1.20711
1.20715
1.20718
1.20721
1.20724
1.20726
1.20729
1.20731
1.20733
1.20734
1.20736
1.20737
1.20738
1.20738
1.20738
1.20738
1.20738
1.20737
1.20736
1.20735
1.20734
1.20732
1.2073
1.20728
1.20725
1.20722
1.20719
1.20716
1.20712
1.20708
1.20703
1.20698
1.20693
1.20688
1.20682
1.20676
1.2067
1.20663
1.20656
1.20648
1.20641
1.20633
1.20624
1.20616
1.20606
1.20597
1.20587
1.20577
1.20567
1.20556
1.20545
1.20533
1.20521
1.20509
1.20496
1.20484
1.2047
1.20457
1.20443
1.20428
1.20414
1.20399
1.20384
1.20368
1.20352
1.20336
1.20319
1.20302
1.20285
1.20268
1.2025
1.20232
1.20213
1.20195
1.20176
1.20157
1.20137
1.20118
1.20098
1.20078
1.20057
1.20037
1.20016
1.19995
1.19974
1.19953
1.19932
1.19911
1.19889
1.19868
1.19846
1.19824
1.19803
1.19781
1.19759
1.19737
1.19715
1.19694
1.19672
1.19651
1.19629
1.19608
1.19587
1.19566
1.19545
1.19524
1.19504
1.19484
1.19464
1.19444
1.19425
1.19406
1.19387
1.19368
1.1935
1.19333
1.19316
1.19299
1.19283
1.19267
1.19251
1.19236
1.19222
1.19208
1.19195
1.19182
1.19169
1.19158
1.19147
1.19136
1.19126
1.19117
1.19108
1.191
1.19093
1.19086
1.19079
1.19074
1.19069
1.19065
1.19061
1.19058
1.19056
1.19054
1.19053
1.19052
1.19053
1.19053
1.19055
1.19057
1.19059
1.19063
1.19066
1.1907
1.19075
1.19081
1.19086
1.19093
1.191
1.19107
1.19115
1.19123
1.19131
1.1914
1.1915
1.19159
1.19169
1.1918
1.1919
1.19201
1.19212
1.19224
1.19235
1.19247
1.19259
1.19271
1.19283
1.19296
1.19308
1.1932
1.19333
1.19345
1.19358
1.1937
1.19383
1.19395
1.19407
1.1942
1.19432
1.19444
1.19455
1.19467
1.19478
1.1949
1.19501
1.19511
1.19522
1.19532
1.19542
1.19552
1.19561
1.19571
1.19579
1.19588
1.19596
1.19604
1.19612
1.19619
1.19626
1.19632
1.19638
1.19644
1.19649
1.19654
1.19659
1.19663
1.19667
1.1967
1.19673
1.19676
1.19678
1.1968
1.19681
1.19682
1.19683
1.19683
1.19683
1.19683
1.19682
1.19681
1.19679
1.19677
1.19675
1.19672
1.19669
1.19666
1.19662
1.19658
1.19654
1.19649
1.19644
1.19638
1.19633
1.19627
1.1962
1.19614
1.19607
1.19599
1.19592
1.19584
1.19576
1.19567
1.19559
1.1955
1.19541
1.19531
1.19521
1.19511
1.19501
1.19491
1.1948
1.19469
1.19458
1.19447
1.19435
1.19423
1.19411
1.19399
1.19386
1.19374
1.19361
1.19348
1.19335
1.19321
1.19308
1.19294
1.1928
1.19266
1.19251
1.19237
1.19222
1.19208
1.19193
1.19177
1.19162
1.19147
1.19131
1.19115
1.191
1.19084
1.19068
1.19051
1.19035
1.19018
1.19002
1.18985
1.18968
1.18951
1.18934
1.18917
1.189
1.18883
1.18865
1.18848
1.1883
1.18813
1.18795
1.18777
1.18759
1.18742
1.18724
1.18706
1.18688
1.1867
1.18652
1.18634
1.18616
1.18598
1.1858
1.18562
1.18544
1.18526
1.18508
1.1849
1.18472
1.18454
1.18437
1.18419
1.18401
1.18384
1.18366
1.18349
1.18332
1.18315
1.18297
1.18281
1.18264
1.18247
1.1823
1.18214
1.18198
1.18182
1.18166
1.1815
1.18134
1.18119
1.18104
1.18089
1.18074
1.18059
1.18045
1.18031
1.18017
1.18003
1.1799
1.17977
1.17964
1.17951
1.17939
1.17927
1.17915
1.17903
1.17892
1.17881
1.17871
1.1786
1.1785
1.1784
1.17831
1.17822
1.17813
1.17805
1.17797
1.17789
1.17782
1.17775
1.17768
1.17762
1.17756
1.17751
1.17746
1.17741
1.17737
1.17733
1.17729
1.17726
1.17724
1.17721
1.1772
1.17718
1.17717
1.17717
1.17717
1.17717
1.17718
1.17719
1.17721
1.17723
1.17726
1.17729
1.17733
1.17737
1.17741
1.17746
1.17752
1.17758
1.17764
1.17772
1.17779
1.17787
1.17796
1.17805
1.17814
1.17825
1.17835
1.17846
1.17858
1.1787
1.17883
1.17896
1.1791
1.17924
1.17939
1.17955
1.1797
1.17987
1.18004
1.18021
1.18039
1.18057
1.18076
1.18096
1.18116
1.18136
1.18157
1.18178
1.182
1.18222
1.18245
1.18268
1.18292
1.18316
1.1834
1.18365
1.1839
1.18416
1.18441
1.18468
1.18494
1.18521
1.18549
1.18576
1.18604
1.18632
1.18661
1.18689
1.18718
1.18747
1.18777
1.18806
1.18836
1.18866
1.18896
1.18926
1.18957
1.18987
1.19018
1.19049
1.1908
1.1911
1.19141
1.19172
1.19203
1.19234
1.19266
1.19297
1.19328
1.19359
1.1939
1.19421
1.19452
1.19483
1.19513
1.19544
1.19575
1.19606
1.19636
1.19666
1.19697
1.19727
1.19757
1.19787
1.19817
1.19846
1.19876
1.19905
1.19935
1.19964
1.19993
1.20021
1.2005
1.20079
1.20107
1.20135
1.20163
1.20191
1.20218
1.20245
1.20273
1.203
1.20326
1.20353
1.20379
1.20406
1.20432
1.20457
1.20483
1.20509
1.20534
1.20559
1.20583
1.20608
1.20632
1.20657
1.2068
1.20704
1.20728
1.20751
1.20774
1.20797
1.20819
1.20842
1.20864
1.20886
1.20907
1.20929
1.2095
1.20971
1.20992
1.21012
1.21032
1.21052
1.21072
1.21092
1.21111
1.2113
1.21149
1.21167
1.21185
1.21203
1.21221
1.21239
1.21256
1.21273
1.2129
1.21306
1.21322
1.21338
1.21354
1.21369
1.21384
1.21399
1.21414
1.21428
1.21442
1.21456
1.2147
1.21483
1.21496
1.21509
1.21521
1.21533
1.21545
1.21557
1.21569
1.2158
1.21591
1.21601
1.21612
1.21622
1.21632
1.21642
1.21651
1.2166
1.21669
1.21678
1.21686
1.21695
1.21702
1.2171
1.21718
1.21725
1.21732
1.21739
1.21746
1.21752
1.21758
1.21764
1.2177
1.21775
1.21781
1.21786
1.21791
1.21795
1.218
1.21804
1.21808
1.21812
1.21816
1.21819
1.21823
1.21826
1.21829
1.21832
1.21834
1.21837
1.21839
1.21841
1.21843
1.21845
1.21847
1.21849
1.2185
1.21851
1.21852
1.21853
1.21854
1.21855
1.21855
1.21856
1.21856
1.21856
1.21856
1.21856
1.21856
1.21856
1.21855
1.21855
1.21854
1.21853
1.21852
1.21851
1.2185
1.21849
1.21848
1.21847
1.21845
1.21844
1.21842
1.2184
1.21838
1.21837
1.21835
1.21832
1.2183
1.21828
1.21826
1.21823
1.21821
1.21818
1.21816
1.21813
1.21811
1.21808
1.21805
1.21802
1.21799
1.21796
1.21793
1.2179
1.21787
1.21783
1.2178
1.21777
1.21773
1.2177
1.21766
1.21763
1.21759
1.21755
1.21752
1.21748
1.21744
1.2174
1.21736
1.21732
1.21728
1.21724
1.2172
1.21716
1.21712
1.21708
1.21704
1.21699
1.21695
1.21691
1.21686
1.21682
1.21678
1.21673
1.21669
1.21664
1.2166
1.21655
1.2165
1.21646
1.21641
1.21636
1.21632
1.21627
1.21622
1.21618
1.21613
1.21608
1.21603
1.21598
1.21593
1.21589
1.21584
1.21579
1.21574
1.21569
1.21564
1.21559
1.21554
1.21549
1.21544
1.21539
1.21534
1.21529
1.21524
1.21519
1.21515
1.2151
1.21505
1.215
1.21495
1.2149
1.21485
1.2148
1.21475
1.2147
1.21466
1.21461
1.21456
1.21451
1.21447
1.21442
1.21437
1.21433
1.21428
1.21423
1.21419
1.21415
1.2141
1.21406
1.21402
1.21397
1.21393
1.21389
1.21385
1.21381
1.21377
1.21373
1.2137
1.21366
1.21362
1.21359
1.21356
1.21352
1.21349
1.21346
1.21343
1.2134
1.21338
1.21335
1.21332
1.2133
1.21328
1.21326
1.21324
1.21322
1.2132
1.21319
1.21317
1.21316
1.21315
1.21314
1.21313
1.21313
1.21312
1.21312
1.21312
1.21312
1.21313
1.21313
1.21314
1.21315
1.21316
1.21317
1.21319
1.2132
1.21322
1.21325
1.21327
1.21329
1.21332
1.21335
1.21338
1.21342
1.21345
1.21349
1.21353
1.21358
1.21362
1.21367
1.21372
1.21377
1.21382
1.21387
1.21393
1.21399
1.21405
1.21412
1.21418
1.21425
1.21431
1.21438
1.21446
1.21453
1.2146
1.21468
1.21476
1.21484
1.21492
1.215
1.21508
1.21516
1.21525
1.21533
1.21542
1.2155
1.21559
1.21568
1.21576
1.21585
1.21594
1.21602
1.21611
1.21619
1.21628
1.21636
1.21644
1.21652
1.2166
1.21668
1.21676
1.21683
1.21691
1.21698
1.21704
1.21711
1.21717
1.21723
1.21729
1.21734
1.21739
1.21744
1.21748
1.21752
1.21756
1.21759
1.21762
1.21764
1.21766
1.21767
1.21768
1.21768
1.21767
1.21767
1.21765
1.21763
1.21761
1.21757
1.21754
1.21749
1.21744
1.21739
1.21733
1.21726
1.21719
1.21711
1.21702
1.21693
1.21683
1.21673
1.21662
1.21651
1.21639
1.21626
1.21613
1.216
1.21586
1.21571
1.21557
1.21542
1.21526
1.21511
1.21495
1.21479
1.21462
1.21446
1.21429
1.21413
1.21397
1.2138
1.21364
1.21348
1.21333
1.21318
1.21303
1.21289
1.21275
1.21262
1.21249
1.21238
1.21227
1.21217
1.21208
1.212
1.21193
1.21188
1.21183
1.2118
1.21178
1.21178
1.21179
1.21181
1.21186
1.21191
1.21198
1.21207
1.21218
1.2123
1.21244
1.2126
1.21278
1.21297
1.21318
1.21341
1.21365
1.21391
1.21419
1.21449
1.2148
1.21513
1.21547
1.21583
1.2162
1.21659
1.21699
1.21741
1.21783
1.21827
1.21872
1.21918
1.21965
1.22013
1.22062
1.22111
1.22161
1.22212
1.22264
1.22315
1.22368
1.2242
1.22473
1.22526
1.22579
1.22632
1.22685
1.22738
1.22791
1.22844
1.22897
1.22949
1.23001
1.23052
1.23103
1.23153
1.23203
1.23252
1.23301
1.23349
1.23396
1.23442
1.23488
1.23533
1.23577
1.2362
1.23662
1.23704
1.23744
1.23784
1.23823
1.2386
1.23897
1.23933
1.23968
1.24001
1.24034
1.24066
1.24097
1.24126
1.24155
1.24183
1.2421
1.24235
1.2426
1.24283
1.24306
1.24327
1.24348
1.24367
1.24386
1.24403
1.2442
1.24435
1.2445
1.24463
1.24475
1.24487
1.24497
1.24507
1.24515
1.24522
1.24529
1.24534
1.24539
1.24542
1.24544
1.24546
1.24546
1.24546
1.24544
1.24542
1.24538
1.24534
1.24528
1.24522
1.24514
1.24506
1.24497
1.24486
1.24475
1.24463
1.24449
1.24435
1.2442
1.24404
1.24386
1.24368
1.24349
1.24329
1.24308
1.24286
1.24263
1.24239
1.24214
1.24189
1.24162
1.24134
1.24106
1.24076
1.24046
1.24015
1.23983
1.2395
1.23917
1.23882
1.23847
1.23811
1.23774
1.23737
1.23699
1.2366
1.2362
1.2358
1.2354
1.23499
1.23457
1.23415
1.23372
1.23329
1.23286
1.23243
1.23199
1.23155
1.23111
1.23067
1.23023
1.22978
1.22934
1.2289
1.22847
1.22803
1.2276
1.22717
1.22674
1.22632
1.22591
1.2255
1.2251
1.2247
1.22432
1.22394
1.22357
1.22321
1.22286
1.22252
1.22219
1.22187
1.22156
1.22127
1.22099
1.22072
1.22046
1.22022
1.21999
1.21978
1.21958
1.2194
1.21922
1.21907
1.21893
1.2188
1.21869
1.21859
1.21851
1.21844
1.21839
1.21835
1.21832
1.21831
1.21831
1.21832
1.21835
1.21838
1.21843
1.21849
1.21857
1.21865
1.21874
1.21884
1.21895
1.21907
1.2192
1.21933
1.21947
1.21962
1.21978
1.21994
1.2201
1.22027
1.22044
1.22062
1.2208
1.22099
1.22117
1.22136
1.22155
1.22174
1.22194
1.22213
1.22232
1.22252
1.22271
1.22291
1.2231
1.22329
1.22348
1.22368
1.22387
1.22405
1.22424
1.22443
1.22461
1.2248
1.22498
1.22516
1.22534
1.22551
1.22569
1.22587
1.22604
1.22621
1.22638
1.22655
1.22672
1.22689
1.22706
1.22722
1.22739
1.22755
1.22772
1.22788
1.22805
1.22821
1.22837
1.22854
1.2287
1.22886
1.22903
1.22919
1.22936
1.22952
1.22969
1.22985
1.23002
1.23019
1.23035
1.23052
1.23069
1.23086
1.23103
1.2312
1.23137
1.23154
1.23171
1.23188
1.23206
1.23223
1.2324
1.23257
1.23275
1.23292
1.23309
1.23327
1.23344
1.23361
1.23378
1.23396
1.23413
1.2343
1.23447
1.23464
1.23481
1.23498
1.23515
1.23532
1.23549
1.23565
1.23582
1.23599
1.23615
1.23632
1.23648
1.23665
1.23681
1.23697
1.23714
1.2373
1.23746
1.23763
1.23779
1.23795
1.23811
1.23828
1.23844
1.23861
1.23877
1.23894
1.2391
1.23927
1.23944
1.23961
1.23979
1.23996
1.24014
1.24031
1.24049
1.24068
1.24086
1.24105
1.24124
1.24143
1.24162
1.24182
1.24202
1.24223
1.24243
1.24264
1.24286
1.24308
1.2433
1.24352
1.24375
1.24398
1.24421
1.24445
1.24469
1.24493
1.24518
1.24543
1.24569
1.24594
1.2462
1.24647
1.24673
1.247
1.24727
1.24755
1.24782
1.2481
1.24838
1.24867
1.24895
1.24923
1.24952
1.24981
1.2501
1.25039
1.25068
1.25097
1.25126
1.25155
1.25185
1.25214
1.25243
1.25272
1.25301
1.25329
1.25358
1.25386
1.25415
1.25443
1.25471
1.25498
1.25526
1.25553
1.2558
1.25606
1.25632
1.25658
1.25684
1.25709
1.25734
1.25758
1.25782
1.25805
1.25829
1.25851
1.25873
1.25895
1.25916
1.25936
1.25957
1.25976
1.25995
1.26013
1.26031
1.26048
1.26065
1.26081
1.26097
1.26111
1.26126
1.26139
1.26152
1.26164
1.26176
1.26186
1.26197
1.26206
1.26215
1.26223
1.2623
1.26237
1.26243
1.26248
1.26252
1.26256
1.26259
1.26261
1.26262
1.26263
1.26262
1.26261
1.26259
1.26257
1.26253
1.26249
1.26244
1.26238
1.26231
1.26224
1.26215
1.26206
1.26196
1.26185
1.26173
1.2616
1.26146
1.26132
1.26116
1.261
1.26083
1.26065
1.26046
1.26026
1.26005
1.25984
1.25961
1.25938
1.25913
1.25888
1.25862
1.25835
1.25807
1.25779
1.25749
1.25718
1.25687
1.25655
1.25622
1.25588
1.25553
1.25518
1.25481
1.25444
1.25406
1.25367
1.25327
1.25287
1.25246
1.25204
1.25161
1.25118
1.25074
1.2503
1.24984
1.24939
1.24892
1.24845
1.24798
1.24749
1.24701
1.24652
1.24602
1.24553
1.24502
1.24452
1.24401
1.2435
1.24298
1.24247
1.24195
1.24143
1.24091
1.24039
1.23987
1.23935
1.23883
1.23831
1.23779
1.23728
1.23676
1.23625
1.23575
1.23524
1.23474
1.23425
1.23376
1.23327
1.23279
1.23232
1.23185
1.23139
1.23094
1.2305
1.23006
1.22963
1.22921
1.2288
1.2284
1.22801
1.22763
1.22726
1.22691
1.22656
1.22622
1.2259
1.22559
1.22529
1.225
1.22473
1.22447
1.22422
1.22398
1.22376
1.22355
1.22336
1.22317
1.22301
1.22285
1.22271
1.22258
1.22247
1.22237
1.22228
1.22221
1.22215
1.22211
1.22207
1.22205
1.22204
1.22205
1.22207
1.2221
1.22214
1.2222
1.22226
1.22234
1.22243
1.22253
1.22264
1.22277
1.2229
1.22304
1.22319
1.22335
1.22352
1.2237
1.22389
1.22409
1.22429
1.2245
1.22472
1.22495
1.22518
1.22541
1.22566
1.22591
1.22616
1.22642
1.22669
1.22696
1.22723
1.2275
1.22778
1.22807
1.22835
1.22864
1.22893
1.22922
1.22951
1.2298
1.2301
1.23039
1.23069
1.23098
1.23128
1.23157
1.23186
1.23216
1.23245
1.23274
1.23302
1.23331
1.23359
1.23388
1.23416
1.23443
1.23471
1.23498
1.23524
1.23551
1.23577
1.23602
1.23628
1.23653
1.23677
1.23701
1.23725
1.23748
1.23771
1.23793
1.23815
1.23836
1.23857
1.23878
1.23898
1.23917
1.23936
1.23955
1.23973
1.2399
1.24008
1.24024
1.2404
1.24056
1.24071
1.24085
1.24099
1.24113
1.24126
1.24138
1.2415
1.24162
1.24173
1.24183
1.24193
1.24203
1.24212
1.2422
1.24228
1.24236
1.24243
1.24249
1.24255
1.24261
1.24266
1.2427
1.24274
1.24278
1.24281
1.24283
1.24285
1.24287
1.24288
1.24288
1.24288
1.24288
1.24287
1.24285
1.24283
1.24281
1.24277
1.24274
1.2427
1.24265
1.2426
1.24254
1.24248
1.24242
1.24235
1.24227
1.24219
1.2421
1.24201
1.24191
1.24181
1.2417
1.24159
1.24147
1.24135
1.24123
1.24109
1.24096
1.24082
1.24067
1.24052
1.24037
1.24021
1.24004
1.23988
1.23971
1.23953
1.23935
1.23917
1.23898
1.23879
1.23859
1.2384
1.2382
1.23799
1.23778
1.23758
1.23736
1.23715
1.23693
1.23671
1.23649
1.23627
1.23605
1.23582
1.23559
1.23537
1.23514
1.23491
1.23468
1.23445
1.23422
1.23399
1.23376
1.23353
1.2333
1.23307
1.23285
1.23262
1.2324
1.23218
1.23196
1.23174
1.23152
1.23131
1.2311
1.23089
1.23068
1.23048
1.23028
1.23008
1.22989
1.2297
1.22952
1.22934
1.22916
1.22898
1.22882
1.22865
1.22849
1.22834
1.22818
1.22804
1.2279
1.22776
1.22763
1.22751
1.22739
1.22727
1.22716
1.22706
1.22696
1.22687
1.22679
1.22671
1.22664
1.22657
1.22651
1.22645
1.22641
1.22637
1.22633
1.2263
1.22628
1.22627
1.22626
1.22626
1.22626
1.22628
1.2263
1.22632
1.22635
1.22639
1.22644
1.2265
1.22656
1.22662
1.2267
1.22678
1.22687
1.22696
1.22706
1.22717
1.22728
1.2274
1.22752
1.22766
1.22779
1.22794
1.22808
1.22824
1.2284
1.22856
1.22873
1.2289
1.22908
1.22926
1.22945
1.22964
1.22983
1.23003
1.23022
1.23043
1.23063
1.23084
1.23105
1.23126
1.23147
1.23168
1.23189
1.23211
1.23232
1.23253
1.23275
1.23296
1.23317
1.23338
1.23359
1.2338
1.234
1.23421
1.23441
1.2346
1.2348
1.23499
1.23517
1.23536
1.23553
1.23571
1.23588
1.23604
1.2362
1.23635
1.2365
1.23664
1.23677
1.2369
1.23702
1.23714
1.23724
1.23734
1.23743
1.23752
1.23759
1.23766
1.23772
1.23777
1.23781
1.23784
1.23786
1.23788
1.23788
1.23787
1.23785
1.23783
1.23779
1.23774
1.23768
1.23761
1.23753
1.23744
1.23734
1.23722
1.23709
1.23695
1.2368
1.23664
1.23647
1.23628
1.23608
1.23587
1.23565
1.23541
1.23517
1.23491
1.23464
1.23435
1.23406
1.23375
1.23343
1.2331
1.23276
1.2324
1.23204
1.23166
1.23128
1.23088
1.23048
1.23006
1.22964
1.22921
1.22877
1.22833
1.22787
1.22741
1.22695
1.22648
1.22601
1.22553
1.22505
1.22458
1.2241
1.22362
1.22314
1.22266
1.22219
1.22172
1.22126
1.22081
1.22036
1.21992
1.21949
1.21908
1.21867
1.21828
1.2179
1.21754
1.21719
1.21686
1.21655
1.21626
1.21598
1.21573
1.2155
1.21529
1.2151
1.21494
1.2148
1.21468
1.21459
1.21452
1.21448
1.21446
1.21447
1.21449
1.21455
1.21462
1.21472
1.21485
1.21499
1.21516
1.21534
1.21555
1.21577
1.21602
1.21628
1.21656
1.21685
1.21716
1.21748
1.21781
1.21815
1.21851
1.21887
1.21924
1.21961
1.21999
1.22037
1.22076
1.22115
1.22154
1.22193
1.22231
1.2227
1.22308
1.22345
1.22382
1.22418
1.22454
1.22489
1.22523
1.22556
1.22588
1.22619
1.22648
1.22677
1.22704
1.2273
1.22755
1.22778
1.228
1.2282
1.22839
1.22856
1.22872
1.22886
1.22899
1.2291
1.22919
1.22927
1.22933
1.22937
1.2294
1.22941
1.22941
1.22939
1.22935
1.22929
1.22922
1.22913
1.22903
1.22891
1.22877
1.22862
1.22845
1.22827
1.22807
1.22786
1.22763
1.22738
1.22712
1.22685
1.22656
1.22626
1.22594
1.22561
1.22527
1.22491
1.22454
1.22416
1.22376
1.22336
1.22294
1.22251
1.22206
1.22161
1.22115
1.22067
1.22019
1.21969
1.21919
1.21868
1.21816
1.21763
1.21709
1.21654
1.21599
1.21543
1.21487
1.2143
1.21372
1.21314
1.21255
1.21196
1.21137
1.21078
1.21018
1.20958
1.20898
1.20838
1.20778
1.20718
1.20658
1.20598
1.20539
1.2048
1.20421
1.20363
1.20306
1.20249
1.20194
1.20138
1.20084
1.20031
1.19979
1.19929
1.19879
1.19831
1.19784
1.19739
1.19696
1.19654
1.19614
1.19576
1.1954
1.19506
1.19474
1.19445
1.19417
1.19392
1.1937
1.1935
1.19332
1.19316
1.19304
1.19293
1.19286
1.19281
1.19278
1.19278
1.19281
1.19286
1.19294
1.19304
1.19317
1.19332
1.19349
1.19368
1.1939
1.19414
1.1944
1.19467
1.19497
1.19528
1.19561
1.19595
1.19631
1.19667
1.19705
1.19745
1.19785
1.19825
1.19867
1.19909
1.19951
1.19994
1.20037
1.2008
1.20123
1.20166
1.20209
1.20252
1.20294
1.20336
1.20377
1.20417
1.20457
1.20496
1.20534
1.20572
1.20608
1.20643
1.20677
1.20711
1.20743
1.20774
1.20803
1.20832
1.20859
1.20885
1.2091
1.20934
1.20956
1.20977
1.20997
1.21016
1.21033
1.2105
1.21065
1.21079
1.21091
1.21103
1.21114
1.21123
1.21132
1.21139
1.21146
1.21151
1.21156
1.2116
1.21163
1.21165
1.21166
1.21167
1.21167
1.21167
1.21165
1.21164
1.21161
1.21159
1.21155
1.21152
1.21148
1.21143
1.21139
1.21134
1.21128
1.21123
1.21118
1.21112
1.21106
1.211
1.21094
1.21088
1.21082
1.21076
1.2107
1.21065
1.21059
1.21053
1.21048
1.21042
1.21037
1.21032
1.21028
1.21023
1.21019
1.21014
1.21011
1.21007
1.21004
1.21
1.20998
1.20995
1.20993
1.20991
1.20989
1.20988
1.20986
1.20986
1.20985
1.20985
1.20985
1.20985
1.20985
1.20986
1.20987
1.20988
1.2099
1.20991
1.20993
1.20995
1.20998
1.21
1.21003
1.21006
1.21009
1.21012
1.21016
1.21019
1.21023
1.21027
1.21031
1.21035
1.21039
1.21043
1.21048
1.21052
1.21056
1.21061
1.21065
1.2107
1.21075
1.21079
1.21084
1.21088
1.21093
1.21097
1.21102
1.21106
1.2111
1.21114
1.21119
1.21123
1.21127
1.2113
1.21134
1.21138
1.21141
1.21144
1.21147
1.2115
1.21153
1.21156
1.21158
1.2116
1.21162
1.21164
1.21165
1.21166
1.21167
1.21168
1.21168
1.21168
1.21168
1.21167
1.21166
1.21165
1.21164
1.21162
1.21159
1.21156
1.21153
1.2115
1.21146
1.21142
1.21137
1.21131
1.21126
1.21119
1.21113
1.21105
1.21098
1.21089
1.21081
1.21071
1.21061
1.21051
1.2104
1.21028
1.21016
1.21003
1.20989
1.20975
1.20961
1.20945
1.20929
1.20912
1.20895
1.20877
1.20858
1.20839
1.20818
1.20798
1.20776
1.20754
1.20731
1.20707
1.20683
1.20658
1.20633
1.20607
1.2058
1.20553
1.20525
1.20496
1.20467
1.20437
1.20407
1.20377
1.20346
1.20314
1.20282
1.2025
1.20218
1.20185
1.20152
1.20119
1.20086
1.20053
1.20019
1.19986
1.19953
1.1992
1.19888
1.19855
1.19823
1.19792
1.19761
1.19731
1.19701
1.19672
1.19644
1.19616
1.1959
1.19564
1.1954
1.19517
1.19495
1.19474
1.19454
1.19436
1.1942
1.19404
1.19391
1.19379
1.19368
1.1936
1.19352
1.19347
1.19343
1.19341
1.19341
1.19343
1.19346
1.19351
1.19358
1.19366
1.19376
1.19388
1.19401
1.19416
1.19433
1.19451
1.1947
1.19491
1.19513
1.19537
1.19561
1.19587
1.19614
1.19642
1.1967
1.197
1.1973
1.19761
1.19792
1.19824
1.19856
1.19888
1.19921
1.19953
1.19986
1.20019
1.20051
1.20084
1.20116
1.20148
1.20179
1.20209
1.2024
1.20269
1.20298
1.20325
1.20352
1.20379
1.20404
1.20428
1.20451
1.20473
1.20493
1.20513
1.20531
1.20548
1.20564
1.20578
1.20591
1.20602
1.20612
1.20621
1.20628
1.20633
1.20637
1.2064
1.20641
1.2064
1.20638
1.20635
1.2063
1.20623
1.20615
1.20605
1.20594
1.20582
1.20568
1.20553
1.20536
1.20518
1.20498
1.20478
1.20456
1.20432
1.20408
1.20383
1.20356
1.20328
1.203
1.2027
1.2024
1.20209
1.20177
1.20144
1.20111
1.20077
1.20043
1.20008
1.19973
1.19938
1.19903
1.19868
1.19832
1.19797
1.19762
1.19727
1.19693
1.19659
1.19625
1.19593
1.19561
1.19529
1.19499
1.19469
1.1944
1.19413
1.19387
1.19362
1.19338
1.19315
1.19294
1.19274
1.19256
1.1924
1.19225
1.19211
1.19199
1.19189
1.19181
1.19174
1.19169
1.19166
1.19164
1.19164
1.19166
1.19169
1.19174
1.1918
1.19188
1.19198
1.19209
1.19221
1.19235
1.1925
1.19267
1.19284
1.19303
1.19323
1.19343
1.19365
1.19388
1.19411
1.19435
1.1946
1.19486
1.19512
1.19538
1.19565
1.19592
1.1962
1.19647
1.19675
1.19703
1.19731
1.19759
1.19786
1.19814
1.19841
1.19869
1.19896
1.19922
1.19949
1.19975
1.2
1.20025
1.2005
1.20074
1.20097
1.2012
1.20143
1.20165
1.20186
1.20206
1.20226
1.20246
1.20265
1.20283
1.203
1.20317
1.20333
1.20349
1.20363
1.20378
1.20391
1.20404
1.20416
1.20428
1.20439
1.2045
1.2046
1.20469
1.20478
1.20486
1.20494
1.20501
1.20507
1.20514
1.20519
1.20524
1.20529
1.20533
1.20537
1.20541
1.20544
1.20546
1.20549
1.20551
1.20552
1.20554
1.20554
1.20555
1.20556
1.20556
1.20556
1.20555
1.20555
1.20554
1.20553
1.20551
1.2055
1.20549
1.20547
1.20545
1.20543
1.20541
1.20539
1.20536
1.20534
1.20532
1.20529
1.20526
1.20524
1.20521
1.20518
1.20516
1.20513
1.2051
1.20507
1.20505
1.20502
1.20499
1.20496
1.20494
1.20491
1.20488
1.20486
1.20483
1.20481
1.20478
1.20476
1.20474
1.20471
1.20469
1.20467
1.20465
1.20463
1.20461
1.20459
1.20458
1.20456
1.20454
1.20453
1.20452
1.2045
1.20449
1.20448
1.20447
1.20446
1.20445
1.20444
1.20444
1.20443
1.20442
1.20442
1.20442
1.20441
1.20441
1.20441
1.20441
1.20441
1.20441
1.20441
1.20441
1.20441
1.20442
1.20442
1.20442
1.20443
1.20443
1.20444
1.20444
1.20445
1.20445
1.20446
1.20447
1.20447
1.20448
1.20449
1.20449
1.2045
1.20451
1.20451
1.20452
1.20453
1.20453
1.20454
1.20454
1.20454
1.20455
1.20455
1.20455
1.20455
1.20456
1.20455
1.20455
1.20455
1.20455
1.20454
1.20454
1.20453
1.20452
1.20451
1.2045
1.20448
1.20446
1.20445
1.20443
1.2044
1.20438
1.20435
1.20432
1.20429
1.20425
1.20421
1.20417
1.20413
1.20408
1.20403
1.20397
1.20391
1.20385
1.20378
1.20371
1.20363
1.20355
1.20347
1.20337
1.20328
1.20318
1.20307
1.20296
1.20284
1.20271
1.20258
1.20244
1.2023
1.20215
1.20199
1.20182
1.20164
1.20146
1.20127
1.20107
1.20086
1.20064
1.20041
1.20017
1.19992
1.19966
1.19939
1.19911
1.19882
1.19852
1.1982
1.19788
1.19754
1.19719
1.19682
1.19644
1.19605
1.19564
1.19523
1.19479
1.19434
1.19388
1.1934
1.19291
1.1924
1.19188
1.19134
1.19079
1.19022
1.18964
1.18904
1.18842
1.18779
1.18715
1.18649
1.18581
1.18513
1.18442
1.18371
1.18298
1.18224
1.18148
1.18072
1.17995
1.17916
1.17837
1.17757
1.17676
1.17595
1.17513
1.17431
1.17349
1.17267
1.17185
1.17103
1.17022
1.16941
1.16861
1.16782
1.16704
1.16627
1.16552
1.16479
1.16407
1.16337
1.1627
1.16205
1.16143
1.16083
1.16026
1.15972
1.15922
1.15875
1.15831
1.15791
1.15754
1.15722
1.15693
1.15668
1.15647
1.1563
1.15617
1.15608
1.15603
1.15602
1.15605
1.15612
1.15623
1.15637
1.15656
1.15677
1.15702
1.15731
1.15762
1.15797
1.15834
1.15874
1.15917
1.15962
1.16009
1.16058
1.16109
1.16162
1.16216
1.16271
1.16328
1.16386
1.16444
1.16503
1.16563
1.16623
1.16683
1.16744
1.16804
1.16864
1.16924
1.16984
1.17043
1.17101
1.17159
1.17217
1.17273
1.17329
1.17384
1.17437
1.1749
1.17542
1.17593
1.17643
1.17691
1.17739
1.17785
1.1783
1.17874
1.17917
1.17958
1.17999
1.18038
1.18076
1.18114
1.18149
1.18184
1.18218
1.18251
1.18282
1.18313
1.18342
1.18371
1.18398
1.18425
1.18451
1.18476
1.185
1.18523
1.18545
1.18566
1.18587
1.18607
1.18626
1.18644
1.18662
1.18679
1.18696
1.18712
1.18727
1.18741
1.18755
1.18769
1.18782
1.18795
1.18807
1.18818
1.18829
1.1884
1.1885
1.1886
1.1887
1.18879
1.18887
1.18896
1.18904
1.18912
1.18919
1.18927
1.18933
1.1894
1.18947
1.18953
1.18959
1.18964
1.1897
1.18975
1.1898
1.18985
1.1899
1.18994
1.18999
1.19003
1.19007
1.19011
1.19015
1.19018
1.19022
1.19025
1.19028
1.19031
1.19034
1.19037
1.19039
1.19042
1.19044
1.19047
1.19049
1.19051
1.19053
1.19055
1.19057
1.19058
1.1906
1.19061
1.19062
1.19063
1.19064
1.19065
1.19066
1.19067
1.19067
1.19068
1.19068
1.19068
1.19068
1.19068
1.19068
1.19068
1.19067
1.19066
1.19066
1.19065
1.19064
1.19062
1.19061
1.19059
1.19058
1.19056
1.19054
1.19052
1.1905
1.19047
1.19045
1.19042
1.19039
1.19036
1.19033
1.1903
1.19026
1.19023
1.19019
1.19015
1.19011
1.19007
1.19003
1.18998
1.18994
1.18989
1.18984
1.18979
1.18974
1.18969
1.18964
1.18958
1.18953
1.18947
1.18942
1.18936
1.1893
1.18925
1.18919
1.18913
1.18907
1.189
1.18894
1.18888
1.18882
1.18876
1.18869
1.18863
1.18857
1.1885
1.18844
1.18838
1.18831
1.18825
1.18819
1.18812
1.18806
1.188
1.18794
1.18788
1.18781
1.18775
1.18769
1.18763
1.18757
1.18751
1.18745
1.1874
1.18734
1.18728
1.18722
1.18717
1.18711
1.18706
1.18701
1.18695
1.1869
1.18685
1.1868
1.18674
1.18669
1.18664
1.18659
1.18655
1.1865
1.18645
1.1864
1.18635
1.18631
1.18626
1.18622
1.18617
1.18612
1.18608
1.18603
1.18599
1.18594
1.1859
1.18585
1.18581
1.18576
1.18572
1.18567
1.18563
1.18558
1.18554
1.18549
1.18544
1.1854
1.18535
1.1853
1.18526
1.18521
1.18516
1.18511
1.18506
1.18502
1.18497
1.18492
1.18487
1.18482
1.18477
1.18472
1.18467
1.18462
1.18457
1.18452
1.18447
1.18442
1.18437
1.18432
1.18427
1.18422
1.18417
1.18413
1.18408
1.18403
1.18399
1.18395
1.18391
1.18386
1.18383
1.18379
1.18375
1.18372
1.18369
1.18366
1.18363
1.18361
1.18359
1.18357
1.18356
1.18354
1.18354
1.18353
1.18353
1.18353
1.18354
1.18355
1.18356
1.18358
1.1836
1.18363
1.18366
1.1837
1.18374
1.18379
1.18384
1.1839
1.18396
1.18403
1.1841
1.18418
1.18427
1.18435
1.18445
1.18455
1.18466
1.18477
1.18489
1.18501
1.18514
1.18527
1.18541
1.18556
1.18571
1.18586
1.18602
1.18619
1.18636
1.18653
1.18671
1.1869
1.18709
1.18728
1.18748
1.18768
1.18789
1.1881
1.18831
1.18853
1.18875
1.18898
1.1892
1.18943
1.18967
1.1899
1.19014
1.19038
1.19062
1.19086
1.19111
1.19136
1.1916
1.19185
1.1921
1.19236
1.19261
1.19286
1.19311
1.19337
1.19362
1.19388
1.19413
1.19438
1.19464
1.19489
1.19514
1.19539
1.19564
1.19589
1.19614
1.19639
1.19663
1.19688
1.19712
1.19736
1.1976
1.19784
1.19808
1.19831
1.19855
1.19878
1.19901
1.19923
1.19946
1.19968
1.1999
1.20012
1.20034
1.20056
1.20077
1.20098
1.20119
1.20139
1.2016
1.2018
1.202
1.2022
1.20239
1.20258
1.20277
1.20296
1.20315
1.20333
1.20351
1.20369
1.20387
1.20404
1.20422
1.20439
1.20456
1.20472
1.20489
1.20505
1.20521
1.20537
1.20552
1.20567
1.20583
1.20598
1.20612
1.20627
1.20641
1.20656
1.2067
1.20683
1.20697
1.20711
1.20724
1.20737
1.2075
1.20763
1.20775
1.20788
1.208
1.20812
1.20824
1.20836
1.20847
1.20859
1.2087
1.20881
1.20892
1.20903
1.20913
1.20924
1.20934
1.20944
1.20954
1.20964
1.20974
1.20983
1.20992
1.21002
1.21011
1.2102
1.21028
1.21037
1.21046
1.21054
1.21062
1.2107
1.21078
1.21086
1.21093
1.21101
1.21108
1.21115
1.21122
1.21129
1.21135
1.21142
1.21148
1.21154
1.2116
1.21166
1.21171
1.21177
1.21182
1.21187
1.21192
1.21197
1.21201
1.21206
1.2121
1.21214
1.21218
1.21221
1.21225
1.21228
1.21231
1.21234
1.21237
1.21239
1.21241
1.21243
1.21245
1.21246
1.21248
1.21249
1.2125
1.2125
1.21251
