0.0426359
0.0424909
0.042484
0.0426122
0.042864
0.0432226
0.043661
0.0441516
0.0446666
0.0451856
0.045701
0.0462174
0.0467622
0.0473719
0.0480945
0.0489852
0.0501
0.0514977
0.0532419
0.0553971
0.0580292
0.0611811
0.0648398
0.0688727
0.0729573
0.0765529
0.0789811
0.0796502
0.0783283
0.0752669
0.07108
0.0664708
0.062007
0.0580399
0.0547223
0.0520701
0.0500282
0.0485118
0.0474326
0.0467101
0.0462766
0.0460794
0.046076
0.046237
0.0465322
0.0469342
0.047411
0.0479258
0.0484429
0.0489308
0.0493683
0.0497562
0.0501172
0.0504865
0.050898
0.051363
0.0518569
0.0523117
0.0526352
0.0527485
0.0526247
0.0523078
0.0518981
0.0515198
0.0512717
0.0512123
0.0513439
0.0516237
0.05198
0.0523371
0.0526382
0.0528561
0.0529905
0.0530426
0.0529946
0.0528066
0.0524337
0.0518557
0.0511128
0.0503012
0.0495501
0.0489941
0.0487506
0.0489018
0.0494893
0.0505011
0.0518541
0.053385
0.054858
0.056008
0.0566262
0.0566366
0.0561193
0.0552628
0.0542838
0.0533732
0.0526629
0.0522288
0.0520972
0.0522526
0.0526502
0.0532104
0.0538298
0.054386
0.0547499
0.054809
0.0544996
0.0538197
0.0528365
0.0516632
0.0504301
0.0492518
0.0482101
0.0473472
0.046673
0.0461689
0.0457995
0.0455192
0.0452787
0.0450363
0.0447579
0.0444303
0.0440577
0.0436638
0.0432875
0.0429798
0.0427872
0.0427552
0.0429137
0.0432708
0.0438037
0.0444646
0.0451766
0.0458524
0.0464241
0.0468578
0.0471753
0.0474386
0.047728
0.0481145
0.0486351
0.0492819
0.0500132
0.0507639
0.0514669
0.0520773
0.0525756
0.0529776
0.0533185
0.0536436
0.053989
0.0543732
0.0547884
0.0551904
0.0555
0.0556057
0.0553968
0.0547966
0.0538018
0.0524949
0.0510197
0.0495434
0.0482066
0.0471078
0.0463023
0.0458093
0.0456238
0.045728
0.0460951
0.0466957
0.0474928
0.0484423
0.0494917
0.0505791
0.0516337
0.0525845
0.053365
0.053919
0.0542104
0.0542299
0.0539901
0.0535286
0.0528999
0.0521666
0.0513947
0.0506539
0.0500053
0.0495066
0.0492097
0.0491595
0.0493944
0.0499401
0.0508117
0.0520037
0.0534828
0.0551823
0.0569898
0.0587491
0.0602727
0.0613778
0.0619332
0.0619022
0.0613489
0.0604095
0.0592369
0.0579593
0.0566577
0.0553694
0.0541031
0.0528629
0.0516678
0.0505487
0.0495632
0.048773
0.0482342
0.0479966
0.0480924
0.0485375
0.0493283
0.0504454
0.0518447
0.0534608
0.0551981
0.0569439
0.058572
0.0599723
0.0610674
0.0618277
0.0622709
0.0624462
0.0624191
0.0622537
0.0620065
0.0617205
0.0614312
0.0611722
0.0609763
0.0608775
0.0609024
0.0610597
0.0613309
0.0616692
0.0620029
0.0622492
0.0623314
0.0622015
0.0618409
0.0612664
0.0605155
0.0596292
0.0586384
0.0575544
0.0563752
0.0550957
0.0537258
0.0523015
0.0508805
0.049537
0.0483447
0.0473608
0.0466276
0.0461632
0.0459647
0.0460121
0.0462734
0.0467067
0.0472633
0.0478928
0.0485455
0.0491791
0.0497635
0.0502825
0.0507385
0.0511509
0.0515536
0.0519843
0.0524746
0.0530455
0.0536896
0.0543694
0.0550176
0.0555478
0.0558774
0.0559473
0.0557461
0.0553082
0.0547089
0.0540437
0.0534077
0.0528811
0.0525187
0.0523465
0.0523577
0.0525139
0.0527495
0.0529777
0.0531053
0.0530529
0.0527733
0.0522625
0.0515544
0.0507094
0.0497946
0.0488713
0.0479868
0.0471745
0.0464544
0.0458412
0.0453435
0.0449692
0.0447287
0.0446307
0.0446817
0.0448872
0.0452408
0.0457252
0.0462979
0.0469034
0.0474696
0.0479307
0.0482414
0.0483981
0.0484404
0.0484424
0.04849
0.0486607
0.0490049
0.0495427
0.0502598
0.0511118
0.0520325
0.0529424
0.0537625
0.0544278
0.0548966
0.0551574
0.0552289
0.0551544
0.0549849
0.0547723
0.0545603
0.0543784
0.0542405
0.0541433
0.0540715
0.0539967
0.0538803
0.0536742
0.0533289
0.0528027
0.0520805
0.0511843
0.0501776
0.0491462
0.0481797
0.0473524
0.0467108
0.0462709
0.0460199
0.0459284
0.0459569
0.0460593
0.0461991
0.0463515
0.046506
0.0466636
0.0468351
0.0470388
0.0472905
0.0476042
0.0479896
0.0484512
0.0489888
0.0495983
0.050275
0.0510099
0.0517895
0.0525976
0.0534109
0.0541965
0.0549168
0.0555282
0.0559873
0.0562503
0.0562896
0.0560909
0.0556611
0.0550362
0.0542648
0.0534133
0.0525474
0.0517262
0.0509956
0.0503769
0.0498753
0.0494774
0.0491563
0.0488804
0.048614
0.0483296
0.0480088
0.0476419
0.047229
0.0467807
0.0463114
0.0458397
0.0453872
0.0449748
0.0446222
0.0443462
0.0441641
0.0440904
0.0441405
0.0443343
0.0446955
0.0452577
0.0460627
0.0471676
0.0486342
0.0505213
0.052856
0.055586
0.0585406
0.0613908
0.0637025
0.0650801
0.0653468
0.0645989
0.0631217
0.0612285
0.0591621
0.0570764
0.0550629
0.0531797
0.0514685
0.0499631
0.0486926
0.0476829
0.0469514
0.0465164
0.0463797
0.0465366
0.0469564
0.0475802
0.0483123
0.0490266
0.0495824
0.0498631
0.0498141
0.0494638
0.0489171
0.0483182
0.0478095
0.047506
0.0474754
0.0477379
0.048271
0.0490185
0.0498975
0.0508162
0.051683
0.0524247
0.0529984
0.0533926
0.053623
0.0537243
0.0537439
0.0537343
0.053745
0.0538226
0.0540022
0.0543047
0.0547334
0.0552761
0.0559013
0.0565626
0.0571975
0.0577396
0.0581226
0.0582925
0.0582226
0.0579239
0.0574464
0.0568763
0.0563225
0.0559033
0.0557337
0.0558994
0.0564429
0.0573223
0.0583787
0.0593401
0.0598826
0.0597671
0.0589629
0.0576654
0.0561852
0.0548156
0.0537464
0.0530589
0.0527549
0.052794
0.0531166
0.0536598
0.0543614
0.0551618
0.0560022
0.0568282
0.057585
0.0582263
0.0587158
0.0590367
0.059197
0.0592327
0.0592011
0.0591729
0.059219
0.0593883
0.0596999
0.0601323
0.0606246
0.0610955
0.0614681
0.0616983
0.0617971
0.0618252
0.0618721
0.0620173
0.0622964
0.0626751
0.0630455
0.0632485
0.0631463
0.0626898
0.0619628
0.061157
0.0604891
0.0601049
0.060013
0.0600675
0.0600092
0.059577
0.0586304
0.0572228
0.0555661
0.0539255
0.0525218
0.0514931
0.0508968
0.0507352
0.0509805
0.051588
0.0525042
0.053672
0.055026
0.0564988
0.0580188
0.0595097
0.0608873
0.0620543
0.0629047
0.0633289
0.0632323
0.0625688
0.0613648
0.0597262
0.0578114
0.0557965
0.0538347
0.0520382
0.0504743
0.0491693
0.0481241
0.0473204
0.0467331
0.0463303
0.0460812
0.0459533
0.0459184
0.0459464
0.0460142
0.0461004
0.0461875
0.0462651
0.0463298
0.0463839
0.0464373
0.0465066
0.0466089
0.0467614
0.0469748
0.0472494
0.0475704
0.0479143
0.0482481
0.0485465
0.0487964
0.049008
0.0492086
0.0494227
0.0496592
0.0498842
0.0500252
0.0499841
0.0496787
0.0490766
0.0482166
0.047199
0.0461462
0.0451736
0.0443626
0.0437589
0.0433776
0.0432116
0.0432405
0.0434348
0.0437583
0.0441689
0.0446197
0.0450604
0.0454433
0.0457334
0.0459141
0.0459972
0.0460168
0.0460283
0.0460897
0.0462595
0.0465778
0.047072
0.0477518
0.0486067
0.0496024
0.0506829
0.0517614
0.0527299
0.0534665
0.0538684
0.0538758
0.053498
0.0528064
0.0519125
0.0509388
0.0499844
0.0491234
0.048396
0.0478221
0.0474064
0.0471496
0.0470488
0.0471043
0.0473167
0.0476876
0.0482262
0.0489375
0.0498328
0.0509258
0.0522359
0.0537776
0.055549
0.0575062
0.0595321
0.0614112
0.0628504
0.0635624
0.0633863
0.062364
0.060712
0.0587122
0.0566063
0.0545527
0.0526346
0.0508862
0.0493203
0.0479412
0.046749
0.0457409
0.0449134
0.0442592
0.0437654
0.043417
0.043194
0.0430756
0.0430397
0.0430661
0.0431352
0.0432312
0.0433402
0.0434557
0.0435765
0.0437011
0.0438362
0.0439869
0.0441583
0.0443549
0.0445782
0.0448242
0.0450862
0.0453487
0.0455924
0.045793
0.0459255
0.0459664
0.0458996
0.0457178
0.0454288
0.045051
0.0446147
0.0441578
0.0437242
0.0433624
0.0431232
0.0430605
0.043231
0.0436945
0.0445032
0.0456909
0.047243
0.0490568
0.0509179
0.0525177
0.053547
0.0538393
0.0534681
0.0526985
0.0518561
0.0511976
0.0508659
0.0508961
0.051257
0.0518843
0.0526975
0.0536188
0.0545695
0.0554768
0.0562796
0.0569251
0.057376
0.0576172
0.0576506
0.0575056
0.0572333
0.0569001
0.0565841
0.0563687
0.0563327
0.0565382
0.0570282
0.0578121
0.0588629
0.0601154
0.0614651
0.0627824
0.0639264
0.0647742
0.0652425
0.0653043
0.0649902
0.0643732
0.0635503
0.0626244
0.0616938
0.0608398
0.0601265
0.0595947
0.0592646
0.0591307
0.059169
0.0593385
0.0595846
0.0598487
0.0600789
0.0602249
0.0602484
0.0601194
0.0598121
0.0593136
0.0586177
0.0577334
0.0566841
0.0555136
0.054273
0.0530257
0.0518338
0.0507574
0.0498442
0.0491308
0.0486383
0.0483693
0.0483117
0.048436
0.0486981
0.0490428
0.0494096
0.049738
0.0499769
0.0500973
0.0500846
0.0499481
0.0497102
0.0493991
0.0490443
0.0486676
0.048287
0.0479109
0.0475442
0.047191
0.0468513
0.0465247
0.0462086
0.0458985
0.045594
0.0452908
0.0449857
0.0446786
0.0443694
0.0440601
0.0437559
0.0434634
0.0431883
0.0429397
0.0427266
0.0425587
0.042447
0.0424029
0.0424383
0.0425652
0.0427946
0.0431355
0.043591
0.0441574
0.0448218
0.0455658
0.0463656
0.0472055
0.0480834
0.0490233
0.0500648
0.0512532
0.0526112
0.0541113
0.0556627
0.0571399
0.0584344
0.0595217
0.060457
0.0613234
0.0621445
0.0628178
0.0631352
0.062879
0.0619426
0.0603891
0.0584268
0.0563172
0.0542923
0.0525068
0.051034
0.0498902
0.049052
0.0484727
0.0480964
0.0478687
0.0477355
0.0476504
0.0475776
0.0474965
0.0473974
0.0472847
0.0471765
0.0470982
0.047082
0.0471636
0.0473755
0.0477395
0.0482578
0.0488975
0.0495868
0.0502019
0.0505931
0.0506236
0.0502156
0.0493944
0.0482745
0.0470223
0.0458023
0.044742
0.0439165
0.0433559
0.0430462
0.0429462
0.0429915
0.043108
0.0432184
0.0432578
0.043194
0.0430265
0.0427904
0.0425401
0.0423407
0.0422516
0.0423153
0.0425562
0.0429852
0.0435949
0.0443695
0.0452803
0.0462911
0.047358
0.0484275
0.0494409
0.0503415
0.0510721
0.0515919
0.0518782
0.0519319
0.0517758
0.0514562
0.0510252
0.0505347
0.0500301
0.0495405
0.0490759
0.0486293
0.0481861
0.047722
0.0472186
0.0466639
0.0460604
0.0454218
0.0447731
0.0441446
0.0435655
0.0430652
0.0426653
0.0423821
0.0422267
0.0422026
0.042309
0.0425356
0.0428681
0.0432824
0.0437488
0.0442353
0.0447108
0.045151
0.0455389
0.0458669
0.0461363
0.0463537
0.0465255
0.0466597
0.0467633
0.0468429
0.0469001
0.0469362
0.0469447
0.046915
0.0468327
0.046682
0.0464506
0.0461343
0.0457402
0.0452838
0.0447906
0.0442882
0.0438099
0.0433821
0.0430284
0.0427641
0.0426
0.0425413
0.0425868
0.0427311
0.0429663
0.0432854
0.0436794
0.0441416
0.0446652
0.0452467
0.045884
0.0465785
0.0473286
0.0481364
0.0490048
0.0499357
0.050929
0.0519849
0.0531009
0.0542675
0.0554749
0.0567035
0.0579353
0.0591459
0.0603122
0.0614117
0.0624253
0.0633368
0.0641363
0.0648187
