1.2
1.2
1.2
1.2
1.2
1.2
1.2
1.2
1.2
1.2
1.2
1.2
1.2
1.2
1.2
1.2
1.2
1.20001
1.20001
1.20001
1.20001
1.20001
1.20001
1.20001
1.20001
1.20001
1.20001
1.20001
1.20001
1.20002
1.20002
1.20002
1.20002
1.20002
1.20002
1.20002
1.20002
1.20003
1.20003
1.20003
1.20003
1.20003
1.20003
1.20004
1.20004
1.20004
1.20004
1.20004
1.20004
1.20005
1.20005
1.20005
1.20005
1.20005
1.20006
1.20006
1.20006
1.20006
1.20006
1.20007
1.20007
1.20007
1.20007
1.20008
1.20008
1.20008
1.20008
1.20009
1.20009
1.20009
1.20009
1.2001
1.2001
1.2001
1.2001
1.20011
1.20011
1.20011
1.20012
1.20012
1.20012
1.20012
1.20013
1.20013
1.20013
1.20014
1.20014
1.20014
1.20015
1.20015
1.20015
1.20016
1.20016
1.20016
1.20017
1.20017
1.20018
1.20018
1.20018
1.20019
1.20019
1.20019
1.2002
1.2002
1.20021
1.20021
1.20021
1.20022
1.20022
1.20023
1.20023
1.20023
1.20024
1.20024
1.20025
1.20025
1.20026
1.20026
1.20027
1.20027
1.20027
1.20028
1.20028
1.20029
1.20029
1.2003
1.2003
1.20031
1.20031
1.20032
1.20032
1.20033
1.20033
1.20034
1.20034
1.20035
1.20035
1.20036
1.20036
1.20037
1.20038
1.20038
1.20039
1.20039
1.2004
1.2004
1.20041
1.20041
1.20042
1.20043
1.20043
1.20044
1.20044
1.20045
1.20046
1.20046
1.20047
1.20047
1.20048
1.20049
1.20049
1.2005
1.2005
1.20051
1.20052
1.20052
1.20053
1.20054
1.20054
1.20055
1.20056
1.20056
1.20057
1.20058
1.20058
1.20059
1.2006
1.20061
1.20061
1.20062
1.20063
1.20063
1.20064
1.20065
1.20066
1.20066
1.20067
1.20068
1.20068
1.20069
1.2007
1.20071
1.20072
1.20072
1.20073
1.20074
1.20075
1.20075
1.20076
1.20077
1.20078
1.20079
1.20079
1.2008
1.20081
1.20082
1.20083
1.20084
1.20084
1.20085
1.20086
1.20087
1.20088
1.20089
1.2009
1.2009
1.20091
1.20092
1.20093
1.20094
1.20095
1.20096
1.20097
1.20098
1.20098
1.20099
1.201
1.20101
1.20102
1.20103
1.20104
1.20105
1.20106
1.20107
1.20108
1.20109
1.2011
1.20111
1.20112
1.20113
1.20114
1.20115
1.20116
1.20117
1.20118
1.20119
1.2012
1.20121
1.20122
1.20123
1.20124
1.20125
1.20126
1.20127
1.20128
1.20129
1.2013
1.20131
1.20132
1.20133
1.20135
1.20136
1.20137
1.20138
1.20139
1.2014
1.20141
1.20142
1.20143
1.20145
1.20146
1.20147
1.20148
1.20149
1.2015
1.20151
1.20153
1.20154
1.20155
1.20156
1.20157
1.20159
1.2016
1.20161
1.20162
1.20163
1.20165
1.20166
1.20167
1.20168
1.2017
1.20171
1.20172
1.20173
1.20175
1.20176
1.20177
1.20178
1.2018
1.20181
1.20182
1.20184
1.20185
1.20186
1.20187
1.20189
1.2019
1.20191
1.20193
1.20194
1.20195
1.20197
1.20198
1.202
1.20201
1.20202
1.20204
1.20205
1.20206
1.20208
1.20209
1.20211
1.20212
1.20213
1.20215
1.20216
1.20218
1.20219
1.20221
1.20222
1.20224
1.20225
1.20226
1.20228
1.20229
1.20231
1.20232
1.20234
1.20235
1.20237
1.20238
1.2024
1.20241
1.20243
1.20245
1.20246
1.20248
1.20249
1.20251
1.20252
1.20254
1.20256
1.20257
1.20259
1.2026
1.20262
1.20264
1.20265
1.20267
1.20268
1.2027
1.20272
1.20273
1.20275
1.20277
1.20278
1.2028
1.20282
1.20283
1.20285
1.20287
1.20288
1.2029
1.20292
1.20294
1.20295
1.20297
1.20299
1.20301
1.20302
1.20304
1.20306
1.20308
1.20309
1.20311
1.20313
1.20315
1.20317
1.20318
1.2032
1.20322
1.20324
1.20326
1.20328
1.20329
1.20331
1.20333
1.20335
1.20337
1.20339
1.20341
1.20343
1.20344
1.20346
1.20348
1.2035
1.20352
1.20354
1.20356
1.20358
1.2036
1.20362
1.20364
1.20366
1.20368
1.2037
1.20372
1.20374
1.20376
1.20378
1.2038
1.20382
1.20384
1.20386
1.20388
1.2039
1.20392
1.20394
1.20396
1.20398
1.20401
1.20403
1.20405
1.20407
1.20409
1.20411
1.20413
1.20416
1.20418
1.2042
1.20422
1.20424
1.20426
1.20429
1.20431
1.20433
1.20435
1.20437
1.2044
1.20442
1.20444
1.20446
1.20449
1.20451
1.20453
1.20456
1.20458
1.2046
1.20462
1.20465
1.20467
1.20469
1.20472
1.20474
1.20477
1.20479
1.20481
1.20484
1.20486
1.20488
1.20491
1.20493
1.20496
1.20498
1.20501
1.20503
1.20505
1.20508
1.2051
1.20513
1.20515
1.20518
1.2052
1.20523
1.20525
1.20528
1.20531
1.20533
1.20536
1.20538
1.20541
1.20543
1.20546
1.20549
1.20551
1.20554
1.20556
1.20559
1.20562
1.20564
1.20567
1.2057
1.20572
1.20575
1.20578
1.2058
1.20583
1.20586
1.20589
1.20591
1.20594
1.20597
1.206
1.20602
1.20605
1.20608
1.20611
1.20614
1.20616
1.20619
1.20622
1.20625
1.20628
1.20631
1.20634
1.20637
1.20639
1.20642
1.20645
1.20648
1.20651
1.20654
1.20657
1.2066
1.20663
1.20666
1.20669
1.20672
1.20675
1.20678
1.20681
1.20684
1.20687
1.2069
1.20693
1.20697
1.207
1.20703
1.20706
1.20709
1.20712
1.20715
1.20718
1.20722
1.20725
1.20728
1.20731
1.20734
1.20738
1.20741
1.20744
1.20747
1.20751
1.20754
1.20757
1.20761
1.20764
1.20767
1.20771
1.20774
1.20777
1.20781
1.20784
1.20787
1.20791
1.20794
1.20798
1.20801
1.20805
1.20808
1.20811
1.20815
1.20818
1.20822
1.20825
1.20829
1.20833
1.20836
1.2084
1.20843
1.20847
1.2085
1.20854
1.20858
1.20861
1.20865
1.20869
1.20872
1.20876
1.2088
1.20883
1.20887
1.20891
1.20895
1.20898
1.20902
1.20906
1.2091
1.20913
1.20917
1.20921
1.20925
1.20929
1.20933
1.20937
1.2094
1.20944
1.20948
1.20952
1.20956
1.2096
1.20964
1.20968
1.20972
1.20976
1.2098
1.20984
1.20988
1.20992
1.20996
1.21001
1.21005
1.21009
1.21013
1.21017
1.21021
1.21025
1.2103
1.21034
1.21038
1.21042
1.21046
1.21051
1.21055
1.21059
1.21064
1.21068
1.21072
1.21077
1.21081
1.21085
1.2109
1.21094
1.21098
1.21103
1.21107
1.21112
1.21116
1.21121
1.21125
1.2113
1.21134
1.21139
1.21143
1.21148
1.21153
1.21157
1.21162
1.21167
1.21171
1.21176
1.21181
1.21185
1.2119
1.21195
1.21199
1.21204
1.21209
1.21214
1.21219
1.21223
1.21228
1.21233
1.21238
1.21243
1.21248
1.21253
1.21258
1.21263
1.21268
1.21273
1.21278
1.21283
1.21288
1.21293
1.21298
1.21303
1.21308
1.21313
1.21318
1.21324
1.21329
1.21334
1.21339
1.21344
1.2135
1.21355
1.2136
1.21365
1.21371
1.21376
1.21381
1.21387
1.21392
1.21398
1.21403
1.21408
1.21414
1.21419
1.21425
1.2143
1.21436
1.21441
1.21447
1.21453
1.21458
1.21464
1.2147
1.21475
1.21481
1.21487
1.21492
1.21498
1.21504
1.2151
1.21515
1.21521
1.21527
1.21533
1.21539
1.21545
1.2155
1.21556
1.21562
1.21568
1.21574
1.2158
1.21586
1.21592
1.21598
1.21605
1.21611
1.21617
1.21623
1.21629
1.21635
1.21642
1.21648
1.21654
1.2166
1.21667
1.21673
1.21679
1.21686
1.21692
1.21698
1.21705
1.21711
1.21718
1.21724
1.21731
1.21737
1.21744
1.2175
1.21757
1.21763
1.2177
1.21777
1.21783
1.2179
1.21797
1.21804
1.2181
1.21817
1.21824
1.21831
1.21838
1.21844
1.21851
1.21858
1.21865
1.21872
1.21879
1.21886
1.21893
1.219
1.21907
1.21915
1.21922
1.21929
1.21936
1.21943
1.2195
1.21958
1.21965
1.21972
1.2198
1.21987
1.21994
1.22002
1.22009
1.22016
1.22024
1.22031
1.22039
1.22046
1.22054
1.22062
1.22069
1.22077
1.22085
1.22092
1.221
1.22108
1.22115
1.22123
1.22131
1.22139
1.22147
1.22155
1.22163
1.22171
1.22178
1.22186
1.22195
1.22203
1.22211
1.22219
1.22227
1.22235
1.22243
1.22251
1.2226
1.22268
1.22276
1.22284
1.22293
1.22301
1.2231
1.22318
1.22326
1.22335
1.22343
1.22352
1.22361
1.22369
1.22378
1.22386
1.22395
1.22404
1.22413
1.22421
1.2243
1.22439
1.22448
1.22457
1.22466
1.22475
1.22483
1.22492
1.22501
1.22511
1.2252
1.22529
1.22538
1.22547
1.22556
1.22565
1.22575
1.22584
1.22593
1.22603
1.22612
1.22622
1.22631
1.2264
1.2265
1.2266
1.22669
1.22679
1.22688
1.22698
1.22708
1.22717
1.22727
1.22737
1.22747
1.22757
1.22767
1.22776
1.22786
1.22796
1.22806
1.22816
1.22827
1.22837
1.22847
1.22857
1.22867
1.22877
1.22888
1.22898
1.22908
1.22919
1.22929
1.2294
1.2295
1.22961
1.22971
1.22982
1.22992
1.23003
1.23014
1.23025
1.23035
1.23046
1.23057
1.23068
1.23079
1.2309
1.23101
1.23112
1.23123
1.23134
1.23145
1.23156
1.23167
1.23179
1.2319
1.23201
1.23213
1.23224
1.23235
1.23247
1.23258
1.2327
1.23281
1.23293
1.23305
1.23316
1.23328
1.2334
1.23352
1.23363
1.23375
1.23387
1.23399
1.23411
1.23423
1.23435
1.23447
1.2346
1.23472
1.23484
1.23496
1.23509
1.23521
1.23533
1.23546
1.23558
1.23571
1.23583
1.23596
1.23609
1.23621
1.23634
1.23647
1.2366
1.23672
1.23685
1.23698
1.23711
1.23724
1.23737
1.2375
1.23764
1.23777
1.2379
1.23803
1.23817
1.2383
1.23843
1.23857
1.2387
1.23884
1.23898
1.23911
1.23925
1.23939
1.23952
1.23966
1.2398
1.23994
1.24008
1.24022
1.24036
1.2405
1.24064
1.24078
1.24093
1.24107
1.24121
1.24136
1.2415
1.24164
1.24179
1.24194
1.24208
1.24223
1.24238
1.24252
1.24267
1.24282
1.24297
1.24312
1.24327
1.24342
1.24357
1.24372
1.24387
1.24403
1.24418
1.24433
1.24449
1.24464
1.24479
1.24495
1.24511
1.24526
1.24542
1.24558
1.24573
1.24589
1.24605
1.24621
1.24637
1.24653
1.24669
1.24686
1.24702
1.24718
1.24734
1.24751
1.24767
1.24784
1.248
1.24817
1.24833
1.2485
1.24867
1.24883
1.249
1.24917
1.24934
1.24951
1.24968
1.24985
1.25002
1.2502
1.25037
1.25054
1.25072
1.25089
1.25107
1.25124
1.25142
1.25159
1.25177
1.25195
1.25213
1.2523
1.25248
1.25266
1.25284
1.25302
1.25321
1.25339
1.25357
1.25375
1.25394
1.25412
1.25431
1.25449
1.25468
1.25486
1.25505
1.25524
1.25542
1.25561
1.2558
1.25599
1.25618
1.25637
1.25656
1.25675
1.25695
1.25714
1.25733
1.25752
1.25772
1.25791
1.25811
1.2583
1.2585
1.2587
1.25889
1.25909
1.25929
1.25949
1.25969
1.25989
1.26009
1.26029
1.26049
1.26069
1.26089
1.2611
1.2613
1.2615
1.26171
1.26191
1.26212
1.26232
1.26253
1.26274
1.26294
1.26315
1.26336
1.26356
1.26377
1.26398
1.26419
1.2644
1.26461
1.26482
1.26503
1.26524
1.26545
1.26566
1.26588
1.26609
1.2663
1.26651
1.26673
1.26694
1.26715
1.26737
1.26758
1.2678
1.26801
1.26823
1.26844
1.26866
1.26887
1.26909
1.2693
1.26952
1.26974
1.26995
1.27017
1.27038
1.2706
1.27082
1.27103
1.27125
1.27147
1.27168
1.2719
1.27211
1.27233
1.27255
1.27276
1.27298
1.27319
1.27341
1.27362
1.27384
1.27405
1.27427
1.27448
1.27469
1.27491
1.27512
1.27533
1.27554
1.27575
1.27596
1.27617
1.27638
1.27659
1.2768
1.27701
1.27721
1.27742
1.27762
1.27783
1.27803
1.27823
1.27843
1.27863
1.27883
1.27903
1.27923
1.27942
1.27962
1.27981
1.28001
1.2802
1.28039
1.28057
1.28076
1.28095
1.28113
1.28131
1.28149
1.28167
1.28185
1.28202
1.28219
1.28237
1.28253
1.2827
1.28287
1.28303
1.28319
1.28335
1.28351
1.28366
1.28381
1.28396
1.28411
1.28425
1.28439
1.28453
1.28467
1.2848
1.28493
1.28506
1.28519
1.28531
1.28543
1.28555
1.28566
1.28577
1.28588
1.28598
1.28609
1.28618
1.28628
1.28637
1.28646
1.28654
1.28663
1.2867
1.28678
1.28685
1.28692
1.28699
1.28705
1.28711
1.28716
1.28721
1.28726
1.28731
1.28735
1.28739
1.28743
1.28746
1.28749
1.28751
1.28754
1.28756
1.28758
1.28759
1.2876
1.28761
1.28762
1.28762
1.28763
1.28763
1.28762
1.28762
1.28761
1.2876
1.28759
1.28758
1.28757
1.28755
1.28754
1.28752
1.2875
1.28748
1.28746
1.28744
1.28742
1.2874
1.28738
1.28736
1.28734
1.28732
1.2873
1.28728
1.28727
1.28725
1.28723
1.28722
1.2872
1.28719
1.28718
1.28717
1.28716
1.28716
1.28715
1.28715
1.28715
1.28716
1.28716
1.28717
1.28718
1.28719
1.2872
1.28722
1.28724
1.28726
1.28728
1.28731
1.28733
1.28736
1.2874
1.28743
1.28747
1.2875
1.28754
1.28758
1.28763
1.28767
1.28771
1.28776
1.28781
1.28785
1.2879
1.28795
1.288
1.28805
1.2881
1.28815
1.28819
1.28824
1.28829
1.28834
1.28838
1.28842
1.28847
1.28851
1.28855
1.28858
1.28862
1.28865
1.28869
1.28872
1.28874
1.28877
1.28879
1.28881
1.28883
1.28884
1.28886
1.28887
1.28887
1.28888
1.28888
1.28888
1.28888
1.28888
1.28888
1.28887
1.28886
1.28885
1.28884
1.28883
1.28882
1.28881
1.2888
1.28878
1.28877
1.28876
1.28875
1.28875
1.28874
1.28874
1.28874
1.28874
1.28874
1.28875
1.28877
1.28879
1.28881
1.28884
1.28887
1.28891
1.28896
1.28902
1.28908
1.28915
1.28923
1.28932
1.28941
1.28952
1.28964
1.28976
1.2899
1.29005
1.2902
1.29037
1.29055
1.29075
1.29095
1.29117
1.2914
1.29164
1.29189
1.29216
1.29244
1.29273
1.29304
1.29335
1.29368
1.29403
1.29438
1.29475
1.29513
1.29552
1.29592
1.29633
1.29676
1.29719
1.29764
1.29809
1.29856
1.29904
1.29952
1.30002
1.30052
1.30103
1.30155
1.30207
1.30261
1.30315
1.30369
1.30424
1.3048
1.30536
1.30592
1.30649
1.30706
1.30764
1.30821
1.30879
1.30937
1.30995
1.31054
1.31112
1.3117
1.31229
1.31287
1.31345
1.31403
1.31461
1.31518
1.31576
1.31633
1.3169
1.31746
1.31803
1.31859
1.31914
1.31969
1.32024
1.32078
1.32132
1.32185
1.32238
1.32291
1.32343
1.32394
1.32445
1.32495
1.32545
1.32594
1.32643
1.32691
1.32739
1.32786
1.32833
1.32879
1.32924
1.32969
1.33014
1.33058
1.33101
1.33144
1.33186
1.33228
1.3327
1.3331
1.33351
1.33391
1.3343
1.33469
1.33508
1.33546
1.33583
1.33621
1.33657
1.33694
1.3373
1.33766
1.33801
1.33836
1.3387
1.33905
1.33939
1.33972
1.34006
1.34039
1.34071
1.34104
1.34136
1.34168
1.342
1.34231
1.34263
1.34294
1.34325
1.34355
1.34386
1.34416
1.34446
1.34476
1.34506
1.34536
1.34566
1.34595
1.34625
1.34654
1.34683
1.34712
1.34741
1.3477
1.34799
1.34827
1.34856
1.34885
1.34913
1.34942
1.3497
1.34998
1.35026
1.35055
1.35083
1.35111
1.35139
1.35167
1.35195
1.35223
1.3525
1.35278
1.35306
1.35333
1.35361
1.35388
1.35416
1.35443
1.3547
1.35498
1.35525
1.35552
1.35579
1.35605
1.35632
1.35659
1.35685
1.35712
1.35738
1.35764
1.3579
1.35816
1.35841
1.35867
1.35892
1.35918
1.35943
1.35967
1.35992
1.36017
1.36041
1.36065
1.36089
1.36112
1.36136
1.36159
1.36182
1.36204
1.36227
1.36249
1.3627
1.36292
1.36313
1.36334
1.36354
1.36374
1.36394
1.36414
1.36433
1.36452
1.3647
1.36488
1.36506
1.36523
1.3654
1.36556
1.36572
1.36588
1.36603
1.36617
1.36631
1.36645
1.36658
1.36671
1.36683
1.36695
1.36706
1.36717
1.36727
1.36736
1.36746
1.36754
1.36762
1.36769
1.36776
1.36782
1.36788
1.36793
1.36797
1.36801
1.36804
1.36806
1.36808
1.36809
1.3681
1.3681
1.36809
1.36808
1.36805
1.36802
1.36799
1.36795
1.3679
1.36784
1.36778
1.3677
1.36763
1.36754
1.36745
1.36735
1.36724
1.36712
1.367
1.36687
1.36673
1.36658
1.36643
1.36627
1.3661
1.36592
1.36574
1.36554
1.36534
1.36514
1.36492
1.3647
1.36447
1.36423
1.36398
1.36373
1.36347
1.3632
1.36292
1.36264
1.36235
1.36205
1.36175
1.36143
1.36111
1.36079
1.36045
1.36011
1.35977
1.35941
1.35905
1.35868
1.35831
1.35793
1.35754
1.35715
1.35676
1.35635
1.35594
1.35553
1.35511
1.35469
1.35426
1.35382
1.35338
1.35294
1.35249
1.35204
1.35159
1.35113
1.35067
1.3502
1.34973
1.34926
1.34879
1.34832
1.34784
1.34736
1.34688
1.3464
1.34591
1.34543
1.34494
1.34446
1.34397
1.34349
1.343
1.34252
1.34204
1.34156
1.34108
1.3406
1.34012
1.33965
1.33918
1.33871
1.33825
1.33778
1.33733
1.33687
1.33642
1.33598
1.33554
1.33511
1.33468
1.33425
1.33384
1.33343
1.33302
1.33262
1.33223
1.33185
1.33148
1.33111
1.33075
1.3304
1.33006
1.32973
1.3294
1.32909
1.32879
1.32849
1.32821
1.32794
1.32768
1.32743
1.32719
1.32696
1.32674
1.32654
1.32635
1.32617
1.326
1.32585
1.32571
1.32558
1.32547
1.32537
1.32529
1.32521
1.32516
1.32511
1.32508
1.32507
1.32507
1.32509
1.32512
1.32516
1.32522
1.3253
1.32539
1.3255
1.32562
1.32576
1.32591
1.32608
1.32626
1.32646
1.32667
1.3269
1.32715
1.32741
1.32768
1.32797
1.32828
1.3286
1.32894
1.32929
1.32965
1.33003
1.33043
1.33083
1.33125
1.33169
1.33214
1.3326
1.33307
1.33356
1.33406
1.33458
1.3351
1.33564
1.33618
1.33674
1.33731
1.33789
1.33848
1.33908
1.33969
1.34031
1.34094
1.34157
1.34222
1.34287
1.34352
1.34419
1.34486
1.34554
1.34622
1.34691
1.3476
1.34829
1.34899
1.3497
1.3504
1.35111
1.35182
1.35253
1.35324
1.35395
1.35466
1.35537
1.35608
1.35679
1.35749
1.35819
1.35889
1.35958
1.36027
1.36095
1.36163
1.3623
1.36297
1.36362
1.36427
1.36491
1.36554
1.36616
1.36677
1.36737
1.36796
1.36854
1.3691
1.36965
1.37018
1.3707
1.37121
1.3717
1.37217
1.37263
1.37307
1.37349
1.37389
1.37427
1.37464
1.37498
1.3753
1.3756
1.37588
1.37614
1.37638
1.37659
1.37677
1.37694
1.37708
1.37719
1.37728
1.37735
1.37739
1.3774
1.37739
1.37735
1.37729
1.3772
1.37709
1.37694
1.37678
1.37659
1.37637
1.37613
1.37586
1.37558
1.37527
1.37493
1.37458
1.37421
1.37381
1.3734
1.37297
1.37253
1.37207
1.37161
1.37113
1.37064
1.37014
1.36964
1.36914
1.36864
1.36813
1.36763
1.36714
1.36665
1.36618
1.36572
1.36527
1.36484
1.36443
1.36405
1.36369
1.36335
1.36305
1.36277
1.36253
1.36232
1.36215
1.36202
1.36193
1.36187
1.36186
1.36189
1.36196
1.36208
1.36223
1.36243
1.36268
1.36296
1.36329
1.36365
1.36406
1.36451
1.36499
1.3655
1.36605
1.36663
1.36725
1.36788
1.36855
1.36924
1.36995
1.37068
1.37142
1.37218
1.37296
1.37374
1.37453
1.37533
1.37613
1.37694
1.37774
1.37854
1.37934
1.38013
1.38092
1.3817
1.38246
1.38322
1.38397
1.3847
1.38541
1.38611
1.3868
1.38747
1.38812
1.38875
1.38936
1.38996
1.39053
1.39109
1.39163
1.39214
1.39264
1.39311
1.39357
1.39401
1.39442
1.39482
1.39519
1.39555
1.39589
1.3962
1.3965
1.39678
1.39704
1.39729
1.39751
1.39772
1.39791
1.39809
1.39825
1.39839
1.39852
1.39863
1.39872
1.3988
1.39887
1.39892
1.39896
1.39899
1.399
1.399
1.39898
1.39896
1.39892
1.39887
1.3988
1.39873
1.39864
1.39855
1.39844
1.39832
1.39819
1.39805
1.3979
1.39774
1.39757
1.3974
1.39721
1.39701
1.3968
1.39659
1.39636
1.39613
1.39588
1.39563
1.39537
1.3951
1.39482
1.39453
1.39424
1.39394
1.39362
1.3933
1.39298
1.39264
1.3923
1.39195
1.39159
1.39122
1.39085
1.39046
1.39007
1.38968
1.38927
1.38886
1.38844
1.38802
1.38759
1.38715
1.3867
1.38625
1.38579
1.38533
1.38486
1.38439
1.38391
1.38342
1.38293
1.38243
1.38193
1.38143
1.38092
1.38041
1.3799
1.37938
1.37886
1.37834
1.37781
1.37729
1.37676
1.37624
1.37571
1.37519
1.37466
1.37414
1.37362
1.3731
1.37259
1.37208
1.37157
1.37107
1.37058
1.37009
1.36961
1.36914
1.36867
1.36821
1.36777
1.36733
1.36691
1.36649
1.36609
1.3657
1.36533
1.36496
1.36462
1.36429
1.36397
1.36367
1.36339
1.36313
1.36288
1.36265
1.36244
1.36225
1.36208
1.36192
1.36179
1.36168
1.36158
1.36151
1.36146
1.36143
1.36141
1.36142
1.36145
1.36149
1.36156
1.36165
1.36175
1.36187
1.36202
1.36217
1.36235
1.36254
1.36275
1.36298
1.36322
1.36347
1.36374
1.36402
1.36431
1.36461
1.36493
1.36525
1.36559
1.36593
1.36628
1.36664
1.36701
1.36738
1.36775
1.36813
1.36852
1.36891
1.3693
1.36969
1.37008
1.37047
1.37086
1.37125
1.37164
1.37203
1.37241
1.3728
1.37317
1.37355
1.37392
1.37429
1.37465
1.375
1.37535
1.37569
1.37603
1.37636
1.37669
1.377
1.37731
1.37761
1.37791
1.37819
1.37847
1.37874
1.37901
1.37926
1.37951
1.37975
1.37998
1.3802
1.38042
1.38062
1.38082
1.38101
1.3812
1.38137
1.38154
1.3817
1.38185
1.382
1.38213
1.38226
1.38239
1.3825
1.38261
1.38272
1.38281
1.3829
1.38298
1.38306
1.38313
1.3832
1.38326
1.38331
1.38336
1.38341
1.38345
1.38348
1.38351
1.38353
1.38355
1.38357
1.38358
1.38359
1.3836
1.3836
1.3836
1.38359
1.38358
1.38357
1.38355
1.38354
1.38352
1.3835
1.38347
1.38344
1.38341
1.38338
1.38335
1.38332
1.38328
1.38324
1.3832
1.38316
1.38312
1.38308
1.38304
1.38299
1.38295
1.3829
1.38286
1.38281
1.38276
1.38271
1.38266
1.38261
1.38256
1.38251
1.38246
1.38241
1.38236
1.38231
1.38226
1.38221
1.38216
1.38211
1.38206
1.382
1.38195
1.3819
1.38185
1.3818
1.38175
1.3817
1.38164
1.38159
1.38154
1.38149
1.38143
1.38138
1.38133
1.38127
1.38122
1.38117
1.38111
1.38106
1.381
1.38095
1.38089
1.38084
1.38078
1.38072
1.38066
1.3806
1.38054
1.38048
1.38042
1.38036
1.38029
1.38023
1.38017
1.3801
1.38003
1.37996
1.37989
1.37982
1.37975
1.37968
1.3796
1.37953
1.37945
1.37937
1.37929
1.37921
1.37913
1.37904
1.37896
1.37887
1.37878
1.37869
1.3786
1.37851
1.37841
1.37831
1.37822
1.37812
1.37802
1.37791
1.37781
1.3777
1.3776
1.37749
1.37738
1.37727
1.37715
1.37704
1.37692
1.37681
1.37669
1.37657
1.37645
1.37633
1.3762
1.37608
1.37595
1.37582
1.3757
1.37557
1.37544
1.3753
1.37517
1.37504
1.3749
1.37477
1.37463
1.3745
1.37436
1.37422
1.37408
1.37394
1.3738
1.37366
1.37352
1.37338
1.37323
1.37309
1.37294
1.3728
1.37265
1.37251
1.37236
1.37221
1.37207
1.37192
1.37177
1.37162
1.37147
1.37132
1.37117
1.37101
1.37086
1.3707
1.37055
1.37039
1.37024
1.37008
1.36992
1.36976
1.3696
1.36943
1.36927
1.3691
1.36894
1.36877
1.3686
1.36842
1.36825
1.36807
1.36789
1.36771
1.36753
1.36735
1.36716
1.36697
1.36678
1.36658
1.36638
1.36618
1.36598
1.36577
1.36557
1.36535
1.36514
1.36492
1.3647
1.36448
1.36426
1.36403
1.3638
1.36356
1.36333
1.36309
1.36285
1.36261
1.36236
1.36211
1.36187
1.36162
1.36137
1.36112
1.36086
1.36061
1.36036
1.36011
1.35986
1.35961
1.35936
1.35911
1.35887
1.35863
1.35839
1.35816
1.35793
1.35771
1.35749
1.35728
1.35707
1.35687
1.35668
1.3565
1.35633
1.35616
1.35601
1.35587
1.35573
1.35561
1.3555
1.35541
1.35533
1.35526
1.3552
1.35516
1.35514
1.35513
1.35513
1.35515
1.35519
1.35524
1.35531
1.3554
1.35551
1.35563
1.35576
1.35592
1.35609
1.35628
1.35648
1.3567
1.35694
1.35719
1.35746
1.35774
1.35804
1.35835
1.35867
1.35901
1.35936
1.35973
1.36011
1.36049
1.36089
1.3613
1.36172
1.36215
1.36258
1.36303
1.36348
1.36394
1.3644
1.36487
1.36534
1.36582
1.3663
1.36679
1.36728
1.36777
1.36826
1.36875
1.36924
1.36973
1.37022
1.37071
1.3712
1.37169
1.37218
1.37266
1.37314
1.37362
1.37409
1.37456
1.37502
1.37549
1.37594
1.37639
1.37684
1.37728
1.37772
1.37815
1.37857
1.37899
1.37941
1.37981
1.38021
1.38061
1.381
1.38138
1.38176
1.38213
1.38249
1.38285
1.3832
1.38354
1.38388
1.38421
1.38453
1.38485
1.38516
1.38546
1.38576
1.38605
1.38634
1.38661
1.38689
1.38715
1.38741
1.38766
1.38791
1.38815
1.38838
1.38861
1.38883
1.38905
1.38926
1.38946
1.38966
1.38985
1.39003
1.39021
1.39038
1.39055
1.39071
1.39087
1.39102
1.39116
1.3913
1.39143
1.39156
1.39168
1.39179
1.3919
1.39201
1.39211
1.3922
1.39229
1.39237
1.39245
1.39252
1.39259
1.39265
1.39271
1.39276
1.39281
1.39285
1.39289
1.39292
1.39295
1.39297
1.39299
1.393
1.39301
1.39302
1.39302
1.39301
1.39301
1.39299
1.39298
1.39296
1.39294
1.39291
1.39288
1.39284
1.39281
1.39277
1.39272
1.39267
1.39262
1.39257
1.39251
1.39246
1.3924
1.39233
1.39227
1.3922
1.39213
1.39206
1.39199
1.39191
1.39184
1.39176
1.39168
1.3916
1.39152
1.39144
1.39136
1.39128
1.3912
1.39112
1.39104
1.39096
1.39088
1.3908
1.39072
1.39065
1.39057
1.39049
1.39042
1.39035
1.39028
1.39021
1.39015
1.39008
1.39002
1.38996
1.38991
1.38986
1.38981
1.38976
1.38972
1.38968
1.38964
1.38961
1.38958
1.38955
1.38953
1.38952
1.3895
1.3895
1.38949
1.38949
1.3895
1.38951
1.38952
1.38954
1.38957
1.3896
1.38963
1.38967
1.38972
1.38977
1.38982
1.38988
1.38995
1.39002
1.39009
1.39017
1.39026
1.39035
1.39045
1.39055
1.39065
1.39077
1.39088
1.391
1.39113
1.39126
1.39139
1.39153
1.39167
1.39181
1.39196
1.39212
1.39227
1.39243
1.39259
1.39276
1.39293
1.3931
1.39327
1.39344
1.39361
1.39379
1.39396
1.39414
1.39431
1.39449
1.39466
1.39484
1.39501
1.39518
1.39534
1.39551
1.39567
1.39582
1.39598
1.39612
1.39627
1.3964
1.39653
1.39666
1.39677
1.39688
1.39698
1.39707
1.39715
1.39723
1.39729
1.39734
1.39738
1.39741
1.39742
1.39742
1.39741
1.39738
1.39734
1.39728
1.39721
1.39712
1.39702
1.3969
1.39675
1.3966
1.39642
1.39622
1.39601
1.39577
1.39552
1.39524
1.39495
1.39463
1.39429
1.39393
1.39355
1.39315
1.39272
1.39228
1.39181
1.39132
1.39081
1.39028
1.38973
1.38916
1.38856
1.38795
1.38732
1.38667
1.38601
1.38532
1.38463
1.38391
1.38319
1.38245
1.3817
1.38094
1.38017
1.37939
1.37861
1.37783
1.37704
1.37626
1.37548
1.3747
1.37393
1.37316
1.37241
1.37167
1.37095
1.37024
1.36956
1.36889
1.36825
1.36764
1.36706
1.3665
1.36599
1.3655
1.36506
1.36465
1.36429
1.36397
1.36369
1.36346
1.36327
1.36313
1.36304
1.363
1.36301
1.36307
1.36318
1.36334
1.36355
1.36381
1.36412
1.36448
1.36488
1.36533
1.36582
1.36636
1.36693
1.36755
1.3682
1.36889
1.36962
1.37038
1.37116
1.37198
1.37282
1.37368
1.37457
1.37547
1.37639
1.37733
1.37827
1.37923
1.3802
1.38117
1.38215
1.38313
1.38411
1.38509
1.38607
1.38704
1.388
1.38896
1.38991
1.39085
1.39178
1.3927
1.3936
1.39449
1.39536
1.39621
1.39705
1.39787
1.39867
1.39945
1.40021
1.40095
1.40167
1.40237
1.40305
1.4037
1.40433
1.40494
1.40553
1.40609
1.40662
1.40714
1.40763
1.4081
1.40854
1.40896
1.40935
1.40972
1.41007
1.41039
1.41069
1.41097
1.41122
1.41145
1.41165
1.41184
1.412
1.41213
1.41225
1.41234
1.41241
1.41246
1.41249
1.4125
1.41249
1.41246
1.41241
1.41234
1.41226
1.41215
1.41203
1.4119
1.41175
1.41158
1.4114
1.4112
1.411
1.41078
1.41055
1.41031
1.41006
1.40981
1.40954
1.40927
1.409
1.40872
1.40844
1.40815
1.40787
1.40758
1.40729
1.40701
1.40673
1.40645
1.40618
1.40591
1.40566
1.4054
1.40516
1.40493
1.40471
1.4045
1.4043
1.40411
1.40394
1.40378
1.40364
1.40351
1.4034
1.4033
1.40322
1.40315
1.40311
1.40307
1.40306
1.40306
1.40308
1.40312
1.40317
1.40324
1.40332
1.40342
1.40354
1.40367
1.40381
1.40397
1.40414
1.40432
1.40451
1.40472
1.40493
1.40516
1.40539
1.40563
1.40588
1.40614
1.4064
1.40667
1.40694
1.40721
1.40749
1.40777
1.40806
1.40834
1.40862
1.40891
1.40919
1.40948
1.40976
1.41004
1.41032
1.41059
1.41086
1.41113
1.4114
1.41166
1.41191
1.41217
1.41241
1.41266
1.41289
1.41312
1.41335
1.41357
1.41379
1.414
1.4142
1.4144
1.4146
1.41478
1.41497
1.41514
1.41531
1.41548
1.41564
1.4158
1.41595
1.4161
1.41624
1.41637
1.4165
1.41663
1.41675
1.41687
1.41698
1.41709
1.41719
1.41729
1.41739
1.41748
1.41757
1.41765
1.41773
1.4178
1.41787
1.41794
1.418
1.41806
1.41811
1.41816
1.41821
1.41825
1.41829
1.41832
1.41835
1.41837
1.41839
1.41841
1.41842
1.41843
1.41843
1.41843
1.41842
1.4184
1.41838
1.41836
1.41833
1.41829
1.41825
1.41821
1.41815
1.41809
1.41803
1.41796
1.41788
1.41779
1.4177
1.4176
1.4175
1.41738
1.41726
1.41714
1.417
1.41686
1.41671
1.41655
1.41638
1.41621
1.41602
1.41583
1.41563
1.41542
1.41521
1.41498
1.41475
1.4145
1.41425
1.41399
1.41372
1.41344
1.41315
1.41285
1.41255
1.41223
1.41191
1.41158
1.41123
1.41088
1.41052
1.41015
1.40978
1.40939
1.409
1.40859
1.40818
1.40776
1.40733
1.4069
1.40646
1.40601
1.40555
1.40508
1.40461
1.40413
1.40365
1.40316
1.40266
1.40216
1.40165
1.40113
1.40062
1.40009
1.39957
1.39904
1.39851
1.39797
1.39743
1.39689
1.39635
1.39581
1.39526
1.39472
1.39417
1.39363
1.39309
1.39254
1.392
1.39147
1.39093
1.3904
1.38988
1.38935
1.38884
1.38833
1.38782
1.38732
1.38683
1.38634
1.38587
1.3854
1.38494
1.38449
1.38405
1.38361
1.38319
1.38279
1.38239
1.382
1.38163
1.38127
1.38092
1.38058
1.38026
1.37995
1.37966
1.37938
1.37911
1.37886
1.37863
1.37841
1.3782
1.37801
1.37784
1.37768
1.37753
1.3774
1.37729
1.37719
1.37711
1.37704
1.37699
1.37695
1.37693
1.37692
1.37692
1.37694
1.37698
1.37703
1.37709
1.37716
1.37725
1.37735
1.37747
1.37759
1.37773
1.37788
1.37804
1.37821
1.37839
1.37858
1.37878
1.37899
1.37921
1.37943
1.37967
1.37991
1.38016
1.38042
1.38069
1.38096
1.38124
1.38152
1.38181
1.3821
1.3824
1.38271
1.38302
1.38333
1.38365
1.38397
1.38429
1.38462
1.38495
1.38529
1.38562
1.38596
1.3863
1.38665
1.38699
1.38734
1.38769
1.38804
1.38839
1.38875
1.3891
1.38946
1.38982
1.39018
1.39053
1.39089
1.39125
1.39162
1.39198
1.39234
1.3927
1.39306
1.39342
1.39378
1.39414
1.3945
1.39486
1.39522
1.39558
1.39594
1.39629
1.39665
1.397
1.39735
1.39769
1.39804
1.39838
1.39872
1.39906
1.39939
1.39972
1.40005
1.40037
1.40069
1.401
1.40131
1.40161
1.40191
1.4022
1.40249
1.40277
1.40304
1.40331
1.40357
1.40382
1.40407
1.40431
1.40454
1.40476
1.40497
1.40517
1.40537
1.40556
1.40573
1.4059
1.40606
1.40621
1.40635
1.40647
1.40659
1.4067
1.40679
1.40688
1.40696
1.40702
1.40707
1.40712
1.40715
1.40717
1.40718
1.40717
1.40716
1.40714
1.4071
1.40705
1.40699
1.40692
1.40684
1.40674
1.40664
1.40652
1.40639
1.40625
1.4061
1.40593
1.40576
1.40557
1.40537
1.40515
1.40493
1.40469
1.40444
1.40417
1.40389
1.4036
1.4033
1.40298
1.40265
1.4023
1.40194
1.40156
1.40117
1.40077
1.40034
1.3999
1.39945
1.39898
1.39849
1.39798
1.39746
1.39692
1.39637
1.39579
1.3952
1.39459
1.39396
1.39332
1.39266
1.39198
1.39129
1.39058
1.38985
1.38912
1.38836
1.3876
1.38683
1.38605
1.38526
1.38446
1.38366
1.38286
1.38206
1.38126
1.38047
1.37968
1.37891
1.37815
1.3774
1.37668
1.37598
1.37531
1.37467
1.37406
1.37349
1.37295
1.37247
1.37202
1.37163
1.37129
1.37101
1.37078
1.37062
1.37051
1.37047
1.3705
1.37059
1.37075
1.37097
1.37126
1.37162
1.37205
1.37254
1.37309
1.37371
1.37438
1.37511
1.3759
1.37674
1.37763
1.37857
1.37954
1.38056
1.38161
1.3827
1.38381
1.38494
1.3861
1.38727
1.38846
1.38965
1.39086
1.39206
1.39326
1.39446
1.39566
1.39684
1.39802
1.39918
1.40032
1.40145
1.40255
1.40364
1.4047
1.40574
1.40675
1.40773
1.40869
1.40962
1.41052
1.41139
1.41224
1.41305
1.41383
1.41458
1.41531
1.416
1.41667
1.4173
1.41791
1.41849
1.41904
1.41956
1.42005
1.42052
1.42097
1.42138
1.42178
1.42215
1.42249
1.42281
1.42311
1.42339
1.42364
1.42388
1.4241
1.42429
1.42447
1.42463
1.42477
1.42489
1.425
1.42509
1.42517
1.42523
1.42528
1.42531
1.42533
1.42534
1.42533
1.42531
1.42528
1.42524
1.42519
1.42513
1.42505
1.42497
1.42488
1.42478
1.42467
1.42455
1.42443
1.4243
1.42416
1.42401
1.42386
1.4237
1.42353
1.42336
1.42318
1.423
1.42281
1.42262
1.42243
1.42223
1.42202
1.42182
1.42161
1.42139
1.42118
1.42096
1.42074
1.42052
1.42029
1.42007
1.41984
1.41961
1.41938
1.41915
1.41892
1.41869
1.41846
1.41823
1.41801
1.41778
1.41755
1.41732
1.4171
1.41688
1.41665
1.41644
1.41622
1.416
1.41579
1.41558
1.41537
1.41517
1.41497
1.41477
1.41458
1.41439
1.4142
1.41402
1.41384
1.41367
1.41349
1.41333
1.41317
1.41301
1.41286
1.41271
1.41257
1.41243
1.41229
1.41216
1.41204
1.41192
1.4118
1.41169
1.41159
1.41149
1.41139
1.4113
1.41121
1.41113
1.41105
1.41098
1.41091
1.41084
1.41078
1.41073
1.41067
1.41062
1.41058
1.41053
1.41049
1.41046
1.41042
1.41039
1.41036
1.41034
1.41031
1.41029
1.41027
1.41025
1.41023
1.41021
1.4102
1.41018
1.41017
1.41015
1.41014
1.41012
1.4101
1.41009
1.41007
1.41005
1.41003
1.41001
1.40998
1.40996
1.40993
1.40989
1.40986
1.40982
1.40978
1.40973
1.40969
1.40963
1.40958
1.40952
1.40945
1.40938
1.4093
1.40922
1.40914
1.40904
1.40895
1.40884
1.40874
1.40862
1.4085
1.40837
1.40824
1.4081
1.40795
1.4078
1.40763
1.40747
1.40729
1.40711
1.40692
1.40673
1.40652
1.40631
1.4061
1.40587
1.40564
1.4054
1.40515
1.4049
1.40464
1.40437
1.4041
1.40382
1.40353
1.40324
1.40294
1.40263
1.40232
1.402
1.40167
1.40134
1.401
1.40066
1.40031
1.39996
1.3996
1.39924
1.39888
1.3985
1.39813
1.39775
1.39737
1.39698
1.3966
1.39621
1.39581
1.39542
1.39502
1.39462
1.39422
1.39382
1.39342
1.39302
1.39262
1.39222
1.39181
1.39142
1.39102
1.39062
1.39023
1.38983
1.38945
1.38906
1.38868
1.3883
1.38792
1.38755
1.38719
1.38682
1.38647
1.38612
1.38577
1.38544
1.38511
1.38478
1.38446
1.38415
1.38385
1.38356
1.38327
1.38299
1.38272
1.38246
1.38221
1.38197
1.38173
1.38151
1.3813
1.38109
1.3809
1.38072
1.38054
1.38038
1.38023
1.38008
1.37995
1.37983
1.37972
1.37962
1.37953
1.37945
1.37938
1.37932
1.37927
1.37923
1.3792
1.37919
1.37918
1.37918
1.37919
1.37921
1.37923
1.37927
1.37932
1.37937
1.37943
1.37951
1.37958
1.37967
1.37976
1.37986
1.37997
1.38008
1.3802
1.38033
1.38046
1.3806
1.38074
1.38088
1.38104
1.38119
1.38135
1.38151
1.38168
1.38185
1.38202
1.38219
1.38237
1.38255
1.38273
1.38291
1.38309
1.38328
1.38346
1.38365
1.38383
1.38402
1.38421
1.38439
1.38458
1.38476
1.38495
1.38513
1.38531
1.38549
1.38567
1.38585
1.38602
1.38619
1.38637
1.38654
1.3867
1.38687
1.38703
1.38719
1.38735
1.3875
1.38765
1.3878
1.38795
1.38809
1.38823
1.38836
1.3885
1.38863
1.38875
1.38888
1.389
1.38911
1.38922
1.38933
1.38944
1.38954
1.38964
1.38974
1.38983
1.38992
1.39
1.39008
1.39016
1.39023
1.3903
1.39037
1.39043
1.39049
1.39055
1.3906
1.39065
1.39069
1.39073
1.39077
1.39081
1.39084
1.39087
1.39089
1.39091
1.39093
1.39094
1.39095
1.39096
1.39097
1.39097
1.39096
1.39096
1.39095
1.39094
1.39093
1.39091
1.39089
1.39087
1.39084
1.39081
1.39078
1.39075
1.39071
1.39067
1.39063
1.39059
1.39054
1.39049
1.39044
1.39039
1.39033
1.39028
1.39022
1.39016
1.39009
1.39003
1.38996
1.3899
1.38983
1.38976
1.38969
1.38961
1.38954
1.38946
1.38939
1.38931
1.38923
1.38915
1.38908
1.389
1.38892
1.38884
1.38875
1.38867
1.38859
1.38851
1.38843
1.38835
1.38827
1.38819
1.38811
1.38803
1.38795
1.38787
1.3878
1.38772
1.38764
1.38757
1.3875
1.38742
1.38735
1.38728
1.38721
1.38714
1.38708
1.38701
1.38695
1.38689
1.38683
1.38677
1.38672
1.38666
1.38661
1.38656
1.38651
1.38647
1.38642
1.38638
1.38634
1.3863
1.38626
1.38623
1.3862
1.38617
1.38614
1.38611
1.38609
1.38607
1.38605
1.38603
1.38602
1.386
1.38599
1.38598
1.38598
1.38597
1.38597
1.38597
1.38597
1.38597
1.38598
1.38599
1.38599
1.386
1.38602
1.38603
1.38604
1.38606
1.38608
1.3861
1.38612
1.38614
1.38616
1.38619
1.38621
1.38624
1.38627
1.3863
1.38633
1.38636
1.38639
1.38642
1.38645
1.38649
1.38652
1.38655
1.38659
1.38662
1.38666
1.3867
1.38673
1.38677
1.3868
1.38684
1.38688
1.38691
1.38695
1.38699
1.38702
1.38706
1.38709
1.38713
1.38716
1.3872
1.38723
1.38726
1.3873
1.38733
1.38736
1.38739
1.38742
1.38745
1.38748
1.38751
1.38754
1.38757
1.38759
1.38762
1.38764
1.38766
1.38769
1.38771
1.38773
1.38775
1.38777
1.38779
1.3878
1.38782
1.38783
1.38785
1.38786
1.38787
1.38788
1.38789
1.3879
1.38791
1.38792
1.38792
1.38793
1.38793
1.38793
1.38794
1.38794
1.38794
1.38793
1.38793
1.38793
1.38792
1.38792
1.38791
1.38791
1.3879
1.38789
1.38788
1.38787
1.38785
1.38784
1.38783
1.38781
1.3878
1.38778
1.38776
1.38774
1.38773
1.38771
1.38769
1.38766
1.38764
1.38762
1.38759
1.38757
1.38755
1.38752
1.38749
1.38747
1.38744
1.38741
1.38738
1.38735
1.38732
1.38729
1.38726
1.38723
1.38719
1.38716
1.38713
1.38709
1.38706
1.38702
1.38699
1.38695
1.38692
1.38688
1.38685
1.38681
1.38677
1.38673
1.3867
1.38666
1.38662
1.38658
1.38654
1.3865
1.38646
1.38642
1.38638
1.38634
1.3863
1.38626
1.38622
1.38618
1.38614
1.3861
1.38606
1.38602
1.38598
1.38594
1.3859
1.38586
1.38582
1.38578
1.38574
1.3857
1.38566
1.38562
1.38558
1.38554
1.3855
1.38546
1.38542
1.38538
1.38535
1.38531
1.38527
1.38523
1.38519
1.38516
1.38512
1.38508
1.38505
1.38501
1.38498
1.38494
1.3849
1.38487
1.38484
1.3848
1.38477
1.38474
1.3847
1.38467
1.38464
1.38461
1.38458
1.38455
1.38452
1.38449
1.38446
1.38443
1.3844
1.38438
1.38435
1.38432
1.3843
1.38427
1.38425
1.38423
1.3842
1.38418
1.38416
1.38413
1.38411
1.38409
1.38407
1.38405
1.38403
1.38402
1.384
1.38398
1.38396
1.38395
1.38393
1.38392
1.3839
1.38389
1.38388
1.38386
1.38385
1.38384
1.38383
1.38382
1.38381
1.3838
1.38379
1.38378
1.38377
1.38376
1.38375
1.38375
1.38374
1.38373
1.38373
1.38372
1.38372
1.38371
1.38371
1.3837
1.3837
1.3837
1.38369
1.38369
1.38369
1.38368
1.38368
1.38368
1.38368
1.38367
1.38367
1.38367
1.38367
1.38366
1.38366
1.38366
1.38366
1.38365
1.38365
1.38365
1.38364
1.38364
1.38364
1.38363
1.38363
1.38362
1.38362
1.38361
1.3836
1.38359
1.38359
1.38358
1.38357
1.38356
1.38355
1.38353
1.38352
1.38351
1.38349
1.38348
1.38346
1.38344
1.38342
1.3834
1.38338
1.38336
1.38333
1.38331
1.38328
1.38325
1.38322
1.38319
1.38316
1.38312
1.38308
1.38304
1.383
1.38296
1.38292
1.38287
1.38282
1.38277
1.38271
1.38266
1.3826
1.38254
1.38248
1.38241
1.38234
1.38227
1.3822
1.38212
1.38205
1.38196
1.38188
1.38179
1.3817
1.38161
1.38151
1.38141
1.38131
1.3812
1.3811
1.38098
1.38087
1.38075
1.38063
1.3805
1.38037
1.38024
1.3801
1.37996
1.37982
1.37967
1.37952
1.37936
1.37921
1.37904
1.37888
1.37871
1.37853
1.37836
1.37818
1.37799
1.3778
1.37761
1.37741
1.37722
1.37701
1.3768
1.37659
1.37638
1.37616
1.37594
1.37572
1.37549
1.37526
1.37502
1.37478
1.37454
1.3743
1.37405
1.3738
1.37354
1.37329
1.37303
1.37277
1.3725
1.37224
1.37197
1.3717
1.37142
1.37115
1.37087
1.37059
1.37032
1.37003
1.36975
1.36947
1.36919
1.3689
1.36862
1.36833
1.36805
1.36776
1.36748
1.3672
1.36691
1.36663
1.36635
1.36607
1.36579
1.36551
1.36524
1.36497
1.3647
1.36443
1.36416
1.3639
1.36364
1.36338
1.36313
1.36288
1.36264
1.36239
1.36216
1.36192
1.3617
1.36147
1.36125
1.36104
1.36083
1.36062
1.36042
1.36023
1.36004
1.35986
1.35968
1.35951
1.35935
1.35919
1.35903
1.35889
1.35875
1.35861
1.35848
1.35836
1.35824
1.35813
1.35802
1.35792
1.35783
1.35774
1.35766
1.35758
1.35751
1.35745
1.35739
1.35733
1.35729
1.35724
1.3572
1.35717
1.35714
1.35711
1.35709
1.35708
1.35707
1.35706
1.35705
1.35705
1.35706
1.35706
1.35707
1.35709
1.3571
1.35712
1.35714
1.35717
1.35719
1.35722
1.35725
1.35728
1.35731
1.35735
1.35738
1.35742
1.35746
1.3575
1.35754
1.35758
1.35762
1.35767
1.35771
1.35775
1.3578
1.35784
1.35789
1.35793
1.35798
1.35802
1.35807
1.35811
1.35816
1.3582
1.35825
1.3583
1.35834
1.35839
1.35843
1.35848
1.35853
1.35857
1.35862
1.35867
1.35872
1.35877
1.35882
1.35887
1.35892
1.35897
1.35903
1.35908
1.35914
1.35919
1.35925
1.35931
1.35937
1.35944
1.3595
1.35957
1.35964
1.35971
1.35979
1.35987
1.35995
1.36003
1.36011
1.3602
1.36029
1.36039
1.36049
1.36059
1.36069
1.3608
1.36091
1.36103
1.36115
1.36127
1.3614
1.36153
1.36167
1.36181
1.36195
1.3621
1.36225
1.36241
1.36257
1.36274
1.36291
1.36308
1.36326
1.36344
1.36363
1.36382
1.36402
1.36422
1.36442
1.36463
1.36484
1.36505
1.36527
1.3655
1.36572
1.36595
1.36619
1.36643
1.36667
1.36691
1.36716
1.36741
1.36766
1.36791
1.36817
1.36843
1.36869
1.36896
1.36923
1.36949
1.36976
1.37004
1.37031
1.37059
1.37086
1.37114
1.37142
1.3717
1.37198
1.37226
1.37254
1.37282
1.3731
1.37338
1.37366
1.37394
1.37423
1.37451
1.37479
1.37506
1.37534
1.37562
1.3759
1.37617
1.37645
1.37672
1.37699
1.37726
1.37753
1.3778
1.37806
1.37832
1.37858
1.37884
1.3791
1.37936
1.37961
1.37986
1.38011
1.38035
1.3806
1.38084
1.38108
1.38131
1.38155
1.38178
1.38201
1.38223
1.38246
1.38268
1.3829
1.38311
1.38332
1.38353
1.38374
1.38394
1.38414
1.38434
1.38454
1.38473
1.38492
1.38511
1.38529
1.38547
1.38565
1.38582
1.386
1.38617
1.38633
1.3865
1.38666
1.38681
1.38697
1.38712
1.38727
1.38742
1.38756
1.3877
1.38784
1.38797
1.38811
1.38823
1.38836
1.38848
1.38861
1.38872
1.38884
1.38895
1.38906
1.38917
1.38927
1.38937
1.38947
1.38956
1.38966
1.38975
1.38983
1.38992
1.39
1.39008
1.39015
1.39022
1.39029
1.39036
1.39042
1.39049
1.39054
1.3906
1.39065
1.3907
1.39075
1.39079
1.39083
1.39087
1.3909
1.39093
1.39096
1.39099
1.39101
1.39103
1.39105
1.39106
1.39107
1.39107
1.39108
1.39108
1.39107
1.39107
1.39106
1.39104
1.39103
1.39101
1.39098
1.39096
1.39093
1.39089
1.39085
1.39081
1.39077
1.39072
1.39067
1.39061
1.39055
1.39049
1.39042
1.39035
1.39028
1.3902
1.39012
1.39003
1.38994
1.38985
1.38975
1.38965
1.38954
1.38943
1.38932
1.3892
1.38908
1.38895
1.38882
1.38869
1.38855
1.38841
1.38827
1.38812
1.38797
1.38781
1.38765
1.38749
1.38732
1.38715
1.38697
1.38679
1.38661
1.38643
1.38624
1.38604
1.38585
1.38565
1.38545
1.38525
1.38504
1.38483
1.38462
1.3844
1.38418
1.38396
1.38374
1.38352
1.3833
1.38307
1.38284
1.38261
1.38238
1.38215
1.38192
1.38168
1.38145
1.38122
1.38099
1.38075
1.38052
1.38029
1.38006
1.37983
1.3796
1.37937
1.37915
1.37893
1.37871
1.37849
1.37827
1.37806
1.37785
1.37765
1.37745
1.37725
1.37706
1.37687
1.37669
1.37651
1.37633
1.37616
1.376
1.37584
1.37569
1.37555
1.37541
1.37528
1.37515
1.37503
1.37492
1.37481
1.37471
1.37462
1.37454
1.37446
1.37439
1.37433
1.37428
1.37423
1.3742
1.37417
1.37414
1.37413
1.37412
1.37412
1.37413
1.37414
1.37417
1.37419
1.37423
1.37428
1.37433
1.37438
1.37445
1.37452
1.3746
1.37468
1.37477
1.37486
1.37496
1.37507
1.37518
1.37529
1.37541
1.37553
1.37566
1.37579
1.37593
1.37607
1.37621
1.37635
1.3765
1.37665
1.3768
1.37695
1.3771
1.37725
1.37741
1.37756
1.37772
1.37787
1.37803
1.37818
1.37833
1.37849
1.37864
1.37879
1.37893
1.37908
1.37922
1.37936
1.37949
1.37963
1.37976
1.37989
1.38001
1.38013
1.38025
1.38036
1.38046
1.38057
1.38067
1.38076
1.38085
1.38093
1.38101
1.38109
1.38116
1.38122
1.38128
1.38133
1.38138
1.38142
1.38146
1.38149
1.38151
1.38153
1.38155
1.38155
1.38156
1.38155
1.38154
1.38153
1.38151
1.38148
1.38145
1.38141
1.38137
1.38132
1.38126
1.38121
1.38114
1.38107
1.38099
1.38091
1.38083
1.38074
1.38064
1.38054
1.38043
1.38032
1.38021
1.38009
1.37996
1.37983
1.3797
1.37956
1.37942
1.37928
1.37913
1.37897
1.37881
1.37865
1.37849
1.37832
1.37815
1.37797
1.3778
1.37761
1.37743
1.37724
1.37705
1.37686
1.37666
1.37647
1.37627
1.37606
1.37586
1.37565
1.37544
1.37523
1.37502
1.3748
1.37459
1.37437
1.37415
1.37393
1.37371
1.37349
1.37326
1.37304
1.37281
1.37259
1.37236
1.37213
1.3719
1.37167
1.37144
1.37121
1.37098
1.37075
1.37052
1.37029
1.37006
1.36983
1.3696
1.36937
1.36914
1.36892
1.36869
1.36846
1.36823
1.36801
1.36778
1.36756
1.36733
1.36711
1.36689
1.36667
1.36645
1.36623
1.36601
1.3658
1.36558
1.36537
1.36516
1.36495
1.36474
1.36453
1.36432
1.36412
1.36392
1.36372
1.36352
1.36332
1.36313
1.36293
1.36274
1.36255
1.36236
1.36218
1.362
1.36182
1.36164
1.36146
1.36129
1.36112
1.36095
1.36078
1.36062
1.36046
1.3603
1.36014
1.35999
1.35984
1.35969
1.35955
1.35941
1.35927
1.35914
1.35901
1.35888
1.35876
1.35864
1.35853
1.35842
1.35831
1.3582
1.3581
1.35801
1.35792
1.35783
1.35775
1.35767
1.3576
1.35754
1.35747
1.35742
1.35736
1.35732
1.35728
1.35724
1.35721
1.35719
1.35717
1.35716
1.35715
1.35715
1.35716
1.35717
1.35719
1.35722
1.35725
1.35729
1.35734
1.35739
1.35745
1.35752
1.3576
1.35768
1.35777
1.35786
1.35797
1.35808
1.3582
1.35833
1.35846
1.3586
1.35875
1.35891
1.35907
1.35924
1.35942
1.35961
1.3598
1.36
1.36021
1.36043
1.36065
1.36088
1.36112
1.36136
1.36161
1.36187
1.36213
1.36241
1.36268
1.36297
1.36326
1.36355
1.36386
1.36416
1.36448
1.3648
1.36512
1.36545
1.36578
1.36612
1.36647
1.36682
1.36717
1.36752
1.36789
1.36825
1.36862
1.36899
1.36936
1.36974
1.37012
1.3705
1.37089
1.37127
1.37166
1.37205
1.37245
1.37284
1.37324
1.37363
1.37403
1.37443
1.37483
1.37523
1.37563
1.37603
1.37643
1.37683
1.37723
1.37763
1.37803
1.37843
1.37883
1.37923
1.37962
1.38002
1.38041
1.38081
1.3812
1.38159
1.38198
1.38236
1.38275
1.38313
1.38352
1.3839
1.38427
1.38465
1.38503
1.3854
1.38577
1.38614
1.3865
1.38687
1.38723
1.38758
1.38794
1.38829
1.38865
1.38899
1.38934
1.38968
1.39002
1.39036
1.3907
1.39103
1.39136
1.39168
1.39201
1.39233
1.39265
1.39296
1.39327
1.39358
1.39389
1.39419
1.39449
1.39478
1.39508
1.39537
1.39565
1.39594
1.39622
1.39649
1.39676
1.39703
1.3973
1.39756
1.39782
1.39808
1.39833
1.39858
1.39883
1.39907
1.39931
1.39954
1.39977
1.4
1.40022
1.40044
1.40066
1.40087
1.40108
1.40129
1.40149
1.40169
1.40188
1.40207
1.40226
1.40245
1.40263
1.4028
1.40297
1.40314
1.40331
1.40347
1.40363
1.40378
1.40394
1.40408
1.40423
1.40437
1.4045
1.40464
1.40477
1.40489
1.40502
1.40514
1.40525
1.40537
1.40548
1.40558
1.40569
1.40579
1.40588
1.40598
1.40607
1.40615
1.40624
1.40632
1.4064
1.40647
1.40654
1.40661
1.40668
1.40674
1.4068
1.40686
1.40692
1.40697
1.40702
1.40707
1.40711
1.40715
1.40719
1.40723
1.40726
1.4073
1.40733
1.40735
1.40738
1.4074
1.40742
1.40744
1.40746
1.40747
1.40748
1.40749
1.4075
1.40751
1.40751
1.40751
1.40751
1.40751
1.40751
1.4075
1.40749
1.40749
1.40748
1.40746
1.40745
1.40743
1.40742
1.4074
1.40738
1.40736
1.40734
1.40731
1.40729
1.40726
1.40723
1.4072
1.40717
1.40714
1.40711
1.40707
1.40704
1.407
1.40696
1.40692
1.40688
1.40684
1.4068
1.40676
1.40671
1.40667
1.40663
1.40658
1.40653
1.40648
1.40644
1.40639
1.40634
1.40629
1.40623
1.40618
1.40613
1.40608
1.40602
1.40597
1.40591
1.40586
1.4058
1.40574
1.40569
1.40563
1.40557
1.40552
1.40546
1.4054
1.40534
1.40528
1.40522
1.40516
1.4051
1.40504
1.40498
1.40492
1.40486
1.4048
1.40474
1.40468
1.40462
1.40456
1.4045
1.40444
1.40438
1.40432
1.40426
1.4042
1.40414
1.40408
1.40402
1.40397
1.40391
1.40385
1.40379
1.40374
1.40368
1.40362
1.40357
1.40351
1.40346
1.40341
1.40335
1.4033
1.40325
1.4032
1.40315
1.4031
1.40305
1.403
1.40295
1.40291
1.40286
1.40282
1.40277
1.40273
1.40269
1.40265
1.40261
1.40257
1.40253
1.4025
1.40246
1.40243
1.4024
1.40237
1.40234
1.40231
1.40228
1.40226
1.40223
1.40221
1.40219
1.40217
1.40215
1.40214
1.40212
1.40211
1.4021
1.40209
1.40209
1.40208
1.40208
1.40208
1.40208
1.40208
1.40208
1.40209
1.4021
1.40211
1.40212
1.40214
1.40216
1.40217
1.4022
1.40222
1.40225
1.40228
1.40231
1.40234
1.40238
1.40241
1.40245
1.4025
1.40254
1.40259
1.40264
1.40269
1.40275
1.4028
1.40286
1.40293
1.40299
1.40306
1.40313
1.4032
1.40327
1.40335
1.40343
1.40351
1.40359
1.40368
1.40377
1.40386
1.40395
1.40404
1.40414
1.40423
1.40433
1.40443
1.40454
1.40464
1.40474
1.40485
1.40496
1.40507
1.40518
1.40529
1.4054
1.40551
1.40563
1.40574
1.40585
1.40597
1.40608
1.40619
1.40631
1.40642
1.40653
1.40664
1.40675
1.40686
1.40696
1.40707
1.40717
1.40727
1.40737
1.40747
1.40756
1.40766
1.40774
1.40783
1.40791
1.40799
1.40806
1.40813
1.4082
1.40826
1.40831
1.40837
1.40841
1.40845
1.40849
1.40852
1.40854
1.40856
1.40857
1.40858
1.40857
1.40857
1.40855
1.40853
1.4085
1.40846
1.40842
1.40837
1.40831
1.40824
1.40817
1.40809
1.408
1.4079
1.4078
1.40769
1.40757
1.40745
1.40732
1.40718
1.40704
1.40689
1.40673
1.40657
1.4064
1.40623
1.40605
1.40587
1.40569
1.4055
1.40531
1.40512
1.40493
1.40473
1.40454
1.40435
1.40415
1.40396
1.40378
1.40359
1.40341
1.40324
1.40307
1.4029
1.40275
1.4026
1.40246
1.40233
1.40222
1.40211
1.40202
1.40193
1.40187
1.40181
1.40177
1.40175
1.40174
1.40175
1.40178
1.40182
1.40189
1.40197
1.40207
1.40219
1.40232
1.40248
1.40266
1.40285
1.40307
1.4033
1.40355
1.40382
1.40411
1.40442
1.40475
1.40509
1.40545
1.40582
1.40621
1.40661
1.40703
1.40747
1.40791
1.40837
1.40883
1.40931
1.40979
1.41029
1.41079
1.4113
1.41181
1.41233
1.41285
1.41338
1.41391
1.41444
1.41497
1.4155
1.41603
1.41655
1.41708
1.4176
1.41812
1.41863
1.41914
1.41964
1.42013
1.42062
1.4211
1.42158
1.42204
1.4225
1.42294
1.42338
1.4238
1.42422
1.42463
1.42502
1.4254
1.42577
1.42613
1.42648
1.42682
1.42714
1.42745
1.42775
1.42803
1.42831
1.42857
1.42882
1.42905
1.42927
1.42948
1.42967
1.42986
1.43003
1.43018
1.43033
1.43046
1.43057
1.43068
1.43077
1.43085
1.43091
1.43097
1.43101
1.43104
1.43105
1.43105
1.43104
1.43102
1.43099
1.43094
1.43088
1.43081
1.43073
1.43063
1.43053
1.43041
1.43028
1.43014
1.42999
1.42982
1.42965
1.42946
1.42927
1.42906
1.42884
1.42861
1.42837
1.42813
1.42787
1.4276
1.42732
1.42703
1.42674
1.42643
1.42612
1.4258
1.42546
1.42513
1.42478
1.42443
1.42406
1.4237
1.42332
1.42294
1.42255
1.42216
1.42176
1.42136
1.42095
1.42054
1.42013
1.41971
1.41929
1.41886
1.41844
1.41801
1.41758
1.41715
1.41672
1.41629
1.41586
1.41543
1.415
1.41458
1.41416
1.41374
1.41332
1.41291
1.4125
1.41209
1.4117
1.4113
1.41092
1.41054
1.41016
1.4098
1.40944
1.40909
1.40875
1.40841
1.40809
1.40777
1.40747
1.40717
1.40689
1.40661
1.40635
1.4061
1.40586
1.40562
1.40541
1.4052
1.405
1.40482
1.40465
1.40449
1.40434
1.4042
1.40407
1.40396
1.40386
1.40377
1.40369
1.40362
1.40357
1.40353
1.40349
1.40347
1.40346
1.40346
1.40347
1.40349
1.40352
1.40356
1.40361
1.40367
1.40374
1.40382
1.40391
1.404
1.40411
1.40422
1.40434
1.40447
1.4046
1.40474
1.40489
1.40505
1.40521
1.40538
1.40555
1.40573
1.40592
1.40611
1.4063
1.4065
1.40671
1.40691
1.40713
1.40734
1.40756
1.40778
1.40801
1.40824
1.40847
1.4087
1.40894
1.40918
1.40941
1.40965
1.4099
1.41014
1.41038
1.41063
1.41087
1.41112
1.41136
1.41161
1.41185
1.4121
1.41234
1.41258
1.41283
1.41307
1.41331
1.41355
1.41378
1.41402
1.41425
1.41449
1.41472
1.41495
1.41517
1.4154
1.41562
1.41584
1.41606
1.41628
1.41649
1.4167
1.41691
1.41712
1.41733
1.41753
1.41773
1.41793
1.41813
1.41833
1.41852
1.41871
1.4189
1.41909
1.41928
1.41947
1.41965
1.41983
1.42002
1.4202
1.42038
1.42056
1.42074
1.42092
1.42111
1.42129
1.42147
1.42165
1.42183
1.42202
1.4222
1.42239
1.42258
1.42277
1.42296
1.42316
1.42336
1.42356
1.42376
1.42397
1.42418
1.42439
1.42461
1.42483
1.42505
1.42528
1.42551
1.42575
1.42599
1.42623
1.42648
1.42673
1.42699
1.42726
1.42753
1.4278
1.42808
1.42836
1.42865
1.42894
1.42923
1.42953
1.42984
1.43015
1.43046
1.43078
1.4311
1.43143
1.43176
1.43209
1.43243
1.43277
1.43311
1.43346
1.43381
1.43416
1.43451
1.43486
1.43522
1.43558
1.43594
1.4363
1.43666
1.43702
1.43738
1.43774
1.4381
1.43846
1.43882
1.43917
1.43953
1.43988
1.44023
1.44058
1.44093
1.44127
1.44161
1.44195
1.44229
1.44262
1.44294
1.44327
1.44358
1.4439
1.44421
1.44451
1.44481
1.4451
1.44539
1.44568
1.44595
1.44623
1.44649
1.44675
1.44701
1.44725
1.44749
1.44773
1.44796
1.44818
1.44839
1.4486
1.4488
1.449
1.44918
1.44936
1.44954
1.4497
1.44986
1.45001
1.45016
1.45029
1.45042
1.45055
1.45066
1.45077
1.45087
1.45096
1.45105
1.45113
1.4512
1.45127
1.45132
1.45137
1.45141
1.45145
1.45148
1.4515
1.45151
1.45152
1.45151
1.45151
1.45149
1.45147
1.45144
1.4514
1.45135
1.4513
1.45124
1.45117
1.4511
1.45102
1.45093
1.45083
1.45073
1.45062
1.4505
1.45037
1.45024
1.4501
1.44995
1.4498
1.44964
1.44947
1.44929
1.44911
1.44892
1.44872
1.44852
1.4483
1.44808
1.44786
1.44762
1.44738
1.44714
1.44688
1.44662
1.44635
1.44607
1.44579
1.4455
1.4452
1.4449
1.44459
1.44427
1.44395
1.44361
1.44328
1.44293
1.44258
1.44222
1.44186
1.44149
1.44111
1.44073
1.44034
1.43994
1.43954
1.43914
1.43872
1.43831
1.43788
1.43745
1.43702
1.43658
1.43614
1.43569
1.43524
1.43478
1.43432
1.43385
1.43339
1.43291
1.43244
1.43196
1.43148
1.43099
1.43051
1.43002
1.42953
1.42904
1.42854
1.42805
1.42755
1.42705
1.42656
1.42606
1.42556
1.42507
1.42457
1.42408
1.42359
1.4231
1.42261
1.42212
1.42164
1.42116
1.42069
1.42021
1.41974
1.41928
1.41882
1.41837
1.41792
1.41747
1.41704
1.4166
1.41618
1.41576
1.41535
1.41495
1.41455
1.41416
1.41378
1.41341
1.41305
1.4127
1.41236
1.41202
1.4117
1.41138
1.41108
1.41078
1.4105
1.41023
1.40996
1.40971
1.40947
1.40924
1.40902
1.40882
1.40862
1.40844
1.40826
1.4081
1.40795
1.40781
1.40768
1.40757
1.40746
1.40737
1.40729
1.40722
1.40716
1.40711
1.40707
1.40704
1.40703
1.40702
1.40702
1.40703
1.40706
1.40709
1.40713
1.40718
1.40724
1.40731
1.40739
1.40747
1.40756
1.40766
1.40777
1.40788
1.408
1.40813
1.40826
1.4084
1.40854
1.40869
1.40884
1.409
1.40916
1.40932
1.40949
1.40966
1.40984
1.41001
1.41019
1.41037
1.41055
1.41074
1.41092
1.41111
1.41129
1.41148
1.41166
1.41185
1.41203
1.41222
1.4124
1.41258
1.41276
1.41294
1.41312
1.4133
1.41347
1.41364
1.41381
1.41398
1.41414
1.4143
1.41446
1.41462
1.41477
1.41492
1.41507
1.41521
1.41536
1.41549
1.41563
1.41576
1.41589
1.41602
1.41614
1.41626
1.41638
1.41649
1.41661
1.41672
1.41682
1.41693
1.41703
1.41713
1.41723
1.41732
1.41742
1.41751
1.4176
1.41768
1.41777
1.41786
1.41794
1.41802
1.4181
1.41818
1.41826
1.41834
1.41841
1.41849
1.41857
1.41864
1.41872
1.41879
1.41886
1.41894
1.41901
1.41908
1.41916
1.41923
1.4193
1.41938
1.41945
1.41952
1.4196
1.41967
1.41975
1.41982
1.41989
1.41997
1.42004
1.42012
1.42019
1.42027
1.42034
1.42042
1.42049
1.42057
1.42064
1.42071
1.42079
1.42086
1.42093
1.421
1.42107
1.42114
1.42121
1.42128
1.42135
1.42142
1.42148
1.42154
1.42161
1.42167
1.42172
1.42178
1.42184
1.42189
1.42194
1.42199
1.42203
1.42208
1.42212
1.42216
1.42219
1.42223
1.42226
1.42229
1.42231
1.42233
1.42235
1.42237
1.42238
1.42239
1.4224
1.4224
1.4224
1.4224
1.42239
1.42238
1.42236
1.42234
1.42232
1.4223
1.42227
1.42224
1.4222
1.42216
1.42212
1.42207
1.42202
1.42197
1.42191
1.42185
1.42178
1.42171
1.42164
1.42157
1.42149
1.42141
1.42132
1.42124
1.42114
1.42105
1.42095
1.42085
1.42075
1.42064
1.42053
1.42042
1.42031
1.42019
1.42007
1.41995
1.41982
1.4197
1.41957
1.41944
1.4193
1.41917
1.41903
1.41889
1.41874
1.4186
1.41845
1.4183
1.41815
1.418
1.41785
1.41769
1.41754
1.41738
1.41722
1.41705
1.41689
1.41673
1.41656
1.41639
1.41622
1.41605
1.41588
1.4157
1.41553
1.41535
1.41517
1.415
1.41481
1.41463
1.41445
1.41427
1.41408
1.41389
1.4137
1.41351
1.41332
1.41313
1.41294
1.41274
1.41255
1.41235
1.41215
1.41195
1.41175
1.41154
1.41134
1.41113
1.41092
1.41071
1.4105
1.41029
1.41008
1.40986
1.40964
1.40943
1.40921
1.40898
1.40876
1.40853
1.40831
1.40808
1.40785
1.40762
1.40738
1.40714
1.40691
1.40667
1.40642
1.40618
1.40593
1.40568
1.40543
1.40518
1.40492
1.40466
1.4044
1.40414
1.40387
1.4036
1.40333
1.40305
1.40277
1.40249
1.4022
1.40191
1.40162
1.40132
1.40102
1.40071
1.4004
1.40009
1.39977
1.39944
1.39912
1.39878
1.39844
1.3981
1.39775
1.39739
1.39703
1.39667
1.39629
1.39591
1.39553
1.39514
1.39474
1.39434
1.39393
1.39351
1.39309
1.39266
1.39222
1.39178
1.39133
1.39087
1.39041
1.38995
1.38947
1.389
1.38851
1.38803
1.38754
1.38704
1.38654
1.38604
1.38554
1.38503
1.38452
1.38401
1.38351
1.383
1.3825
1.38199
1.3815
1.381
1.38051
1.38003
1.37955
1.37909
1.37863
1.37818
1.37774
1.37732
1.37691
1.37651
1.37613
1.37577
1.37542
1.37509
1.37478
1.37449
1.37423
1.37398
1.37376
1.37356
1.37338
1.37323
1.3731
1.373
1.37293
1.37287
1.37285
1.37285
1.37287
1.37292
1.37299
1.37309
1.37321
1.37336
1.37352
1.37371
1.37392
1.37414
1.37439
1.37465
1.37493
1.37523
1.37553
1.37586
1.37619
1.37653
1.37688
1.37723
1.3776
1.37796
1.37833
1.3787
1.37907
1.37944
1.3798
1.38016
1.38052
1.38086
1.3812
1.38153
1.38185
1.38215
1.38245
1.38273
1.38299
1.38324
1.38347
1.38368
1.38387
1.38404
1.38419
1.38432
1.38443
1.38452
1.38458
1.38462
1.38463
1.38462
1.38459
1.38452
1.38444
1.38433
1.38419
1.38402
1.38383
1.38361
1.38337
1.3831
1.3828
1.38248
1.38213
1.38176
1.38136
1.38094
1.3805
1.38003
1.37953
1.37902
1.37848
1.37793
1.37735
1.37676
1.37614
1.37552
1.37487
1.37422
1.37355
1.37287
1.37218
1.37148
1.37077
1.37007
1.36936
1.36864
1.36793
1.36722
1.36652
1.36582
1.36514
1.36446
1.3638
1.36315
1.36251
1.3619
1.36131
1.36074
1.36019
1.35967
1.35918
1.35872
1.35829
1.35789
1.35752
1.35719
1.35689
1.35663
1.35641
1.35622
1.35607
1.35596
1.35589
1.35586
1.35586
1.35591
1.35598
1.3561
1.35625
1.35644
1.35666
1.35691
1.35719
1.35751
1.35785
1.35822
1.35861
1.35903
1.35947
1.35993
1.36042
1.36092
1.36143
1.36196
1.3625
1.36306
1.36362
1.36419
1.36477
1.36535
1.36594
1.36653
1.36712
1.36771
1.3683
1.36889
1.36947
1.37005
1.37063
1.3712
1.37176
1.37232
1.37287
1.37341
1.37394
1.37447
1.37498
1.37549
1.37598
1.37647
1.37694
1.37741
1.37786
1.3783
1.37873
1.37915
1.37956
1.37996
1.38035
1.38073
1.38109
1.38145
1.38179
1.38213
1.38245
1.38277
1.38307
1.38337
1.38365
1.38393
1.3842
1.38445
1.3847
1.38494
1.38518
1.3854
1.38562
1.38582
1.38602
1.38622
1.3864
1.38658
1.38675
1.38691
1.38707
1.38722
1.38736
1.3875
1.38763
1.38776
1.38788
1.38799
1.3881
1.3882
1.3883
1.38839
1.38848
1.38856
1.38864
1.38871
1.38878
1.38884
1.3889
1.38895
1.389
1.38905
1.38909
1.38912
1.38916
1.38919
1.38921
1.38923
1.38925
1.38926
1.38927
1.38928
1.38928
1.38928
1.38928
1.38927
1.38926
1.38925
1.38923
1.38921
1.38919
1.38916
1.38913
1.3891
1.38906
1.38902
1.38898
1.38893
1.38889
1.38884
1.38878
1.38873
1.38867
1.3886
1.38854
1.38847
1.3884
1.38833
1.38825
1.38817
1.38809
1.38801
1.38792
1.38783
1.38774
1.38764
1.38755
1.38744
1.38734
1.38724
1.38713
1.38702
1.3869
1.38679
1.38667
1.38654
1.38642
1.38629
1.38616
1.38603
1.3859
1.38576
1.38562
1.38548
1.38533
1.38518
1.38503
1.38488
1.38472
1.38456
1.3844
1.38424
1.38407
1.38391
1.38373
1.38356
1.38338
1.38321
1.38302
1.38284
1.38265
1.38247
1.38228
1.38208
1.38189
1.38169
1.38149
1.38129
1.38108
1.38087
1.38066
1.38045
1.38024
1.38003
1.37981
1.37959
1.37937
1.37914
1.37892
1.37869
1.37846
1.37823
1.378
1.37777
1.37753
1.3773
1.37706
1.37682
1.37658
1.37634
1.3761
1.37586
1.37561
1.37537
1.37512
1.37488
1.37463
1.37438
1.37414
1.37389
1.37364
1.37339
1.37315
1.3729
1.37265
1.3724
1.37215
1.37191
1.37166
1.37141
1.37116
1.37092
1.37067
1.37043
1.37018
1.36994
1.3697
1.36946
1.36922
1.36898
1.36874
1.3685
1.36826
1.36803
1.36779
1.36756
1.36733
1.36709
1.36686
1.36663
1.3664
1.36617
1.36595
1.36572
1.36549
1.36527
1.36504
1.36482
1.36459
1.36437
1.36415
1.36392
1.3637
1.36348
1.36325
1.36303
1.36281
1.36258
1.36236
1.36213
1.36191
1.36168
1.36145
1.36123
1.361
1.36077
1.36054
1.3603
1.36007
1.35984
1.3596
1.35936
1.35913
1.35889
1.35865
1.35841
1.35816
1.35792
1.35768
1.35743
1.35719
1.35694
1.3567
1.35645
1.35621
1.35596
1.35572
1.35548
1.35524
1.355
1.35476
1.35453
1.3543
1.35407
1.35385
1.35363
1.35341
1.3532
1.35299
1.3528
1.3526
1.35242
1.35224
1.35207
1.35191
1.35176
1.35161
1.35148
1.35136
1.35125
1.35114
1.35105
1.35098
1.35091
1.35085
1.35081
1.35078
1.35077
1.35077
1.35078
1.3508
1.35084
1.35089
1.35095
1.35103
1.35111
1.35122
1.35133
1.35145
1.35159
1.35174
1.3519
1.35206
1.35224
1.35243
1.35262
1.35283
1.35303
1.35325
1.35347
1.3537
1.35393
1.35416
1.35439
1.35463
1.35486
1.3551
1.35533
1.35556
1.35579
1.35602
1.35624
1.35645
1.35666
1.35686
1.35705
1.35723
1.3574
1.35756
1.35771
1.35785
1.35797
1.35808
1.35818
1.35826
1.35833
1.35838
1.35842
1.35844
1.35844
1.35842
1.35839
1.35834
1.35827
1.35818
1.35808
1.35795
1.35781
1.35765
1.35747
1.35728
1.35706
1.35683
1.35659
1.35633
1.35605
1.35576
1.35545
1.35513
1.3548
1.35445
1.3541
1.35373
1.35336
1.35298
1.35259
1.3522
1.3518
1.3514
1.351
1.35061
1.35021
1.34982
1.34943
1.34905
1.34867
1.34831
1.34796
1.34762
1.34729
1.34698
1.34669
1.34642
1.34617
1.34593
1.34572
1.34554
1.34538
1.34524
1.34514
1.34506
1.345
1.34498
1.34498
1.34502
1.34508
1.34518
1.3453
1.34545
1.34563
1.34584
1.34608
1.34635
1.34664
1.34696
1.3473
1.34767
1.34806
1.34848
1.34891
1.34937
1.34984
1.35033
1.35083
1.35135
1.35189
1.35243
1.35299
1.35355
1.35412
1.3547
1.35528
1.35587
1.35646
1.35705
1.35764
1.35823
1.35881
1.3594
1.35998
1.36056
1.36113
1.36169
1.36225
1.36279
1.36333
1.36387
1.36439
1.3649
1.3654
1.36589
1.36637
1.36684
1.3673
1.36774
1.36818
1.3686
1.36901
1.36941
1.36979
1.37017
1.37053
1.37088
1.37122
1.37155
1.37186
1.37217
1.37246
1.37274
1.37301
1.37328
1.37353
1.37377
1.374
1.37422
1.37443
1.37463
1.37483
1.37501
1.37519
1.37536
1.37552
1.37567
1.37582
1.37596
1.37609
1.37621
1.37633
1.37645
1.37655
1.37665
1.37675
1.37684
1.37693
1.37701
1.37709
1.37716
1.37723
1.37729
1.37735
1.37741
1.37747
1.37752
1.37757
1.37761
1.37765
1.3777
1.37773
1.37777
1.37781
1.37784
1.37787
1.3779
1.37793
1.37796
1.37798
1.37801
1.37803
1.37805
1.37808
1.3781
1.37812
1.37814
1.37816
1.37818
1.3782
1.37822
1.37824
1.37826
1.37828
1.3783
1.37832
1.37835
1.37837
1.37839
1.37841
1.37843
1.37845
1.37847
1.3785
1.37852
1.37854
1.37857
1.37859
1.37862
1.37864
1.37867
1.37869
1.37872
1.37874
1.37877
1.37879
1.37882
1.37885
1.37887
1.3789
1.37893
1.37895
1.37898
1.379
1.37903
1.37905
1.37907
1.37909
1.37912
1.37914
1.37915
1.37917
1.37919
1.3792
1.37922
1.37923
1.37923
1.37924
1.37924
1.37925
1.37924
1.37924
1.37923
1.37922
1.3792
1.37918
1.37916
1.37913
1.3791
1.37906
1.37902
1.37897
1.37891
1.37885
1.37878
1.37871
1.37862
1.37853
1.37844
1.37833
1.37821
1.37809
1.37796
1.37781
1.37766
1.37749
1.37732
1.37713
1.37693
1.37672
1.37649
1.37626
1.376
1.37574
1.37546
1.37516
1.37485
1.37452
1.37418
1.37381
1.37344
1.37304
1.37262
1.37219
1.37174
1.37127
1.37078
1.37027
1.36974
1.36919
1.36862
1.36803
1.36742
1.36679
1.36614
1.36547
1.36478
1.36407
1.36334
1.36259
1.36183
1.36104
1.36025
1.35943
1.3586
1.35776
1.35691
1.35604
1.35517
1.35428
1.35339
1.3525
1.3516
1.35071
1.34981
1.34892
1.34804
1.34716
1.34629
1.34544
1.34461
1.34379
1.34299
1.34222
1.34147
1.34076
1.34007
1.33942
1.3388
1.33823
1.33769
1.3372
1.33676
1.33636
1.336
1.3357
1.33545
1.33525
1.3351
1.33501
1.33497
1.33498
1.33505
1.33516
1.33533
1.33555
1.33582
1.33614
1.33651
1.33692
1.33737
1.33787
1.3384
1.33898
1.33958
1.34022
1.3409
1.3416
1.34232
1.34307
1.34384
1.34462
1.34543
1.34625
1.34707
1.34791
1.34876
1.34961
1.35046
1.35132
1.35218
1.35303
1.35388
1.35473
1.35557
1.35641
1.35724
1.35806
1.35887
1.35967
1.36046
1.36124
1.36201
1.36276
1.36351
1.36424
1.36496
1.36566
1.36635
1.36703
1.3677
1.36835
1.369
1.36962
1.37024
1.37084
1.37144
1.37202
1.37259
1.37314
1.37369
1.37423
1.37475
1.37527
1.37577
1.37626
1.37675
1.37723
1.37769
1.37815
1.3786
1.37904
1.37947
1.3799
1.38031
1.38072
1.38113
1.38152
1.38191
1.38229
1.38266
1.38303
1.38339
1.38374
1.38409
1.38443
1.38477
1.3851
1.38542
1.38574
1.38605
1.38635
1.38665
1.38694
1.38723
1.38751
1.38779
1.38806
1.38833
1.38859
1.38884
1.38909
1.38933
1.38957
1.3898
1.39003
1.39025
1.39046
1.39067
1.39088
1.39108
1.39127
1.39146
1.39164
1.39182
1.39199
1.39216
1.39232
1.39248
1.39263
1.39277
1.39291
1.39305
1.39318
1.39331
1.39343
1.39354
1.39365
1.39376
1.39386
1.39396
1.39405
1.39413
1.39422
1.39429
1.39437
1.39443
1.3945
1.39456
1.39461
1.39466
1.39471
1.39475
1.39479
1.39482
1.39485
1.39488
1.3949
1.39492
1.39493
1.39495
1.39495
1.39496
1.39496
1.39496
1.39495
1.39494
1.39493
1.39492
1.3949
1.39488
1.39486
1.39483
1.39481
1.39478
1.39474
1.39471
1.39467
1.39463
1.39459
1.39455
1.3945
1.39446
1.39441
1.39436
1.39431
1.39425
1.3942
1.39414
1.39408
1.39403
1.39397
1.3939
1.39384
1.39378
1.39371
1.39365
1.39358
1.39351
1.39344
1.39337
1.3933
1.39323
1.39316
1.39309
1.39301
1.39294
1.39286
1.39279
1.39271
1.39263
1.39255
1.39247
1.39239
1.39231
1.39223
1.39215
1.39207
1.39198
1.3919
1.39181
1.39173
1.39164
1.39156
1.39147
1.39138
1.39129
1.3912
1.39111
1.39102
1.39093
1.39083
1.39074
1.39065
1.39055
1.39046
1.39036
1.39027
1.39017
1.39007
1.38998
1.38988
1.38978
1.38969
1.38959
1.38949
1.3894
1.3893
1.38921
1.38911
1.38901
1.38892
1.38883
1.38874
1.38864
1.38855
1.38846
1.38838
1.38829
1.38821
1.38813
1.38805
1.38797
1.38789
1.38782
1.38775
1.38768
1.38762
1.38755
1.3875
1.38744
1.38739
1.38734
1.3873
1.38725
1.38722
1.38718
1.38716
1.38713
1.38711
1.38709
1.38708
1.38707
1.38707
1.38707
1.38708
1.38709
1.38711
1.38713
1.38715
1.38718
1.38722
1.38725
1.3873
1.38735
1.3874
1.38745
1.38752
1.38758
1.38765
1.38772
1.3878
1.38788
1.38797
1.38806
1.38815
1.38824
1.38834
1.38844
1.38855
1.38866
1.38877
1.38888
1.389
1.38911
1.38923
1.38936
1.38948
1.38961
1.38974
1.38986
1.39
1.39013
1.39026
1.39039
1.39053
1.39067
1.3908
1.39094
1.39108
1.39122
1.39136
1.3915
1.39164
1.39178
1.39192
1.39206
1.3922
1.39234
1.39248
1.39262
1.39277
1.39291
1.39305
1.39319
1.39333
1.39348
1.39362
1.39376
1.3939
1.39405
1.39419
1.39433
1.39448
1.39462
1.39477
1.39491
1.39506
1.3952
1.39535
1.39549
1.39564
1.39579
1.39594
1.39609
1.39624
1.39639
1.39654
1.39669
1.39685
1.397
1.39716
1.39731
1.39747
1.39763
1.39778
1.39794
1.3981
1.39826
1.39842
1.39859
1.39875
1.39891
1.39908
1.39924
1.39941
1.39957
1.39974
1.3999
1.40007
1.40024
1.4004
1.40057
1.40074
1.40091
1.40107
1.40124
1.4014
1.40157
1.40174
1.4019
1.40206
1.40223
1.40239
1.40255
1.40271
1.40287
1.40303
1.40319
1.40334
1.4035
1.40365
1.4038
1.40395
1.4041
1.40425
1.40439
1.40454
1.40468
1.40482
1.40496
1.40509
1.40523
1.40536
1.40549
1.40561
1.40574
1.40586
1.40598
1.4061
1.40622
1.40634
1.40645
1.40656
1.40667
1.40678
1.40688
1.40698
1.40708
1.40718
1.40728
1.40738
1.40747
1.40757
1.40766
1.40775
1.40784
1.40793
1.40801
1.4081
1.40818
1.40827
1.40835
1.40843
1.40852
1.4086
1.40868
1.40876
1.40884
1.40892
1.40901
1.40909
1.40917
1.40926
1.40934
1.40942
1.40951
1.4096
1.40969
1.40978
1.40987
1.40996
1.41005
1.41015
1.41025
1.41035
1.41045
1.41056
1.41066
1.41077
1.41088
1.411
1.41112
1.41124
1.41136
1.41148
1.41161
1.41174
1.41188
1.41202
1.41216
1.4123
1.41245
1.4126
1.41275
1.41291
1.41307
1.41323
1.4134
1.41356
1.41374
1.41391
1.41409
1.41427
1.41445
1.41464
1.41483
1.41502
1.41521
1.41541
1.41561
1.41581
1.41601
1.41622
1.41643
1.41663
1.41684
1.41706
1.41727
1.41748
1.4177
1.41792
1.41813
1.41835
1.41857
1.41879
1.41901
1.41922
1.41944
1.41966
1.41988
1.4201
1.42031
1.42053
1.42074
1.42096
1.42117
1.42138
1.42159
1.42179
1.422
1.4222
1.4224
1.4226
1.4228
1.42299
1.42318
1.42337
1.42355
1.42373
1.42391
1.42409
1.42426
1.42443
1.42459
1.42476
1.42491
1.42507
1.42522
1.42536
1.42551
1.42564
1.42578
1.42591
1.42603
1.42615
1.42627
1.42638
1.42649
1.4266
1.4267
1.42679
1.42689
1.42697
1.42706
1.42713
1.42721
1.42728
1.42734
1.42741
1.42746
1.42752
1.42757
1.42761
1.42765
1.42769
1.42772
1.42775
1.42777
1.4278
1.42781
1.42783
1.42783
1.42784
1.42784
1.42784
1.42784
1.42783
1.42782
1.4278
1.42778
1.42776
1.42774
1.42771
1.42768
1.42764
1.4276
1.42756
1.42752
1.42747
1.42743
1.42737
1.42732
1.42726
1.4272
1.42714
1.42707
1.42701
1.42694
1.42686
1.42679
1.42671
1.42663
1.42655
1.42646
1.42637
1.42628
1.42619
1.4261
1.426
1.4259
1.4258
1.42569
1.42559
1.42548
1.42537
1.42525
1.42514
1.42502
1.4249
1.42478
1.42465
1.42453
1.4244
1.42427
1.42413
1.424
1.42386
1.42372
1.42358
1.42343
1.42329
1.42314
1.42299
1.42284
1.42269
1.42253
1.42237
1.42221
1.42205
1.42189
1.42173
1.42156
1.42139
1.42122
1.42106
1.42088
1.42071
1.42054
1.42037
1.42019
1.42001
1.41984
1.41966
1.41948
1.41931
1.41913
1.41895
1.41877
1.4186
1.41842
1.41824
1.41807
1.41789
1.41772
1.41754
1.41737
1.4172
1.41703
1.41686
1.41669
1.41652
1.41636
1.4162
1.41604
1.41588
1.41573
1.41557
1.41542
1.41527
1.41513
1.41499
1.41484
1.41471
1.41457
1.41444
1.41431
1.41419
1.41407
1.41395
1.41383
1.41372
1.41361
1.41351
1.4134
1.41331
1.41321
1.41312
1.41303
1.41294
1.41286
1.41278
1.4127
1.41262
1.41255
1.41248
1.41242
1.41235
1.41229
1.41223
1.41218
1.41212
1.41207
1.41202
1.41197
1.41193
1.41188
1.41184
1.4118
1.41176
1.41172
1.41168
1.41165
1.41161
1.41158
1.41154
1.41151
1.41148
1.41145
1.41142
1.41138
1.41135
1.41133
1.4113
1.41127
1.41124
1.41121
1.41118
1.41116
1.41113
1.4111
1.41108
1.41105
1.41103
1.41101
1.41098
1.41096
1.41094
1.41092
1.4109
1.41089
1.41087
1.41086
1.41085
1.41084
1.41083
1.41082
1.41082
1.41082
1.41082
1.41083
1.41084
1.41085
1.41087
1.41089
1.41092
1.41094
1.41098
1.41102
1.41106
1.41111
1.41116
1.41122
1.41128
1.41135
1.41143
1.41151
1.41159
1.41169
1.41179
1.41189
1.412
1.41212
1.41225
1.41238
1.41252
1.41266
1.41281
1.41297
1.41313
1.4133
1.41347
1.41365
1.41384
1.41403
1.41423
1.41444
1.41464
1.41486
1.41508
1.4153
1.41553
1.41576
1.41599
1.41623
1.41647
1.41671
1.41696
1.41721
1.41746
1.41771
1.41797
1.41822
1.41848
1.41874
1.41899
1.41925
1.41951
1.41976
1.42001
1.42027
1.42052
1.42077
1.42101
1.42126
1.4215
1.42174
1.42197
1.4222
1.42243
1.42265
1.42287
1.42308
1.42329
1.4235
1.4237
1.42389
1.42408
1.42427
1.42444
1.42462
1.42479
1.42495
1.4251
1.42525
1.4254
1.42554
1.42567
1.42579
1.42591
1.42603
1.42614
1.42624
1.42634
1.42643
1.42651
1.42659
1.42667
1.42674
1.4268
1.42686
1.42691
1.42696
1.427
1.42704
1.42707
1.4271
1.42713
1.42715
1.42716
1.42717
1.42718
1.42718
1.42718
1.42718
1.42718
1.42717
1.42715
1.42714
1.42712
1.4271
1.42707
1.42705
1.42702
1.42699
1.42696
1.42692
1.42688
1.42685
1.42681
1.42677
1.42673
1.42668
1.42664
1.42659
1.42655
1.4265
1.42645
1.4264
1.42635
1.4263
1.42625
1.4262
1.42615
1.4261
1.42605
1.426
1.42595
1.4259
1.42584
1.42579
1.42574
1.42569
1.42563
1.42558
1.42553
1.42548
1.42542
1.42537
1.42532
1.42526
1.42521
1.42516
1.42511
1.42505
1.425
1.42495
1.42489
1.42484
1.42478
1.42473
1.42467
1.42462
1.42456
1.42451
1.42445
1.4244
1.42434
1.42428
1.42422
1.42417
1.42411
1.42405
1.42399
1.42393
1.42387
1.42381
1.42374
1.42368
1.42362
1.42356
1.42349
1.42343
1.42337
1.4233
1.42323
1.42317
1.4231
1.42304
1.42297
1.4229
1.42283
1.42277
1.4227
1.42263
1.42256
1.42249
1.42243
1.42236
1.42229
1.42222
1.42215
1.42209
1.42202
1.42195
1.42188
1.42182
1.42175
1.42169
1.42162
1.42156
1.4215
1.42143
1.42137
1.42131
1.42125
1.42119
1.42114
1.42108
1.42102
1.42097
1.42092
1.42087
1.42082
1.42077
1.42072
1.42067
1.42063
1.42059
1.42055
1.42051
1.42047
1.42043
1.4204
1.42036
1.42033
1.4203
1.42027
1.42024
1.42022
1.42019
1.42017
1.42015
1.42013
1.42011
1.42009
1.42007
1.42006
1.42004
1.42003
1.42002
1.42
1.41999
1.41998
1.41997
1.41996
1.41995
1.41994
1.41993
1.41992
1.41991
1.4199
1.41989
1.41988
1.41986
1.41985
1.41983
1.41982
1.4198
1.41978
1.41976
1.41973
1.41971
1.41968
1.41965
1.41962
1.41958
1.41954
1.4195
1.41945
1.4194
1.41935
1.41929
1.41923
1.41916
1.41909
1.41902
1.41894
1.41885
1.41877
1.41867
1.41857
1.41847
1.41836
1.41824
1.41812
1.41799
1.41786
1.41772
1.41757
1.41742
1.41726
1.4171
1.41693
1.41676
1.41658
1.41639
1.4162
1.416
1.4158
1.41559
1.41538
1.41516
1.41493
1.41471
1.41447
1.41424
1.41399
1.41375
1.4135
1.41325
1.41299
1.41274
1.41248
1.41222
1.41196
1.41169
1.41143
1.41117
1.41091
1.41065
1.41039
1.41013
1.40987
1.40962
1.40937
1.40913
1.40888
1.40865
1.40842
1.4082
1.40798
1.40777
1.40757
1.40737
1.40719
1.40701
1.40685
1.40669
1.40654
1.40641
1.40629
1.40617
1.40607
1.40598
1.40591
1.40584
1.40579
1.40575
1.40573
1.40572
1.40572
1.40573
1.40576
1.4058
1.40586
1.40592
1.406
1.4061
1.4062
1.40632
1.40645
1.40659
1.40674
1.4069
1.40708
1.40726
1.40746
1.40766
1.40787
1.40809
1.40832
1.40855
1.40879
1.40904
1.4093
1.40956
1.40982
1.41009
1.41036
1.41064
1.41092
1.4112
1.41148
1.41176
1.41205
1.41233
1.41262
1.4129
1.41319
1.41347
1.41375
1.41403
1.41431
1.41458
1.41485
1.41511
1.41538
1.41564
1.41589
1.41614
1.41639
1.41663
1.41686
1.41709
1.41731
1.41753
1.41774
1.41795
1.41815
1.41835
1.41853
1.41871
1.41889
1.41906
1.41922
1.41938
1.41953
1.41967
1.41981
1.41994
1.42006
1.42018
1.42029
1.42039
1.42049
1.42059
1.42067
1.42075
1.42083
1.4209
1.42096
1.42102
1.42107
1.42112
1.42116
1.42119
1.42122
1.42125
1.42127
1.42129
1.4213
1.4213
1.42131
1.42131
1.4213
1.42129
1.42128
1.42126
1.42124
1.42121
1.42119
1.42116
1.42112
1.42108
1.42104
1.421
1.42096
1.42091
1.42086
1.4208
1.42075
1.42069
1.42063
1.42057
1.42051
1.42045
1.42038
1.42031
1.42024
1.42017
1.4201
1.42003
1.41996
1.41988
1.41981
1.41973
1.41965
1.41958
1.4195
1.41942
1.41934
1.41926
1.41918
1.4191
1.41902
1.41894
1.41886
1.41878
1.41869
1.41861
1.41853
1.41845
1.41837
1.41828
1.4182
1.41812
1.41804
1.41795
1.41787
1.41779
1.41771
1.41762
1.41754
1.41746
1.41738
1.41729
1.41721
1.41713
1.41704
1.41696
1.41688
1.41679
1.41671
1.41662
1.41654
1.41645
1.41637
1.41628
1.4162
1.41611
1.41602
1.41594
1.41585
1.41576
1.41567
1.41558
1.4155
1.4154
1.41531
1.41522
1.41513
1.41504
1.41495
1.41485
1.41476
1.41466
1.41457
1.41447
1.41437
1.41427
1.41418
1.41408
1.41398
1.41387
1.41377
1.41367
1.41357
1.41346
1.41336
1.41325
1.41315
1.41304
1.41293
1.41282
1.41271
1.4126
1.41249
1.41238
1.41227
1.41215
1.41204
1.41193
1.41181
1.4117
1.41158
1.41147
1.41135
1.41123
1.41111
1.411
1.41088
1.41076
1.41064
1.41052
1.4104
1.41028
1.41016
1.41004
1.40992
1.4098
1.40968
1.40956
1.40944
1.40933
1.40921
1.40909
1.40897
1.40885
1.40873
1.40861
1.4085
1.40838
1.40826
1.40815
1.40803
1.40792
1.4078
1.40769
1.40758
1.40747
1.40736
1.40725
1.40714
1.40703
1.40693
1.40682
1.40672
1.40662
1.40652
1.40642
1.40632
1.40622
1.40613
1.40604
1.40595
1.40586
1.40577
1.40568
1.4056
1.40552
1.40544
1.40536
1.40528
1.40521
1.40514
1.40507
1.405
1.40494
1.40488
1.40482
1.40476
1.40471
1.40465
1.4046
1.40456
1.40451
1.40447
1.40443
1.40439
1.40436
1.40433
1.4043
1.40428
1.40425
1.40423
1.40422
1.4042
1.40419
1.40418
1.40417
1.40417
1.40417
1.40417
1.40418
1.40419
1.4042
1.40421
1.40422
1.40424
1.40426
1.40429
1.40431
1.40434
1.40437
1.4044
1.40444
1.40448
1.40452
1.40456
1.40461
1.40465
1.4047
1.40475
1.4048
1.40486
1.40491
1.40497
1.40503
1.40509
1.40516
1.40522
1.40529
1.40535
1.40542
1.40549
1.40556
1.40563
1.4057
1.40578
1.40585
1.40592
1.406
1.40608
1.40615
1.40623
1.4063
1.40638
1.40646
1.40653
1.40661
1.40669
1.40676
1.40684
1.40692
1.40699
1.40707
1.40714
1.40721
1.40729
1.40736
1.40743
1.4075
1.40756
1.40763
1.40769
1.40776
1.40782
1.40788
1.40793
1.40799
1.40804
1.40809
1.40814
1.40819
1.40823
1.40827
1.4083
1.40834
1.40837
1.40839
1.40841
1.40843
1.40844
1.40845
1.40846
1.40846
1.40845
1.40844
1.40843
1.4084
1.40837
1.40834
1.4083
1.40825
1.40819
1.40813
1.40806
1.40798
1.40789
1.40779
1.40768
1.40756
1.40744
1.4073
1.40715
1.40699
1.40681
1.40663
1.40643
1.40621
1.40599
1.40575
1.40549
1.40522
1.40493
1.40462
1.4043
1.40396
1.4036
1.40323
1.40283
1.40241
1.40198
1.40152
1.40104
1.40054
1.40002
1.39948
1.39891
1.39833
1.39772
1.39708
1.39643
1.39575
1.39504
1.39432
1.39357
1.39281
1.39202
1.39121
1.39038
1.38953
1.38866
1.38778
1.38689
1.38598
1.38506
1.38412
1.38319
1.38224
1.38129
1.38035
1.3794
1.37846
1.37753
1.3766
1.3757
1.37481
1.37394
1.37309
1.37228
1.37149
1.37074
1.37003
1.36936
1.36874
1.36816
1.36764
1.36717
1.36676
1.36641
1.36612
1.3659
1.36574
1.36564
1.36562
1.36566
1.36578
1.36596
1.36621
1.36653
1.36692
1.36737
1.36788
1.36846
1.36909
1.36979
1.37053
1.37133
1.37218
1.37306
1.374
1.37496
1.37597
1.377
1.37806
1.37914
1.38024
1.38136
1.38249
1.38362
1.38477
1.38592
1.38706
1.38821
1.38935
1.39048
1.3916
1.39271
1.3938
1.39488
1.39594
1.39698
1.39799
1.39899
1.39997
1.40092
1.40185
1.40275
1.40363
1.40448
1.4053
1.4061
1.40688
1.40762
1.40834
1.40904
1.40971
1.41035
1.41097
1.41157
1.41214
1.41269
1.41321
1.41371
1.41419
1.41464
1.41508
1.41549
1.41589
1.41626
1.41662
1.41695
1.41727
1.41758
1.41786
1.41813
1.41838
1.41862
1.41884
1.41905
1.41924
1.41942
1.41959
1.41975
1.41989
1.42002
1.42014
1.42025
1.42035
1.42043
1.42051
1.42058
1.42064
1.42069
1.42073
1.42076
1.42079
1.4208
1.42081
1.42081
1.4208
1.42079
1.42077
1.42074
1.4207
1.42066
1.42061
1.42056
1.4205
1.42043
1.42036
1.42028
1.42019
1.4201
1.42
1.4199
1.41979
1.41968
1.41956
1.41944
1.41931
1.41917
1.41903
1.41889
1.41874
1.41858
1.41842
1.41826
1.41809
1.41791
1.41773
1.41755
1.41736
1.41717
1.41697
1.41677
1.41656
1.41635
1.41613
1.41591
1.41568
1.41545
1.41522
1.41498
1.41474
1.41449
1.41424
1.41398
1.41373
1.41346
1.4132
1.41293
1.41265
1.41238
1.4121
1.41181
1.41152
1.41123
1.41094
1.41064
1.41034
1.41004
1.40974
1.40943
1.40912
1.40881
1.4085
1.40818
1.40786
1.40754
1.40722
1.4069
1.40658
1.40625
1.40593
1.4056
1.40527
1.40495
1.40462
1.40429
1.40396
1.40364
1.40331
1.40298
1.40266
1.40233
1.40201
1.40169
1.40137
1.40105
1.40074
1.40042
1.40011
1.3998
1.3995
1.3992
1.3989
1.3986
1.39831
1.39802
1.39774
1.39746
1.39719
1.39692
1.39666
1.3964
1.39615
1.3959
1.39566
1.39542
1.3952
1.39498
1.39476
1.39456
1.39436
1.39416
1.39398
1.3938
1.39363
1.39347
1.39332
1.39318
1.39304
1.39292
1.3928
1.39269
1.39259
1.3925
1.39242
1.39234
1.39228
1.39223
1.39218
1.39214
1.39212
1.3921
1.39209
1.39209
1.3921
1.39212
1.39214
1.39218
1.39222
1.39227
1.39233
1.3924
1.39248
1.39256
1.39265
1.39275
1.39286
1.39297
1.39309
1.39322
1.39335
1.39349
1.39363
1.39378
1.39393
1.39409
1.39425
1.39442
1.39459
1.39477
1.39495
1.39513
1.39531
1.3955
1.39569
1.39588
1.39607
1.39627
1.39646
1.39666
1.39686
1.39706
1.39725
1.39745
1.39765
1.39785
1.39804
1.39824
1.39843
1.39863
1.39882
1.39901
1.3992
1.39939
1.39957
1.39976
1.39994
1.40012
1.4003
1.40047
1.40064
1.40081
1.40098
1.40114
1.4013
1.40146
1.40161
1.40177
1.40192
1.40206
1.40221
1.40235
1.40249
1.40262
1.40276
1.40289
1.40301
1.40314
1.40326
1.40338
1.4035
1.40361
1.40372
1.40383
1.40394
1.40404
1.40415
1.40425
1.40434
1.40444
1.40453
1.40462
1.40471
1.4048
1.40489
1.40497
1.40506
1.40514
1.40522
1.40529
1.40537
1.40544
1.40551
1.40559
1.40565
1.40572
1.40579
1.40585
1.40592
1.40598
1.40604
1.4061
1.40615
1.40621
1.40626
1.40631
1.40636
1.40641
1.40646
1.40651
1.40655
1.40659
1.40663
1.40667
1.40671
1.40674
1.40677
1.4068
1.40683
1.40686
1.40689
1.40691
1.40693
1.40695
1.40697
1.40698
1.40699
1.407
1.40701
1.40702
1.40702
1.40702
1.40702
1.40702
1.40702
1.40701
1.407
1.40699
1.40698
1.40697
1.40695
1.40694
1.40692
1.4069
1.40687
1.40685
1.40682
1.4068
1.40677
1.40674
1.40671
1.40668
1.40665
1.40662
1.40658
1.40655
1.40651
1.40648
1.40644
1.40641
1.40637
1.40634
1.4063
1.40626
1.40623
1.4062
1.40616
1.40613
1.40609
1.40606
1.40603
1.406
1.40597
1.40594
1.40592
1.40589
1.40586
1.40584
1.40582
1.4058
1.40578
1.40576
1.40574
1.40572
1.40571
1.40569
1.40568
1.40567
1.40565
1.40564
1.40563
1.40562
1.40562
1.40561
1.4056
1.40559
1.40558
1.40558
1.40557
1.40556
1.40555
1.40554
1.40553
1.40552
1.4055
1.40549
1.40547
1.40546
1.40544
1.40541
1.40539
1.40536
1.40533
1.4053
1.40527
1.40523
1.40518
1.40514
1.40509
1.40504
1.40498
1.40492
1.40485
1.40478
1.40471
1.40463
1.40455
1.40446
1.40437
1.40427
1.40417
1.40407
1.40396
1.40384
1.40372
1.4036
1.40347
1.40334
1.4032
1.40306
1.40292
1.40277
1.40262
1.40247
1.40231
1.40215
1.40199
1.40183
1.40166
1.4015
1.40133
1.40116
1.40099
1.40082
1.40065
1.40048
1.40031
1.40015
1.39999
1.39982
1.39966
1.39951
1.39936
1.39921
1.39906
1.39892
1.39879
1.39866
1.39854
1.39842
1.39832
1.39821
1.39812
1.39803
1.39795
1.39788
1.39782
1.39777
1.39772
1.39769
1.39766
1.39765
1.39764
1.39764
1.39766
1.39768
1.39771
1.39776
1.39781
1.39787
1.39794
1.39802
1.39811
1.39821
1.39832
1.39844
1.39856
1.39869
1.39884
1.39898
1.39914
1.3993
1.39947
1.39964
1.39982
1.40001
1.4002
1.40039
1.40059
1.40079
1.40099
1.4012
1.40141
1.40161
1.40183
1.40204
1.40225
1.40246
1.40267
1.40287
1.40308
1.40329
1.40349
1.40369
1.40388
1.40407
1.40426
1.40444
1.40462
1.40479
1.40496
1.40512
1.40527
1.40542
1.40556
1.40569
1.40582
1.40593
1.40604
1.40614
1.40623
1.40632
1.40639
1.40646
1.40651
1.40656
1.40659
1.40662
1.40663
1.40664
1.40663
1.40662
1.40659
1.40656
1.40651
1.40645
1.40638
1.4063
1.40621
1.40611
1.40599
1.40587
1.40573
1.40559
1.40543
1.40526
1.40508
1.40489
1.40469
1.40448
1.40425
1.40402
1.40377
1.40352
1.40325
1.40298
1.40269
1.4024
1.40209
1.40178
1.40145
1.40112
1.40078
1.40043
1.40008
1.39971
1.39934
1.39896
1.39858
1.39818
1.39779
1.39738
1.39698
1.39657
1.39615
1.39573
1.39531
1.39489
1.39447
1.39404
1.39362
1.3932
1.39277
1.39235
1.39194
1.39152
1.39111
1.39071
1.39031
1.38992
1.38954
1.38916
1.3888
1.38844
1.3881
1.38777
1.38745
1.38714
1.38685
1.38657
1.38631
1.38606
1.38583
1.38562
1.38543
1.38525
1.3851
1.38496
1.38485
1.38475
1.38468
1.38463
1.3846
1.38459
1.3846
1.38464
1.38469
1.38477
1.38487
1.385
1.38514
1.38531
1.38549
1.3857
1.38593
1.38617
1.38644
1.38672
1.38703
1.38735
1.38768
1.38803
1.3884
1.38878
1.38918
1.38958
1.39
1.39043
1.39087
1.39132
1.39178
1.39224
1.39271
1.39319
1.39367
1.39416
1.39464
1.39513
1.39563
1.39612
1.39661
1.3971
1.39759
1.39808
1.39856
1.39904
1.39952
1.39999
1.40046
1.40092
1.40137
1.40182
1.40226
1.40269
1.40312
1.40353
1.40394
1.40434
1.40472
1.4051
1.40547
1.40583
1.40618
1.40652
1.40685
1.40717
1.40748
1.40778
1.40807
1.40835
1.40862
1.40887
1.40912
1.40936
1.40959
1.4098
1.41001
1.41021
1.4104
1.41058
1.41075
1.41091
1.41106
1.41121
1.41134
1.41147
1.41159
1.4117
1.4118
1.4119
1.41199
1.41208
1.41215
1.41223
1.41229
1.41235
1.41241
1.41246
1.4125
1.41254
1.41258
1.41261
1.41264
1.41267
1.41269
1.41271
1.41273
1.41274
1.41276
1.41277
1.41278
1.41279
1.4128
1.41281
1.41282
1.41283
1.41284
1.41285
1.41286
1.41287
1.41288
1.41289
1.41291
1.41292
1.41294
1.41296
1.41299
1.41301
1.41304
1.41307
1.41311
1.41314
1.41318
1.41323
1.41327
1.41332
1.41338
1.41343
1.41349
1.41356
1.41363
1.4137
1.41377
1.41385
1.41393
1.41402
1.41411
1.4142
1.4143
1.4144
1.4145
1.41461
1.41472
1.41483
1.41495
1.41507
1.41519
1.41531
1.41544
1.41557
1.4157
1.41583
1.41596
1.4161
1.41624
1.41637
1.41651
1.41665
1.41679
1.41693
1.41708
1.41722
1.41736
1.4175
1.41764
1.41777
1.41791
1.41805
1.41818
1.41831
1.41844
1.41857
1.41869
1.41881
1.41893
1.41905
1.41916
1.41927
1.41937
1.41947
1.41957
1.41966
1.41974
1.41982
1.4199
1.41997
1.42003
1.42009
1.42014
1.42019
1.42023
1.42026
1.42029
1.42031
1.42032
1.42032
1.42032
1.42031
1.42029
1.42026
1.42022
1.42018
1.42012
1.42006
1.41999
1.41991
1.41982
1.41973
1.41962
1.4195
1.41937
1.41924
1.41909
1.41893
1.41877
1.41859
1.4184
1.4182
1.41799
1.41777
1.41755
1.41731
1.41705
1.41679
1.41652
1.41624
1.41594
1.41564
1.41532
1.41499
1.41466
1.41431
1.41395
1.41358
1.4132
1.41281
1.4124
1.41199
1.41157
1.41114
1.41069
1.41024
1.40978
1.4093
1.40882
1.40833
1.40783
1.40732
1.4068
1.40628
1.40574
1.4052
1.40465
1.4041
1.40354
1.40297
1.40239
1.40181
1.40122
1.40063
1.40004
1.39944
1.39883
1.39823
1.39762
1.39701
1.3964
1.39579
1.39517
1.39456
1.39395
1.39334
1.39273
1.39212
1.39152
1.39092
1.39032
1.38973
1.38915
1.38857
1.38799
1.38743
1.38687
1.38632
1.38578
1.38525
1.38473
1.38422
1.38372
1.38324
1.38276
1.3823
1.38185
1.38142
1.381
1.38059
1.3802
1.37983
1.37947
1.37913
1.3788
1.37849
1.3782
1.37792
1.37766
1.37742
1.3772
1.37699
1.3768
1.37663
1.37648
1.37634
1.37623
1.37613
1.37605
1.37599
1.37594
1.37591
1.3759
1.37591
1.37593
1.37598
1.37603
1.37611
1.3762
1.37631
1.37643
1.37657
1.37672
1.37689
1.37707
1.37727
1.37748
1.37771
1.37795
1.3782
1.37847
1.37874
1.37904
1.37934
1.37966
1.37999
1.38032
1.38068
1.38104
1.38141
1.3818
1.38219
1.38259
1.38301
1.38343
1.38387
1.38431
1.38477
1.38523
1.3857
1.38618
1.38667
1.38716
1.38767
1.38818
1.3887
1.38923
1.38976
1.3903
1.39085
1.3914
1.39196
1.39253
1.3931
1.39368
1.39426
1.39485
1.39544
1.39604
1.39664
1.39724
1.39785
1.39846
1.39907
1.39969
1.4003
1.40092
1.40154
1.40216
1.40278
1.4034
1.40402
1.40464
1.40525
1.40587
1.40648
1.40709
1.4077
1.4083
1.4089
1.4095
1.41009
1.41068
1.41126
1.41184
1.41241
1.41298
1.41353
1.41409
1.41463
1.41517
1.4157
1.41623
1.41674
1.41725
1.41775
1.41825
1.41873
1.4192
1.41967
1.42013
1.42057
1.42101
1.42144
1.42186
1.42227
1.42267
1.42307
1.42345
1.42382
1.42418
1.42454
1.42488
1.42522
1.42554
1.42586
1.42616
1.42646
1.42675
1.42703
