    -5.48278           0
    -5.48244 0.000241949
    -5.47521  0.00590492
    -5.46464   0.0101663
    -5.46177  0.00852918
    -5.46241  0.00713198
    -5.45728  0.00774619
    -5.45861  0.00689206
    -5.45751  0.00621319
    -5.45856  0.00567901
    -5.45966  0.00526861
    -5.46129  0.00507502
     -5.4625  0.00482716
    -5.46299   0.0045069
    -5.46265  0.00421935
    -5.46046  0.00448661
    -5.45895  0.00447088
    -5.45788  0.00434803
    -5.45857  0.00417371
    -5.45909  0.00399731
    -5.46125  0.00435061
    -5.46188  0.00419875
    -5.46108  0.00409157
    -5.46143  0.00393591
    -5.46205  0.00382714
    -5.46243  0.00369896
    -5.46249  0.00356239
    -5.46283  0.00345173
    -5.46345  0.00338672
    -5.46408  0.00333255
    -5.46404  0.00322526
    -5.46381  0.00313299
    -5.46319  0.00309844
    -5.46291  0.00301988
    -5.46228  0.00299946
    -5.46255  0.00292911
    -5.46294  0.00287553
    -5.46324  0.00281469
     -5.4636  0.00276644
    -5.46397  0.00272128
    -5.46334  0.00272536
    -5.46331  0.00266072
     -5.4634  0.00260047
    -5.46264  0.00265097
    -5.46253  0.00259418
     -5.4625  0.00253794
    -5.46267  0.00248936
    -5.46273  0.00243813
    -5.46278  0.00238894
    -5.46299  0.00235051
    -5.46307  0.00230593
    -5.46287  0.00227082
    -5.46273  0.00223215
     -5.4622  0.00225349
    -5.46248  0.00222961
    -5.46251  0.00219001
    -5.46249  0.00215166
    -5.46237  0.00211802
    -5.46254  0.00208895
    -5.46181  0.00217746
    -5.46188  0.00214302
    -5.46157  0.00213117
    -5.46147  0.00209968
    -5.46173  0.00208279
    -5.46155   0.0020583
    -5.46133  0.00203923
    -5.46113  0.00201797
    -5.46074  0.00202742
    -5.46104    0.002021
    -5.46083  0.00200351
    -5.46073  0.00197753
    -5.46101  0.00196973
    -5.46124   0.0019558
    -5.46119  0.00193008
    -5.46135  0.00191109
    -5.46122  0.00188986
    -5.46136  0.00187046
     -5.4615   0.0018515
    -5.46151  0.00182808
     -5.4621  0.00189686
    -5.46261  0.00194198
    -5.46278  0.00192608
    -5.46291   0.0019071
    -5.46333  0.00193031
    -5.46342  0.00190944
    -5.46355  0.00189191
    -5.46322  0.00189932
    -5.46345  0.00189152
    -5.46347  0.00187042
    -5.46349  0.00184975
    -5.46411  0.00192923
    -5.46424  0.00191296
    -5.46415   0.0018947
    -5.46461  0.00193109
    -5.46451  0.00191343
    -5.46468  0.00190083
    -5.46476  0.00188274
    -5.46461  0.00186916
    -5.46462  0.00185029
    -5.46479  0.00183988
    -5.46505  0.00184013
    -5.46477   0.0018436
    -5.46473  0.00182605
    -5.46486  0.00181295
    -5.46468  0.00180466
    -5.46468  0.00178764
    -5.46472  0.00177123
    -5.46498  0.00177447
    -5.46519  0.00177079
    -5.46501  0.00176382
     -5.4651  0.00175028
    -5.46525  0.00174044
    -5.46513  0.00172889
     -5.4652  0.00171519
    -5.46512   0.0017022
    -5.46531  0.00169809
    -5.46534  0.00168375
    -5.46581  0.00173427
    -5.46566  0.00172562
    -5.46575  0.00171332
    -5.46601  0.00171904
    -5.46631  0.00173107
    -5.46687  0.00180638
    -5.46686  0.00179186
    -5.46676  0.00178047
