           0           0           0
           1           0           0
           2           0           0
           3           0           0
           4           0           0
           5           0           0
           6           0           0
           7           0           0
           8           0           0
           9           0           0
          10           0           0
          11           0           0
          12           0           0
          13           0           0
          14           0           0
          15           0           0
          16           0           0
          17           0           0
          18           0           0
          19           0           0
          20           0           0
          21           0           0
          22           0           0
          23           0           0
          24           0           0
          25           0           0
          26           0           0
          27           0           0
          28           0           0
          29           0           0
          30           0           0
          31           0           0
          32           0           0
          33 2.23701e-05 7.06523e-06
          34  0.00133339 5.18526e-05
          35   0.0242712  0.00027026
          36    0.164335 0.000839768
          37    0.563441  0.00167271
          38     1.19847  0.00242981
          39     1.85948  0.00269534
          40     2.33465  0.00262322
          41     2.55436  0.00243079
          42     2.54716   0.0020076
          43     2.40734   0.0019733
          44      2.2015  0.00214626
          45     1.97485  0.00231537
          46     1.75859  0.00210059
          47     1.56018  0.00207257
          48      1.3912  0.00197149
          49     1.24758  0.00187123
          50     1.12675  0.00161022
          51     1.02491  0.00142971
          52    0.944166  0.00136667
          53    0.873802  0.00107537
          54    0.816622  0.00112212
          55    0.774183  0.00103746
          56    0.737265 0.000917488
          57    0.711129  0.00108796
          58    0.689981 0.000939017
          59    0.678073  0.00091968
          60    0.670297  0.00101195
          61    0.669266  0.00101818
          62    0.673976  0.00102725
          63    0.686336  0.00105426
          64    0.700212  0.00102754
          65     0.72243  0.00104901
          66    0.748499 0.000950366
          67    0.778568  0.00105497
          68    0.814069  0.00108585
          69    0.853016  0.00098934
          70    0.894749   0.0010065
          71    0.935634  0.00105883
          72    0.978561 0.000951771
          73     1.01891  0.00100618
          74     1.05924   0.0010635
          75     1.09648  0.00102923
          76     1.13021 0.000952679
          77     1.16146  0.00110807
          78     1.18623 0.000918098
          79     1.20458 0.000944879
          80     1.21418  0.00096094
          81     1.21511 0.000892266
          82     1.20901 0.000947535
          83     1.19436 0.000966402
          84     1.17343 0.000916992
          85     1.15034  0.00105535
          86     1.12241  0.00106164
          87     1.09603  0.00096842
          88      1.0661  0.00105259
          89     1.03944  0.00105068
          90     1.01263 0.000938703
          91    0.988495 0.000994993
          92    0.967677 0.000831444
          93    0.947935 0.000823845
          94    0.932125 0.000803256
          95     0.91926 0.000774014
          96    0.909754 0.000738885
          97    0.895381 0.000763436
          98    0.885701 0.000805268
          99    0.885879 0.000886716
