     1.34346           0
     1.34555  0.00147378
     1.36772   0.0181264
     1.42007   0.0473333
      1.4359    0.040428
     1.42861    0.034342
     1.45654   0.0391852
     1.44695   0.0354417
     1.45176   0.0318289
     1.44635   0.0291036
     1.44168   0.0268294
     1.43331   0.0258671
      1.4222   0.0261549
     1.41634   0.0249328
     1.41582   0.0232761
     1.42587   0.0238926
     1.43394   0.0238111
     1.43915   0.0230514
     1.43409   0.0223876
     1.43225   0.0213436
     1.42258   0.0224116
     1.41817   0.0218227
     1.42011   0.0209601
     1.41794   0.0201985
     1.41417   0.0197399
     1.41104   0.0192274
     1.41234   0.0185597
     1.40953   0.0181092
     1.40764    0.017583
     1.40538   0.0171411
     1.40508   0.0165909
     1.40633   0.0161199
     1.41001   0.0160441
     1.41087   0.0155956
     1.41293   0.0152853
     1.41094   0.0149902
      1.4098   0.0146281
     1.40769   0.0143941
     1.40435   0.0144084
     1.40357   0.0140693
     1.40685   0.0141025
     1.40719   0.0137709
     1.40742   0.0134527
     1.41092   0.0135945
     1.41124    0.013296
     1.41095   0.0130101
     1.40891    0.012891
     1.40859   0.0126265
     1.40853    0.012369
     1.40718   0.0121954
      1.4067   0.0119656
     1.40843   0.0118593
     1.40912   0.0116554
      1.4108   0.0115608
     1.40931   0.0114463
     1.40908   0.0112443
     1.40958   0.0110583
     1.41036   0.0108954
     1.40961   0.0107366
     1.41346   0.0112257
     1.41228   0.0111028
     1.41336   0.0109758
     1.41405   0.0108234
     1.41301   0.0107048
     1.41354   0.0105537
      1.4143   0.0104208
      1.4157   0.0103597
     1.41728   0.0103269
     1.41701   0.0101808
     1.41812   0.0100955
     1.41798  0.00995423
     1.41624  0.00996791
     1.41467  0.00995334
     1.41512  0.00982889
     1.41421  0.00973988
     1.41486  0.00963338
     1.41399  0.00954802
     1.41358  0.00943406
     1.41365  0.00931486
     1.41118  0.00951939
     1.40849  0.00977409
     1.40743  0.00971198
     1.40659  0.00963121
      1.4046  0.00972095
     1.40427   0.0096122
     1.40365   0.0095205
     1.40512  0.00952449
     1.40348  0.00955717
     1.40321  0.00945363
     1.40319  0.00934861
     1.39973  0.00986411
     1.39877  0.00980354
     1.39912  0.00970446
     1.39652  0.00994418
     1.39734  0.00987312
     1.39652  0.00980433
     1.39579  0.00973028
     1.39655  0.00966045
     1.39626  0.00956725
     1.39565  0.00949091
     1.39433  0.00948825
     1.39601  0.00954212
     1.39613  0.00945028
     1.39556  0.00937625
      1.3965  0.00933348
     1.39715  0.00926806
     1.39663  0.00919603
      1.3953  0.00920603
     1.39425  0.00918208
     1.39506  0.00913506
     1.39465  0.00906196
     1.39363  0.00903881
     1.39372  0.00895927
     1.39341  0.00888587
     1.39356  0.00880978
     1.39244  0.00880414
     1.39239  0.00872904
        1.39  0.00897745
      1.3911  0.00896909
     1.39082  0.00889877
      1.3893  0.00895369
      1.3878  0.00900518
     1.38498  0.00936325
     1.38562  0.00930959
      1.3862  0.00925362
