1.6767637 0.0000000
1.5996785 0.0770852
1.5421962 0.0726975
1.5119709 0.0596325
1.4963421 0.0487635
1.4726214 0.0463457
1.4463992 0.0471363
1.4438393 0.0409014
1.4671109 0.0429271
1.4452153 0.0441996
1.4423567 0.0400821
1.4396740 0.0366880
1.4288988 0.0354265
1.4293667 0.0328019
1.4363404 0.0313230
1.4511636 0.0328363
1.4531894 0.0309108
1.4580491 0.0295453
1.4512615 0.0287596
1.4492184 0.0273601
1.4600029 0.0281707
1.4624663 0.0269724
1.4691054 0.0266144
1.4680694 0.0255024
1.4699693 0.0245348
1.4701545 0.0235730
1.4747557 0.0231451
1.4706238 0.0226826
1.4711718 0.0218934
1.4738215 0.0213163
1.4739293 0.0206175
1.4791246 0.0206278
1.4836428 0.0204971
1.4823433 0.0199275
1.4845944 0.0194803
1.4835503 0.0189602
1.4845733 0.0184690
1.4854166 0.0179962
1.4862616 0.0175490
1.4856956 0.0171140
1.4843990 0.0167417
1.4921511 0.0180840
1.4898795 0.0178040
1.4855335 0.0179293
1.4841989 0.0175771
1.4874722 0.0174996
1.4883854 0.0171476
1.4917399 0.0171184
1.4958874 0.0172708
1.4987445 0.0171614
1.4973928 0.0168757
1.4990809 0.0166339
1.4989093 0.0163179
1.4987746 0.0160135
1.4978732 0.0157454
1.4981592 0.0154643
1.4986879 0.0151998
1.4963159 0.0151226
1.4986311 0.0150433
1.4982340 0.0147958
1.4973348 0.0145790
1.4983847 0.0143803
1.4977348 0.0141651
1.4983466 0.0139554
1.4976855 0.0137550
1.4977164 0.0135450
1.4965702 0.0133904
1.4928160 0.0137158
1.4925040 0.0135192
1.4905051 0.0134738
1.4940670 0.0137519
1.4944501 0.0135650
1.4955985 0.0134271
1.4962930 0.0132626
1.4938954 0.0133024
1.4934431 0.0131340
1.4929240 0.0129727
1.4928311 0.0128057
1.4920866 0.0126644
1.4924629 0.0125108
1.4951421 0.0126425
1.4935421 0.0125895
1.4932044 0.0124415
1.4942066 0.0123333
1.4938114 0.0121937
1.4934931 0.0120553
1.4931254 0.0119216
1.4938688 0.0118087
1.4952547 0.0117573
1.4948856 0.0116318
1.4965687 0.0116257
1.4971515 0.0115134
1.4978914 0.0114130
1.4984690 0.0113056
1.4988908 0.0111940
1.5013570 0.0113480
1.5002363 0.0112861
1.4992490 0.0112139
1.4990813 0.0111014
1.4974604 0.0111087
