5.6804002 0.0000000
5.2516323 0.4287679
5.1821821 0.2571069
5.1189310 0.1924908
5.0832363 0.1533158
5.0615857 0.1270403
4.9761482 0.1372137
4.9494817 0.1217859
4.9747855 0.1103455
4.9644939 0.0992311
4.9281861 0.0968232
4.9587620 0.0935263
4.9415108 0.0877442
4.9527220 0.0820053
4.9594733 0.0766408
4.9700892 0.0724726
4.9593168 0.0689232
4.9813508 0.0686154
4.9935915 0.0660479
4.9777776 0.0646233
4.9853964 0.0619394
4.9807885 0.0592364
5.0074455 0.0625653
4.9985490 0.0605587
4.9918985 0.0584654
4.9973632 0.0564369
4.9987873 0.0543251
5.0108069 0.0537112
5.0024503 0.0524954
5.0242551 0.0552041
5.0245249 0.0533943
5.0387691 0.0536252
5.0348031 0.0521259
5.0282615 0.0509909
5.0251342 0.0496113
5.0198054 0.0485071
5.0154012 0.0473830
5.0133039 0.0461669
5.0201619 0.0454875
5.0144451 0.0447028
5.0012457 0.0455531
5.0077130 0.0449232
5.0059912 0.0438998
5.0002488 0.0432732
5.0023101 0.0423508
5.0010066 0.0414404
5.0101760 0.0415729
5.0157149 0.0410728
5.0206783 0.0405309
5.0280654 0.0403933
5.0243009 0.0397719
5.0318505 0.0397235
5.0283522 0.0391235
5.0320472 0.0385696
5.0307184 0.0378851
5.0374185 0.0378010
5.0365178 0.0371428
5.0325829 0.0367083
5.0374968 0.0364138
5.0350503 0.0358853
5.0314889 0.0354713
5.0294800 0.0349523
5.0280088 0.0344245
5.0297162 0.0339253
5.0261942 0.0335845
5.0303651 0.0333337
5.0277935 0.0329330
5.0237315 0.0326983
5.0264310 0.0323339
5.0214514 0.0322553
5.0243080 0.0319258
5.0217740 0.0315811
5.0275550 0.0316774
5.0281440 0.0312520
5.0171320 0.0327400
5.0125047 0.0326360
5.0129379 0.0322123
5.0092389 0.0320111
5.0037038 0.0320843
5.0013501 0.0317681
5.0003836 0.0313883
4.9978321 0.0311080
4.9980102 0.0307314
5.0013446 0.0305459
5.0021384 0.0301948
4.9957688 0.0305139
4.9928789 0.0302992
4.9937087 0.0299644
4.9906408 0.0297843
4.9879635 0.0295729
4.9897357 0.0292998
4.9863567 0.0291759
4.9829389 0.0290621
4.9874424 0.0291019
4.9829603 0.0291406
4.9835683 0.0288419
4.9825921 0.0285597
4.9787329 0.0285290
4.9768715 0.0283006
4.9704403 0.0287449
