15.737 0.000 5.509 0.000
15.416 0.322 5.482 0.027
15.281 0.229 5.460 0.027
15.270 0.162 5.577 0.119
15.008 0.290 5.567 0.093
14.934 0.249 5.542 0.080
15.022 0.228 5.529 0.069
15.161 0.241 5.533 0.060
15.111 0.219 5.510 0.057
15.082 0.198 5.547 0.063
15.000 0.197 5.586 0.069
15.021 0.181 5.505 0.102
15.045 0.168 5.456 0.106
15.039 0.155 5.431 0.102
14.970 0.160 5.461 0.099
14.976 0.150 5.463 0.093
14.886 0.167 5.499 0.094
14.950 0.170 5.501 0.089
14.945 0.161 5.507 0.084
14.922 0.154 5.491 0.082
14.925 0.147 5.490 0.078
14.950 0.142 5.479 0.075
14.918 0.139 5.492 0.073
14.913 0.134 5.504 0.071
14.915 0.128 5.496 0.068
14.934 0.125 5.495 0.066
14.958 0.122 5.491 0.063
14.983 0.121 5.479 0.062
14.990 0.116 5.478 0.060
14.986 0.113 5.478 0.058
14.989 0.109 5.487 0.057
15.019 0.110 5.488 0.055
15.001 0.108 5.486 0.053
15.010 0.105 5.480 0.052
15.007 0.102 5.468 0.052
14.978 0.103 5.482 0.053
14.985 0.101 5.482 0.051
14.999 0.099 5.476 0.050
15.004 0.097 5.470 0.049
15.002 0.094 5.469 0.048
14.978 0.095 5.467 0.047
14.985 0.093 5.461 0.046
15.005 0.093 5.462 0.045
15.026 0.093 5.457 0.044
15.011 0.092 5.463 0.044
14.992 0.092 5.477 0.045
14.991 0.090 5.484 0.044
14.981 0.089 5.479 0.044
14.952 0.092 5.473 0.043
14.958 0.090 5.475 0.042
14.962 0.088 5.467 0.042
14.962 0.087 5.467 0.042
14.960 0.085 5.466 0.041
14.953 0.084 5.470 0.040
14.969 0.084 5.472 0.040
14.948 0.085 5.478 0.039
14.954 0.083 5.481 0.039
14.948 0.082 5.476 0.038
14.965 0.082 5.469 0.038
14.948 0.083 5.470 0.038
14.936 0.082 5.474 0.037
14.939 0.081 5.469 0.037
14.938 0.080 5.466 0.037
14.952 0.080 5.462 0.036
14.967 0.080 5.460 0.036
14.961 0.079 5.463 0.035
14.969 0.078 5.461 0.035
14.967 0.077 5.462 0.034
14.969 0.076 5.457 0.034
14.964 0.075 5.455 0.034
14.974 0.075 5.454 0.033
14.999 0.077 5.450 0.033
15.010 0.077 5.449 0.033
15.013 0.076 5.446 0.032
15.014 0.075 5.443 0.032
15.011 0.074 5.435 0.033
15.010 0.073 5.435 0.032
15.015 0.073 5.429 0.032
15.012 0.072 5.431 0.032
15.016 0.071 5.434 0.032
15.019 0.070 5.436 0.032
15.011 0.070 5.438 0.031
15.010 0.069 5.438 0.031
15.006 0.068 5.442 0.031
15.000 0.068 5.444 0.030
14.994 0.067 5.443 0.030
14.984 0.067 5.446 0.030
14.982 0.066 5.441 0.030
14.983 0.066 5.441 0.030
14.981 0.065 5.442 0.029
14.975 0.064 5.449 0.030
14.974 0.064 5.451 0.030
14.974 0.063 5.450 0.029
14.976 0.062 5.449 0.029
14.980 0.062 5.442 0.029
14.989 0.062 5.441 0.029
15.003 0.063 5.441 0.029
15.003 0.062 5.440 0.029
14.999 0.062 5.442 0.028
14.991 0.062 5.450 0.029
