15.417 0.000 5.414 0.000
15.085 0.331 5.379 0.035
14.761 0.377 5.435 0.059
14.912 0.306 5.363 0.083
15.070 0.285 5.380 0.066
15.144 0.244 5.318 0.082
15.103 0.211 5.338 0.073
15.110 0.183 5.323 0.065
15.008 0.191 5.352 0.064
14.958 0.178 5.351 0.057
14.934 0.163 5.368 0.054
14.928 0.149 5.398 0.058
14.867 0.149 5.404 0.054
14.887 0.140 5.382 0.054
14.960 0.149 5.375 0.051
15.086 0.188 5.355 0.052
15.092 0.177 5.370 0.051
15.038 0.175 5.382 0.049
15.011 0.168 5.392 0.048
15.054 0.165 5.379 0.047
15.049 0.157 5.402 0.051
15.064 0.150 5.390 0.050
15.031 0.148 5.396 0.048
15.068 0.146 5.375 0.050
15.026 0.146 5.386 0.049
14.985 0.146 5.399 0.049
15.025 0.146 5.393 0.048
15.062 0.146 5.382 0.047
15.030 0.145 5.401 0.049
15.021 0.140 5.393 0.048
15.038 0.137 5.393 0.046
15.057 0.134 5.390 0.045
15.056 0.129 5.400 0.045
15.032 0.128 5.394 0.044
15.021 0.125 5.398 0.043
15.008 0.122 5.396 0.042
14.999 0.119 5.401 0.041
15.001 0.116 5.409 0.041
14.963 0.119 5.425 0.043
14.989 0.119 5.412 0.044
14.958 0.120 5.422 0.044
14.958 0.117 5.419 0.043
14.944 0.115 5.420 0.042
14.926 0.114 5.430 0.042
14.943 0.113 5.431 0.041
14.940 0.110 5.431 0.040
14.934 0.108 5.435 0.040
14.944 0.106 5.430 0.039
14.965 0.106 5.426 0.038
14.967 0.104 5.427 0.038
14.967 0.102 5.424 0.037
14.952 0.101 5.422 0.036
14.929 0.102 5.423 0.036
14.936 0.100 5.425 0.035
14.942 0.098 5.423 0.035
14.945 0.097 5.427 0.034
14.942 0.095 5.426 0.034
14.940 0.093 5.427 0.033
14.923 0.093 5.434 0.033
14.925 0.092 5.431 0.033
14.921 0.090 5.427 0.033
14.914 0.089 5.434 0.033
14.927 0.089 5.425 0.034
14.921 0.087 5.431 0.034
14.926 0.086 5.428 0.033
14.922 0.085 5.431 0.033
14.915 0.084 5.433 0.032
14.916 0.083 5.433 0.032
14.918 0.081 5.429 0.032
14.922 0.080 5.423 0.032
14.922 0.079 5.421 0.032
14.939 0.080 5.425 0.031
14.942 0.079 5.427 0.031
14.933 0.078 5.435 0.032
14.942 0.078 5.433 0.031
14.965 0.080 5.433 0.031
14.964 0.079 5.435 0.031
14.962 0.078 5.438 0.030
14.949 0.078 5.442 0.030
14.950 0.077 5.449 0.031
14.947 0.076 5.449 0.030
14.946 0.076 5.444 0.030
14.949 0.075 5.444 0.030
14.946 0.074 5.444 0.029
14.947 0.073 5.439 0.030
14.955 0.073 5.434 0.030
14.955 0.072 5.432 0.029
14.958 0.071 5.438 0.030
14.955 0.070 5.439 0.029
14.945 0.070 5.446 0.030
14.932 0.071 5.452 0.030
14.932 0.070 5.447 0.030
14.926 0.069 5.447 0.030
14.939 0.070 5.445 0.030
14.940 0.069 5.444 0.029
14.931 0.069 5.449 0.029
14.933 0.068 5.444 0.029
14.920 0.069 5.444 0.029
14.927 0.069 5.442 0.029
14.914 0.069 5.450 0.030
