-6.3835
-6.30663
-6.22177
-6.17895
-6.14134
-6.01163
-6.03855
-6.00544
-5.96048
-5.91921
-5.9066
-5.93872
-5.95986
-5.86641
-5.86014
-5.77879
-5.81993
-5.68174
-5.74712
-5.57594
-5.68206
-5.70356
-5.81496
-5.86803
-5.96109
-5.84914
-5.87443
-5.83086
-5.86509
-5.95039
-5.84909
-5.83916
-5.88368
-5.88706
-5.92978
-5.84644
-5.8368
-5.82094
-5.77353
-5.77276
-5.80141
-5.71188
-5.77513
-5.76032
-5.8203
-5.89851
-5.93152
-5.90142
-5.92778
-5.86157
-5.81733
-5.85581
-5.8189
-5.86624
-5.92782
-5.91848
-6.00644
-5.92744
-5.99901
-5.96214
-5.99335
-5.8554
-5.75189
-5.75702
-5.68528
-5.70355
-5.69324
-5.64119
-5.71733
-5.73156
-5.79918
-5.68303
-5.68056
-5.72861
-5.69498
-5.64025
-5.67178
-5.86426
-5.94474
-5.94952
-5.87875
-5.79513
-5.81411
-5.73677
-5.69783
-5.71336
-5.70278
-5.74151
-5.65559
-5.69227
-5.68096
-5.71088
-5.69118
-5.66409
-5.67292
-5.59148
-5.62815
-5.64653
-5.58495
-5.59966
-5.55729
-5.62504
-5.63501
-5.68269
-5.68003
-5.65359
-5.57584
-5.63736
-5.60131
-5.59423
-5.65004
-5.70191
-5.68582
-5.65407
-5.65496
-5.69692
-5.7271
-5.66948
-5.67803
-5.63267
-5.56375
-5.62882
-5.59145
-5.56705
-5.55465
-5.56826
-5.61007
-5.61077
-5.56196
-5.59218
-5.61017
-5.56489
-5.54703
-5.64482
-5.68027
-5.69938
-5.60704
-5.70997
-5.63768
-5.54069
-5.5988
-5.58938
-5.60869
-5.64155
-5.62453
-5.4901
-5.5342
-5.46582
-5.48154
-5.52835
-5.4597
-5.46303
-5.53328
-5.52087
-5.57303
-5.53534
-5.50486
-5.55061
-5.52828
-5.51873
-5.54882
-5.48146
-5.37383
-5.44382
-5.47351
-5.42844
-5.40765
-5.4693
-5.56076
-5.59709
-5.64097
-5.63941
-5.70106
-5.67799
-5.70199
-5.62582
-5.61162
-5.69216
-5.71487
-5.71863
-5.71569
-5.69962
-5.58691
-5.35816
-5.48423
-5.49748
-5.41654
-5.48776
-5.52416
-5.48841
-5.44701
-5.52621
-5.57393
-5.66753
-5.51339
-5.51743
-5.38063
-5.49241
-5.53673
-5.50392
-5.51065
-5.47246
-5.51605
-5.48223
-5.63733
-5.57094
-5.61365
-5.59654
-5.5453
-5.63031
-5.66858
-5.53981
-5.38259
-5.2852
-5.332
-5.45971
-5.50616
-5.34705
-5.43222
-5.49617
-5.54617
-5.5759
-5.55553
-5.56011
-5.56432
-5.49011
-5.51553
-5.43222
-5.48019
-5.42639
-5.53932
-5.54279
-5.48322
-5.51823
-5.54465
-5.49741
-5.48367
-5.36377
-5.36471
-5.35677
-5.38608
-5.42669
-5.51041
-5.46829
-5.48534
-5.52792
-5.48432
-5.55033
-5.51535
-5.50163
-5.53405
-5.52943
-5.56747
-5.60799
-5.69886
-5.60943
-5.46393
-5.48725
-5.51149
-5.50438
-5.56829
-5.5482
-5.55261
-5.45596
-5.4532
-5.3774
-5.45581
-5.32454
-5.43807
-5.49031
-5.40942
-5.39131
-5.31684
-5.32383
-5.31575
-5.3534
-5.39881
-5.40872
-5.2404
-5.26677
-5.26295
-5.30367
-5.28651
-5.37604
-5.38316
-5.41591
-5.37192
-5.35379
-5.41775
-5.41433
-5.40931
-5.42021
-5.36372
-5.35767
-5.36863
-5.36688
-5.31922
-5.36488
-5.36085
-5.45104
-5.47109
-5.52843
-5.53003
-5.3825
-5.42417
-5.47599
-5.37016
-5.36319
-5.26086
-5.34371
-5.41438
-5.37908
-5.44174
-5.40321
-5.45939
-5.56381
-5.52448
-5.52785
-5.49881
-5.49104
-5.44397
-5.52207
-5.47404
-5.4308
-5.47905
-5.50979
-5.62769
-5.59359
-5.6055
-5.49868
-5.51148
-5.52086
-5.52829
-5.60619
-5.56919
-5.49507
-5.47108
-5.38509
-5.37575
-5.42369
-5.55515
-5.50845
-5.57901
-5.42797
-5.50444
-5.53283
-5.44733
-5.33466
-5.41941
-5.44897
-5.48187
-5.47077
-5.47615
-5.55067
-5.41023
-5.46828
-5.46772
-5.39794
-5.40135
-5.39106
-5.42812
-5.40158
-5.41584
-5.39253
-5.39113
-5.42669
-5.3349
-5.35178
-5.46117
-5.47686
-5.53142
-5.55969
-5.48352
-5.55138
-5.58622
-5.52492
-5.52326
-5.55971
-5.4196
-5.42828
-5.45748
-5.50487
-5.45419
-5.42625
-5.47902
-5.6155
-5.55355
-5.51429
-5.53607
-5.52603
-5.44453
-5.4201
-5.44671
-5.36856
-5.44232
-5.46319
-5.53554
-5.60309
-5.57918
-5.56203
-5.53296
-5.50735
-5.55197
-5.58919
-5.55693
-5.47768
-5.50329
-5.5763
-5.56552
-5.66689
-5.67021
-5.72085
-5.69125
-5.50774
-5.47999
-5.51301
-5.38895
-5.31692
-5.38557
-5.58721
-5.60787
-5.66042
-5.56988
-5.61451
-5.51105
-5.51461
-5.43709
-5.49918
-5.48413
-5.47157
-5.45945
-5.37521
-5.40982
-5.42729
-5.44014
-5.44177
-5.41108
-5.35017
-5.41381
-5.44965
-5.4822
-5.51965
-5.5917
-5.63169
-5.54481
-5.52617
-5.54146
-5.4762
-5.39214
-5.46231
-5.47237
-5.49771
-5.47903
-5.50656
-5.5994
-5.5857
-5.54668
-5.46686
-5.44451
-5.43884
-5.44084
-5.54095
-5.56078
-5.61144
-5.6781
-5.68027
-5.62734
-5.62138
-5.68319
-5.6854
-5.61629
-5.58179
-5.57534
-5.4614
-5.52568
-5.51858
-5.53005
-5.56999
-5.51666
-5.4669
-5.49243
-5.48341
-5.47373
-5.49897
-5.4865
-5.48329
-5.44548
-5.47129
-5.4421
-5.54034
-5.48819
-5.47462
-5.4126
-5.53076
-5.51314
-5.51255
-5.61849
-5.52267
-5.57529
-5.58463
-5.52015
-5.53286
-5.59087
-5.53056
-5.50144
-5.51096
-5.46928
-5.56921
-5.53855
-5.5315
-5.60679
-5.58643
-5.55759
-5.64729
-5.63553
-5.65469
-5.61345
-5.56301
-5.52202
-5.61012
-5.51152
-5.43213
-5.3272
-5.39273
-5.39089
-5.38426
-5.52345
-5.53206
-5.55553
-5.62873
-5.607
-5.59153
-5.50496
-5.56902
-5.56961
-5.46424
-5.56834
-5.59099
-5.56519
-5.56648
-5.54533
-5.48067
-5.46353
-5.44233
-5.51846
-5.56284
-5.57993
-5.44657
-5.42326
-5.41841
-5.37407
-5.38071
-5.38808
-5.38845
-5.20582
-5.24222
-5.34556
-5.45619
-5.40306
-5.36504
-5.38504
-5.49015
-5.60043
-5.54392
-5.50889
-5.47074
-5.43564
-5.46611
-5.31832
-5.41449
-5.48455
-5.43633
-5.48621
-5.51903
-5.5647
-5.45935
-5.45302
-5.4885
-5.43901
-5.4524
-5.50352
-5.47772
-5.48751
-5.43852
-5.5176
-5.40795
-5.40579
-5.51384
-5.55737
-5.5395
-5.50769
-5.50414
-5.47511
-5.48446
-5.50552
-5.43349
-5.51666
-5.5479
-5.55333
-5.58269
-5.51293
-5.56743
-5.49014
-5.48885
-5.47243
-5.3994
-5.37818
-5.33141
-5.29978
-5.39798
-5.50203
-5.53651
-5.5346
-5.50862
-5.47956
-5.43581
-5.45448
-5.45343
-5.49377
-5.51233
-5.54892
-5.58922
-5.53979
-5.5435
-5.51928
-5.4762
-5.47659
-5.51919
-5.51715
-5.54146
-5.53091
-5.52108
-5.58895
-5.58459
-5.59083
-5.59724
-5.53852
-5.58725
-5.51541
-5.50762
-5.5015
-5.51188
-5.51557
-5.52498
-5.46845
-5.42011
-5.45751
-5.44906
-5.47667
-5.50507
-5.55733
-5.57069
-5.51057
-5.44989
-5.52478
-5.41599
-5.46465
-5.44342
-5.55287
-5.52784
-5.59932
-5.51661
-5.56906
-5.58233
-5.48448
-5.45375
-5.38523
-5.496
-5.49823
-5.46093
-5.39875
-5.4427
-5.508
-5.48291
-5.44531
-5.38892
-5.35412
-5.36673
-5.439
-5.45182
-5.48971
-5.48632
-5.47095
-5.53015
-5.50774
-5.52436
-5.51709
-5.51701
-5.53228
-5.56865
-5.51259
-5.44839
-5.45821
-5.43178
-5.53293
-5.53989
-5.42979
-5.48871
-5.54506
-5.4959
-5.52216
-5.50942
-5.47835
-5.55121
-5.48236
-5.53326
-5.5068
-5.56765
-5.57396
-5.57238
-5.44781
-5.44905
-5.43149
-5.48589
-5.44272
-5.38713
-5.42084
-5.40039
-5.43233
-5.36576
-5.31644
-5.42442
-5.34113
-5.37287
-5.45641
-5.48168
-5.47755
-5.59815
-5.65118
-5.44511
-5.49794
-5.51951
-5.53416
-5.58013
-5.54966
-5.54106
-5.48065
-5.58696
-5.63801
-5.63189
-5.64133
-5.62474
-5.5938
-5.56253
-5.57279
-5.65373
-5.66177
-5.65015
-5.65574
-5.67625
-5.63382
-5.59217
-5.5051
-5.72905
-5.67057
-5.56914
-5.5988
-5.57622
-5.58359
-5.59635
-5.68636
-5.69725
-5.74401
-5.62429
-5.51231
-5.5711
-5.53837
-5.46347
-5.4891
-5.51655
-5.55889
-5.63999
-5.61497
-5.58699
-5.54341
-5.5428
-5.51276
-5.38815
-5.50322
-5.49259
-5.45649
-5.54529
-5.49326
-5.46898
-5.47863
-5.5232
-5.53119
-5.51012
-5.55679
-5.50293
-5.54624
-5.54978
-5.58238
-5.56996
-5.623
-5.61956
-5.59852
-5.50359
-5.49442
-5.42826
-5.33504
-5.36764
-5.35769
-5.38501
-5.34568
-5.35246
-5.44621
-5.51233
-5.48022
-5.46372
-5.3858
-5.37074
-5.43639
-5.50225
-5.49175
-5.5898
-5.62499
-5.64838
-5.63
-5.60691
-5.5966
-5.6021
-5.64958
-5.55804
-5.51556
-5.55224
-5.60396
-5.51031
-5.49138
-5.50504
-5.52006
-5.51115
-5.52692
-5.50768
-5.49548
-5.48066
-5.52862
-5.47515
-5.47179
-5.4317
-5.49623
-5.50311
-5.59046
-5.53732
-5.56286
-5.48315
-5.47912
-5.43366
-5.46308
-5.52461
-5.49719
-5.42918
-5.42007
-5.41422
-5.48966
-5.47998
-5.55443
-5.53932
-5.51002
-5.49255
-5.51684
-5.52454
-5.54387
-5.57629
-5.38864
-5.36078
-5.34157
-5.38973
-5.32587
-5.42824
-5.45227
-5.474
-5.4641
-5.46837
-5.44797
-5.51766
-5.49147
-5.41465
-5.43712
-5.35322
-5.36664
-5.37416
-5.43791
-5.30935
-5.32649
-5.3345
-5.38305
-5.54637
-5.49645
-5.60913
-5.45639
-5.4014
-5.40047
-5.46552
-5.45033
-5.31446
-5.32387
-5.28168
-5.29919
-5.27154
-5.31398
-5.39106
-5.44985
-5.4448
-5.4884
-5.52718
-5.44425
-5.47463
-5.49483
-5.46281
-5.4305
-5.3562
-5.37384
-5.43997
-5.34616
-5.31104
-5.34211
-5.23805
-5.22332
-5.38644
-5.24903
-5.29918
-5.36815
-5.33861
-5.36846
-5.36022
-5.42205
-5.32698
-5.41811
-5.41462
-5.48437
-5.4065
-5.38666
-5.40881
-5.4372
-5.41357
-5.51685
-5.52954
-5.41006
-5.405
-5.42909
-5.44468
-5.52056
-5.58593
-5.48285
-5.47596
-5.36367
-5.39193
-5.36052
-5.34373
-5.37878
-5.50244
-5.44532
-5.42003
-5.47107
-5.44663
-5.47257
-5.33296
-5.23958
-5.2311
-5.23322
-5.24047
-5.26817
-5.24844
-5.31315
-5.38223
-5.49407
-5.4582
-5.54044
-5.45002
-5.47132
-5.42668
-5.4591
-5.48668
-5.58371
-5.65461
-5.54322
-5.55132
-5.55799
-5.60768
-5.56386
-5.5512
-5.54122
-5.58409
-5.62901
-5.60028
-5.49886
-5.35632
-5.25222
-5.35152
-5.34079
-5.33098
-5.35269
-5.37483
-5.36972
-5.36967
-5.35361
-5.44067
-5.48422
-5.46566
