-3.6735
-3.21143
-2.69572
-2.40519
-2.26939
-1.5667
-1.61636
-1.48535
-1.28546
-1.10689
-0.976419
-1.18964
-1.26102
-0.891772
-0.882664
-0.505228
-0.715675
-0.135316
-0.390513
0.471837
0.00900541
0.0171791
-0.510194
-0.796048
-1.22196
-0.68298
-0.698782
-0.465047
-0.744876
-1.10834
-0.644175
-0.605433
-0.808377
-0.844138
-0.96265
-0.632781
-0.609174
-0.580846
-0.432045
-0.379354
-0.481242
-0.0725447
-0.284208
-0.279163
-0.545076
-0.865381
-1.00852
-0.921368
-0.89416
-0.58527
-0.460466
-0.731605
-0.642282
-0.845925
-1.08417
-1.11821
-1.49222
-1.02112
-1.263
-1.12445
-1.2321
-0.697986
-0.168888
-0.197043
0.13844
0.123911
0.139991
0.339545
-0.0461304
-0.112691
-0.435985
0.0472398
0.129851
-0.167475
-0.0517209
0.227808
0.0581604
-0.819829
-1.12353
-1.1836
-0.81121
-0.450969
-0.533672
-0.159367
0.0692822
-0.000171364
-0.0363574
-0.0949794
0.267238
0.22705
0.20241
-0.0482548
0.0206582
0.185756
0.0801682
0.503872
0.410515
0.326013
0.637848
0.555338
0.763992
0.394316
0.334454
0.211595
0.236748
0.370637
0.618687
0.449939
0.659049
0.622365
0.351928
0.207876
0.287577
0.397555
0.398661
0.165648
0.103838
0.339182
0.278058
0.442869
0.773406
0.525075
0.677843
0.723648
0.767849
0.644313
0.557996
0.542857
0.714972
0.568273
0.574833
0.786009
0.861427
0.352611
0.177408
0.0934705
0.529551
0.101038
0.47344
0.820161
0.60136
0.649197
0.693396
0.586627
0.57586
1.2129
1.10468
1.50031
1.48816
1.22541
1.47862
1.3798
1.0631
1.07776
0.860662
1.12813
1.20118
0.926773
1.04936
1.21169
1.07386
1.29302
1.82361
1.50134
1.3171
1.50021
1.76147
1.51901
1.05369
0.949723
0.605442
0.591943
0.313627
0.41625
0.33459
0.641252
0.756205
0.378721
0.316962
0.315576
0.359476
0.467305
0.941888
1.93122
1.33383
1.26948
1.61051
1.29711
1.19904
1.37429
1.46293
1.13858
0.901815
0.519768
1.16262
1.06385
1.74265
1.16926
0.914576
1.0358
1.05974
1.22897
1.07827
1.34571
0.728924
0.964471
0.868919
0.987363
1.19599
0.807355
0.625049
1.2675
1.92124
2.31419
2.10631
1.57953
1.36125
2.02693
1.57977
1.30845
1.00492
0.949573
1.07117
1.04559
1.07519
1.3786
1.30157
1.64487
1.42842
1.7423
1.19899
1.25204
1.42916
1.28639
1.18954
1.43108
1.42003
1.9208
1.82313
1.90852
1.77863
1.5985
1.24969
1.41629
1.30884
1.13613
1.22434
0.961486
1.18758
1.25535
1.12881
1.13914
0.926646
0.71483
0.300273
0.76036
1.38839
1.26477
1.1862
1.18295
0.924507
1.06757
1.07728
1.48343
1.64438
1.96187
1.54849
2.09929
1.52112
1.29785
1.69164
1.73966
1.94721
1.99036
2.03412
1.91831
1.64523
1.6617
2.41295
2.38323
2.31392
2.08085
2.16935
1.81276
1.81216
1.62861
1.84621
1.83912
1.6373
1.63139
1.6324
1.58851
1.73442
1.71642
1.78519
1.86753
2.04067
1.93139
1.96245
1.61405
1.53211
1.34366
1.2822
1.9794
1.79993
1.55598
2.08968
2.18991
2.68077
2.24466
1.90548
1.938
1.70086
1.8626
1.6427
1.20554
1.35216
1.31226
1.49603
1.50857
1.60029
1.20023
1.37746
1.50813
1.38084
1.30128
0.784947
0.89314
0.835403
1.35635
1.30382
1.24269
1.3136
0.935072
1.07486
1.36332
1.4264
1.78247
1.86026
1.67553
1.08931
1.29213
0.972349
1.62668
1.36256
1.20824
1.60628
2.09484
1.7355
1.58448
1.42093
1.40383
1.43415
1.13065
1.77452
1.49599
1.46393
1.74408
1.66961
1.80628
1.68967
1.93439
1.84296
1.73172
1.70404
1.52777
1.98166
1.90592
1.39791
1.43011
1.17757
0.981461
1.36582
1.09677
0.929842
1.30049
1.22599
1.09012
1.59505
1.65621
1.55705
1.31611
1.5508
1.59767
1.28246
0.676299
0.964397
1.12007
1.08937
0.996059
1.32453
1.45495
1.28217
1.66316
1.27175
1.15554
0.86988
0.683302
0.754499
0.911985
0.983759
1.16341
0.958469
0.738305
0.822292
1.18278
1.02393
0.656599
0.683191
0.2727
0.341372
0.149653
0.341881
1.09825
1.25392
1.12187
1.62201
1.90795
1.62026
0.872381
0.666363
0.351967
0.755819
0.666539
1.07323
1.19614
1.47372
1.20488
1.32643
1.36288
1.42272
1.76148
1.61504
1.56865
1.5082
1.47732
1.70103
1.83209
1.59227
1.29013
1.25382
1.08527
0.813133
0.778479
1.12996
1.09516
1.02684
1.38162
1.66242
1.36223
1.32396
1.27161
1.39746
1.26567
0.888595
0.843797
0.896385
1.20104
1.31792
1.29495
1.35744
0.918812
0.86743
0.64222
0.399133
0.413476
0.62231
0.524889
0.224337
0.186938
0.508059
0.734748
0.74092
1.24537
0.973849
1.01731
0.939951
0.761885
1.108
1.36782
1.43143
1.43381
1.46978
1.29536
1.33783
1.36826
1.55024
1.44491
1.54176
1.17278
1.3694
1.42633
1.67952
1.24547
1.30618
1.3029
0.791862
1.19064
1.02918
0.936034
1.31652
1.22831
0.951745
1.20354
1.35135
1.29668
1.44212
0.993409
1.07742
1.04182
0.688076
0.732062
0.740711
0.425089
0.51401
0.421942
0.649662
0.874148
0.95591
0.681461
1.20197
1.60571
2.06941
1.74534
1.65947
1.65702
1.00999
0.974579
0.942911
0.584541
0.747701
0.793597
1.15414
0.836872
0.817436
1.34571
0.811017
0.741991
0.851556
0.794795
0.812364
1.09747
1.17059
1.32814
1.06791
0.793402
0.752892
1.31409
1.47761
1.42333
1.62856
1.59974
1.60995
1.61156
2.37667
2.22573
1.77341
1.26596
1.47067
1.69804
1.59669
1.22883
0.837633
0.994208
1.12177
1.2951
1.49846
1.3746
2.05252
1.66253
1.3633
1.53981
1.27432
1.15198
0.948787
1.39322
1.39506
1.26654
1.4481
1.28785
1.10426
1.17833
1.17616
1.38777
1.06848
1.63678
1.56691
1.18816
0.914399
1.00666
1.14118
1.12652
1.17139
1.1557
1.08485
1.40126
1.10969
0.873707
0.813407
0.706406
1.1128
0.895323
1.3053
1.25421
1.32155
1.63688
1.64414
1.84851
2.02074
1.64757
1.22864
1.07002
0.957001
1.08265
1.23744
1.44711
1.41836
1.41847
1.23293
1.15567
1.00404
0.811595
1.07305
1.07022
1.16218
1.38513
1.43673
1.25814
1.07972
0.948966
0.931824
1.09751
0.825734
0.827952
0.758892
0.834721
0.975286
0.784903
1.13059
1.17894
1.20987
1.10825
1.05364
1.0289
1.2204
1.47697
1.37539
1.42079
1.35775
1.25592
0.980478
0.944612
1.1841
1.41662
1.0635
1.59515
1.38857
1.48396
0.978959
1.05787
0.769144
1.19571
0.961415
0.917575
1.35355
1.47347
1.79922
1.4547
1.38717
1.62834
1.70783
1.4656
1.11014
1.24994
1.45187
1.70614
1.84185
1.73554
1.37514
1.37095
1.2824
1.30422
1.36872
1.19282
1.209
1.25384
1.20376
1.18324
1.08201
0.993752
1.28841
1.64266
1.47941
1.61911
1.11055
1.03752
1.50239
1.21886
0.983559
1.10694
0.990697
1.16454
1.2448
0.980285
1.2847
1.07972
1.256
1.00894
0.888137
0.887064
1.42854
1.45592
1.63195
1.35896
1.54254
1.81305
1.62277
1.69985
1.49443
1.73177
1.85743
1.48668
1.86592
1.85404
1.44638
1.33767
1.37888
0.85633
0.550305
1.38279
1.16144
1.0814
1.11983
0.913043
1.07474
1.10045
1.34616
0.829494
0.622019
0.64864
0.679461
0.756522
0.801047
0.912837
0.89404
0.512316
0.466847
0.479821
0.435352
0.330849
0.527646
0.750393
1.12264
0.301265
0.551989
0.934177
0.875193
0.968311
0.888841
0.800996
0.337492
0.405294
0.268284
0.779679
1.17552
0.920065
1.03245
1.35606
1.32669
1.16212
0.998823
0.602769
0.688383
0.811875
1.06904
1.04655
1.20525
1.71311
1.15588
1.29299
1.46966
1.08645
1.34236
1.44068
1.34846
1.09292
1.06601
1.17687
1.06624
1.21478
0.95332
0.922724
0.773056
0.787986
0.61063
0.690792
0.87627
1.33315
1.36081
1.60902
2.11041
1.98209
2.01524
1.93522
2.0878
2.14583
1.72705
1.39196
1.41896
1.54117
1.84651
2.03481
1.86039
1.42354
1.36522
0.957327
0.694303
0.661985
0.815087
0.824177
0.878431
0.946231
0.657125
1.11012
1.38188
1.24062
0.874945
1.27749
1.3369
1.29792
1.28606
1.31642
1.27319
1.18496
1.28395
1.29975
1.11
1.42329
1.48341
1.72186
1.34181
1.35468
0.952328
1.25635
1.07346
1.39645
1.42501
1.62465
1.43788
1.21293
1.31902
1.61479
1.62096
1.66354
1.38007
1.42544
1.05777
1.13795
1.16945
1.2778
1.21786
1.23408
1.04169
0.920634
1.75837
1.92929
2.01373
1.77403
1.98333
1.61908
1.49003
1.50731
1.51277
1.5344
1.47378
1.24881
1.35033
1.75015
1.60389
2.00476
2.03054
1.87627
1.54747
2.06917
1.95337
1.92877
1.73235
1.04724
1.20766
0.677337
1.41333
1.62486
1.53835
1.21195
1.33366
1.84364
1.87881
1.97397
1.92357
2.17414
2.04417
1.68712
1.47471
1.48267
1.23305
1.12107
1.52451
1.30636
1.2465
1.51668
1.56822
1.81132
1.75797
1.45776
1.94543
2.11437
2.01127
2.52716
2.53754
1.80549
2.51428
2.3047
2.01651
2.18066
2.09155
2.20319
1.90998
2.32012
2.00024
1.95009
1.54123
1.8584
1.92514
1.83993
1.73977
1.88481
1.47877
1.38243
1.9684
1.9871
1.9049
1.94256
1.54937
1.16575
1.63116
1.67418
2.31866
2.04657
2.15745
2.13516
2.00809
1.46844
1.69937
1.88117
1.75915
1.83174
1.76008
2.30288
2.743
2.73304
2.76702
2.69726
2.55428
2.57163
2.2503
1.8565
1.44726
1.68691
1.35935
1.73796
1.53368
1.77999
1.56945
1.40193
0.960143
0.694429
1.15408
1.12681
0.982523
0.818456
1.04594
1.09333
1.18696
0.923394
0.772891
0.977876
1.47816
2.06953
2.46045
2.03127
2.06783
2.11946
2.03146
1.8963
1.83996
1.90742
2.02295
1.56834
1.37505
1.56977
