    -7.52451           0
     -7.5401   0.0110228
    -7.56337   0.0203724
    -7.56289    0.015285
    -7.55668     0.01343
    -7.55322   0.0116274
    -7.55046   0.0102904
    -7.54187   0.0120661
    -7.54118   0.0107451
    -7.54586   0.0106399
    -7.54544  0.00968095
    -7.54664  0.00894825
    -7.54849  0.00844952
    -7.54438  0.00879004
    -7.54311  0.00829492
     -7.5416  0.00791266
    -7.54588  0.00852923
    -7.54519  0.00808355
    -7.54779  0.00806411
    -7.54741  0.00766971
    -7.54755  0.00730581
    -7.54949  0.00722481
     -7.5472   0.0072632
    -7.54666  0.00698076
    -7.54835  0.00690289
    -7.54947  0.00672853
    -7.54917  0.00648624
    -7.54839  0.00630134
    -7.54841   0.0060841
    -7.54904  0.00591357
    -7.54836  0.00576191
    -7.54845  0.00558255
    -7.54918  0.00546118
     -7.5479   0.0054482
    -7.54751  0.00530661
    -7.54852  0.00525461
    -7.54864  0.00511396
    -7.54962   0.0050728
    -7.55107  0.00514559
     -7.5514  0.00502725
    -7.55134  0.00490492
    -7.55217  0.00485778
    -7.55154  0.00478613
    -7.55159  0.00467769
     -7.5515  0.00457479
    -7.55126  0.00448157
    -7.54997  0.00456617
    -7.54992  0.00447131
    -7.54983  0.00438108
    -7.55011  0.00430269
    -7.55078  0.00427016
    -7.55149  0.00424548
    -7.55125  0.00417186
    -7.55079  0.00412015
    -7.55077  0.00404526
    -7.55083  0.00397345
    -7.55069  0.00390628
    -7.55038  0.00385115
    -7.54947  0.00389216
    -7.54911   0.0038439
    -7.54905  0.00378133
    -7.54846  0.00376614
    -7.54826  0.00371179
    -7.54842  0.00365735
    -7.54888  0.00362981
    -7.54929  0.00359813
    -7.54907  0.00355158
    -7.54902  0.00349969
    -7.54897  0.00344936
    -7.54934  0.00342061
    -7.54898  0.00339118
     -7.5491  0.00334598
     -7.5494  0.00331406
    -7.54901   0.0032929
    -7.54936  0.00326813
    -7.54967  0.00323974
    -7.54945  0.00320509
    -7.54986  0.00318979
    -7.54979  0.00315028
     -7.5492  0.00316419
    -7.54905  0.00312873
    -7.54913  0.00309148
    -7.54925  0.00305665
    -7.54915  0.00302207
    -7.54877  0.00300944
    -7.54888   0.0029765
    -7.54896   0.0029432
    -7.54895  0.00290977
     -7.5489   0.0028774
    -7.54897  0.00284622
    -7.54912  0.00281909
    -7.54909   0.0027887
    -7.54888   0.0027667
    -7.54871  0.00274208
    -7.54876  0.00271357
      -7.549  0.00269581
    -7.54919  0.00267523
     -7.5493  0.00265008
    -7.54955  0.00263493
     -7.5493  0.00261986
    -7.54931  0.00259393
    -7.54888  0.00260408
    -7.54899  0.00258132
     -7.5495  0.00260627
    -7.54987  0.00260764
    -7.54976  0.00258566
     -7.5497  0.00256217
    -7.55015  0.00257744
    -7.54996  0.00256017
    -7.55001  0.00253737
    -7.55043  0.00254763
    -7.55028  0.00252895
     -7.5506  0.00252705
     -7.5506  0.00250488
    -7.55088   0.0024978
     -7.5511  0.00248615
    -7.55107  0.00246512
    -7.55095  0.00244683
    -7.55094  0.00242632
    -7.55096  0.00240617
    -7.55094  0.00238637
    -7.55065  0.00238422
    -7.55076  0.00236777
    -7.55035  0.00238523
    -7.55015  0.00237417
    -7.55037  0.00236498
    -7.55058  0.00235566
    -7.55067  0.00233896
    -7.55036  0.00234079
    -7.55026  0.00232508
    -7.55059   0.0023311
    -7.55021  0.00234404
     -7.5501  0.00232914
     -7.5499  0.00232034
    -7.55023  0.00232636
    -7.55016   0.0023103
    -7.55038  0.00230411
    -7.55044  0.00228827
     -7.5504  0.00227218
     -7.5502   0.0022649
    -7.54989  0.00226995
    -7.54992  0.00225419
    -7.54982   0.0022407
    -7.54976  0.00222599
    -7.54949  0.00222612
    -7.54975  0.00222551
    -7.54999  0.00222342
    -7.55019  0.00221761
    -7.55012  0.00220385
    -7.55036  0.00220139
    -7.55038  0.00218698
    -7.55008  0.00219406
    -7.55009  0.00217975
    -7.55013  0.00216594
    -7.55011    0.002152
    -7.55014  0.00213841
    -7.55023  0.00212645
    -7.55023  0.00211299
    -7.55056  0.00212576
    -7.55065  0.00211457
    -7.55076  0.00210416
    -7.55075  0.00209119
    -7.55096  0.00208834
    -7.55071  0.00209049
    -7.55075  0.00207834
     -7.5508  0.00206627
    -7.55068    0.002057
    -7.55077  0.00204652
    -7.55074  0.00203462
    -7.55057  0.00202949
    -7.55063  0.00201847
    -7.55052  0.00200979
    -7.55071  0.00200679
    -7.55045  0.00201182
    -7.55045  0.00200033
    -7.55054  0.00199103
    -7.55058  0.00198013
    -7.55025  0.00199709
    -7.55014  0.00198885
    -7.55011  0.00197799
    -7.55018  0.00196811
    -7.55025  0.00195859
    -7.55032  0.00194926
    -7.55024  0.00194052
     -7.5501  0.00193487
    -7.55004  0.00192532
    -7.55001  0.00191522
    -7.54997   0.0019056
    -7.54983   0.0019008
    -7.54994  0.00189428
    -7.55004  0.00188697
    -7.55006  0.00187723
     -7.5501  0.00186798
    -7.55025  0.00186399
    -7.55011  0.00185938
    -7.54999  0.00185368
     -7.5498  0.00185377
    -7.54982  0.00184452
    -7.54979  0.00183551
    -7.54981  0.00182641
    -7.54953  0.00183905
    -7.54959  0.00183121
    -7.54959  0.00182221
    -7.54978  0.00182366
    -7.54964  0.00182038
    -7.54951  0.00181563
    -7.54967  0.00181321
    -7.54974  0.00180598
    -7.54984  0.00179999
    -7.54981  0.00179161
     -7.5495  0.00181023
    -7.54949   0.0018017
    -7.54947  0.00179335
    -7.54931  0.00179256
    -7.54901  0.00180824
    -7.54912  0.00180339
    -7.54921   0.0017969
     -7.5493    0.001791
    -7.54929  0.00178284
    -7.54942  0.00177946
    -7.54936  0.00177245
    -7.54934   0.0017646
    -7.54917  0.00176431
    -7.54926  0.00175863
    -7.54935  0.00175331
    -7.54937  0.00174565
    -7.54947  0.00174098
    -7.54948  0.00173336
    -7.54968  0.00173745
    -7.54956  0.00173453
    -7.54943  0.00173181
    -7.54936   0.0017257
    -7.54931  0.00171889
    -7.54949  0.00172088
    -7.54954  0.00171412
    -7.54938  0.00171367
    -7.54929  0.00170921
     -7.5492  0.00170405
    -7.54905  0.00170355
      -7.549  0.00169726
    -7.54892  0.00169223
    -7.54888  0.00168569
    -7.54907  0.00168939
    -7.54914  0.00168412
    -7.54917  0.00167755
    -7.54904  0.00167603
    -7.54893    0.001673
    -7.54884  0.00166833
    -7.54882  0.00166175
    -7.54893   0.0016582
    -7.54897  0.00165224
    -7.54905  0.00164775
    -7.54896  0.00164406
    -7.54907   0.0016417
    -7.54898  0.00163782
    -7.54887  0.00163532
     -7.5488  0.00163035
     -7.5488  0.00162403
    -7.54873  0.00161921
    -7.54862  0.00161653
    -7.54835  0.00163245
    -7.54836  0.00162622
    -7.54825  0.00162331
    -7.54834   0.0016192
    -7.54839  0.00161413
    -7.54834  0.00160898
     -7.5483  0.00160344
    -7.54818   0.0016023
    -7.54806  0.00160032
    -7.54798  0.00159673
    -7.54795  0.00159098
    -7.54788  0.00158694
    -7.54787  0.00158118
    -7.54801  0.00158203
    -7.54788  0.00158137
    -7.54799  0.00157932
    -7.54801   0.0015737
    -7.54785  0.00157581
    -7.54783  0.00157029
    -7.54775  0.00156672
    -7.54785   0.0015642
    -7.54777  0.00156056
     -7.5477  0.00155681
    -7.54783  0.00155685
    -7.54787  0.00155201
    -7.54779  0.00154901
    -7.54789  0.00154682
      -7.548  0.00154606
    -7.54798  0.00154096
    -7.54794  0.00153609
    -7.54811  0.00154002
    -7.54819  0.00153671
    -7.54804  0.00153879
    -7.54811  0.00153512
    -7.54815  0.00153067
    -7.54817  0.00152558
    -7.54812  0.00152121
    -7.54813  0.00151612
    -7.54827  0.00151754
     -7.5483  0.00151276
    -7.54832  0.00150793
    -7.54843  0.00150683
    -7.54843  0.00150186
    -7.54834   0.0014993
    -7.54819  0.00150192
    -7.54816  0.00149724
    -7.54813  0.00149278
    -7.54815  0.00148813
    -7.54825  0.00148628
    -7.54823   0.0014816
    -7.54823  0.00147684
    -7.54813  0.00147505
      -7.548  0.00147639
    -7.54803  0.00147201
    -7.54807  0.00146789
    -7.54814  0.00146508
    -7.54817  0.00146069
    -7.54803  0.00146223
     -7.5481   0.0014593
    -7.54818  0.00145684
    -7.54826  0.00145455
    -7.54824  0.00145022
    -7.54815  0.00144885
    -7.54819  0.00144518
    -7.54813  0.00144211
     -7.5481  0.00143811
    -7.54805  0.00143435
    -7.54812  0.00143156
    -7.54819  0.00142892
    -7.54816  0.00142494
    -7.54822  0.00142176
    -7.54804  0.00142831
    -7.54804  0.00142402
    -7.54808  0.00142033
    -7.54816  0.00141804
    -7.54813  0.00141403
     -7.5482  0.00141158
    -7.54814  0.00140894
    -7.54815  0.00140484
    -7.54813  0.00140086
    -7.54804   0.0013996
    -7.54796  0.00139765
    -7.54801   0.0013945
    -7.54801  0.00139045
    -7.54806  0.00138713
    -7.54801  0.00138399
    -7.54809  0.00138275
      -7.548  0.00138215
    -7.54807  0.00138018
    -7.54804  0.00137671
    -7.54809   0.0013738
    -7.54813  0.00137048
    -7.54816  0.00136686
    -7.54813   0.0013632
    -7.54807  0.00136087
    -7.54812  0.00135794
    -7.54804  0.00135626
      -7.548  0.00135297
    -7.54792  0.00135184
    -7.54798   0.0013493
    -7.54798  0.00134557
    -7.54799  0.00134194
    -7.54803  0.00133882
    -7.54806  0.00133545
    -7.54809  0.00133214
    -7.54798  0.00133337
    -7.54799  0.00132981
    -7.54798  0.00132624
    -7.54804  0.00132391
    -7.54792  0.00132588
    -7.54775  0.00133264
    -7.54774  0.00132918
    -7.54782   0.0013283
    -7.54783   0.0013248
    -7.54786  0.00132155
    -7.54776   0.0013216
    -7.54776   0.0013181
    -7.54773  0.00131496
    -7.54771  0.00131157
    -7.54771  0.00130812
    -7.54775  0.00130514
    -7.54776  0.00130178
    -7.54795  0.00131179
     -7.5479  0.00130925
    -7.54789  0.00130591
    -7.54779  0.00130584
    -7.54785   0.0013036
    -7.54795  0.00130436
    -7.54786  0.00130447
    -7.54779  0.00130312
    -7.54777  0.00129991
    -7.54773  0.00129709
    -7.54766  0.00129556
    -7.54753  0.00129954
    -7.54755  0.00129646
    -7.54755  0.00129319
    -7.54757  0.00129006
    -7.54749  0.00128921
    -7.54751  0.00128612
    -7.54743  0.00128526
    -7.54738  0.00128317
    -7.54726  0.00128491
    -7.54726  0.00128174
    -7.54729  0.00127903
    -7.54724  0.00127701
    -7.54721  0.00127414
    -7.54719  0.00127112
    -7.54717  0.00126821
     -7.5472  0.00126549
    -7.54723   0.0012628
    -7.54716  0.00126205
    -7.54725  0.00126253
    -7.54716  0.00126274
    -7.54719  0.00126007
    -7.54717  0.00125723
    -7.54714  0.00125454
    -7.54722  0.00125381
    -7.54723  0.00125085
    -7.54729   0.0012495
    -7.54725  0.00124711
    -7.54717  0.00124693
    -7.54715  0.00124418
    -7.54722  0.00124325
    -7.54724  0.00124061
    -7.54725  0.00123769
    -7.54712   0.0012416
    -7.54713  0.00123882
    -7.54702   0.0012415
    -7.54684   0.0012516
    -7.54688  0.00124936
    -7.54687  0.00124647
    -7.54686  0.00124363
    -7.54686  0.00124076
    -7.54689  0.00123816
    -7.54687  0.00123548
    -7.54691  0.00123347
    -7.54678  0.00123742
    -7.54672  0.00123612
    -7.54672  0.00123331
    -7.54679  0.00123226
    -7.54688  0.00123241
    -7.54687  0.00122966
    -7.54683  0.00122749
    -7.54683  0.00122473
    -7.54683  0.00122198
    -7.54677  0.00122066
    -7.54674  0.00121834
    -7.54667  0.00121788
    -7.54671  0.00121582
    -7.54673  0.00121335
    -7.54672  0.00121076
    -7.54676  0.00120891
    -7.54679  0.00120656
    -7.54673  0.00120516
     -7.5468  0.00120458
    -7.54675  0.00120328
    -7.54667  0.00120292
    -7.54659   0.0012033
    -7.54664  0.00120187
    -7.54667  0.00119962
    -7.54673  0.00119852
    -7.54671  0.00119604
    -7.54676  0.00119417
    -7.54675  0.00119162
    -7.54672  0.00118937
    -7.54654  0.00120035
    -7.54643  0.00120319
    -7.54645   0.0012008
    -7.54648  0.00119857
    -7.54647  0.00119603
     -7.5465  0.00119373
    -7.54638  0.00119694
    -7.54644   0.0011962
    -7.54644  0.00119368
    -7.54644  0.00119117
    -7.54648  0.00118915
    -7.54643  0.00118748
    -7.54644    0.001185
    -7.54642  0.00118258
     -7.5464  0.00118029
    -7.54645  0.00117885
    -7.54647  0.00117659
    -7.54651  0.00117463
     -7.5465  0.00117221
    -7.54649  0.00116988
    -7.54656  0.00116995
    -7.54658  0.00116762
    -7.54662  0.00116604
    -7.54661  0.00116373
    -7.54662  0.00116147
    -7.54661   0.0011592
    -7.54673  0.00116325
     -7.5468  0.00116301
    -7.54687  0.00116255
     -7.5469  0.00116052
    -7.54686  0.00115863
    -7.54678   0.0011593
    -7.54681   0.0011573
    -7.54669  0.00116082
    -7.54663  0.00115993
