           0           0           0
           1           0           0
           2           0           0
           3           0           0
           4           0           0
           5           0           0
           6           0           0
           7           0           0
           8           0           0
           9           0           0
          10           0           0
          11           0           0
          12           0           0
          13           0           0
          14           0           0
          15           0           0
          16           0           0
          17           0           0
          18           0           0
          19           0           0
          20           0           0
          21           0           0
          22           0           0
          23           0           0
          24           0           0
          25           0           0
          26           0           0
          27           0           0
          28           0           0
          29           0           0
          30           0           0
          31           0           0
          32           0           0
          33           0           0
          34           0           0
          35           0           0
          36           0           0
          37           0           0
          38  8.5423e-05  1.2564e-05
          39  0.00347418 8.47105e-05
          40   0.0475507 0.000335032
          41    0.293447  0.00101687
          42     1.00638  0.00198721
          43     2.23815  0.00244912
          44     3.62664  0.00231109
          45     4.62148  0.00246361
          46     4.89521  0.00322217
          47      4.4915  0.00347803
          48      3.6586  0.00286284
          49     2.69462  0.00198889
          50     1.81533  0.00140221
          51     1.13214  0.00118247
          52    0.653449  0.00120834
          53    0.353257   0.0010059
          54     0.17986 0.000833232
          55   0.0885555 0.000586538
          56   0.0488138  0.00044792
          57   0.0417509 0.000408944
          58   0.0604562 0.000469156
          59    0.105598 0.000549994
          60    0.183854 0.000637155
          61    0.300759 0.000677154
          62    0.453444 0.000626069
          63     0.62829 0.000630383
          64    0.797493 0.000834632
          65    0.921938  0.00118578
          66    0.970861   0.0013503
          67    0.929906  0.00123151
          68    0.808514   0.0009262
          69    0.641165 0.000613785
          70    0.465101 0.000573481
          71    0.316614 0.000636396
          72    0.219372  0.00076585
          73    0.191567 0.000897614
          74    0.254745  0.00105464
          75    0.434061  0.00128682
          76    0.749197  0.00134295
          77     1.19665  0.00112926
          78     1.72715 0.000931228
          79     2.23455  0.00136043
          80     2.59776  0.00205602
          81     2.71532  0.00251966
          82     2.55891  0.00232723
          83     2.18187  0.00165554
          84     1.69026 0.000860991
          85     1.20038 0.000837455
          86    0.801317   0.0011582
          87    0.542099  0.00133168
          88    0.433564  0.00125305
          89    0.460398  0.00111133
          90     0.58689 0.000819224
          91    0.758318 0.000510826
          92    0.916546 0.000614515
          93      1.0151 0.000915978
          94     1.02291  0.00100981
          95    0.919169 0.000784077
          96    0.780475 0.000511653
          97    0.653873 0.000699576
          98    0.571096  0.00104539
          99    0.572928  0.00127242
