     7.71377           0
     7.63234   0.0575828
     7.50309    0.112293
     7.50451   0.0842289
     7.53838    0.073877
     7.55712   0.0638968
      7.5707   0.0561938
     7.61907   0.0668186
     7.62214   0.0594648
     7.59525   0.0592847
      7.5984   0.0539786
     7.59198   0.0498598
     7.58188   0.0470367
     7.60417   0.0486742
      7.6118   0.0460231
     7.62028   0.0439198
     7.59681   0.0471891
     7.60156   0.0448053
     7.58722   0.0446825
     7.58917   0.0424911
     7.58864    0.040471
     7.57801   0.0400033
     7.59036   0.0401247
     7.59324   0.0385566
     7.58379   0.0381545
     7.57732   0.0372318
      7.5784   0.0358686
     7.58281   0.0348567
     7.58297   0.0336552
     7.57944   0.0327188
     7.58332   0.0318935
     7.58285   0.0309004
     7.57881   0.0302268
     7.58596   0.0301705
     7.58809   0.0293837
     7.58207   0.0291764
      7.5814   0.0283956
     7.57574   0.0282061
     7.56779   0.0285812
      7.5661    0.027917
     7.56636   0.0272374
     7.56195   0.0269428
     7.56537   0.0265322
     7.56501   0.0259317
     7.56567   0.0253637
     7.56662   0.0248302
     7.57365   0.0252766
     7.57387    0.024751
     7.57417   0.0242476
     7.57269   0.0238073
     7.56903   0.0236203
     7.56509    0.023493
     7.56653   0.0230939
     7.56934   0.0228365
     7.56925   0.0224214
     7.56874   0.0220268
     7.56981   0.0216663
     7.57157   0.0213646
     7.57664   0.0215937
     7.57866   0.0213283
     7.57921   0.0209857
     7.58238    0.020886
     7.58328   0.0205738
     7.58232   0.0202747
     7.57977   0.0201226
     7.57767    0.019927
     7.57895   0.0196708
     7.57917   0.0193827
     7.57961   0.0191068
     7.57745   0.0189556
     7.57949   0.0187984
     7.57888   0.0185472
     7.57728   0.0183625
     7.57968   0.0182714
     7.57779   0.0181255
     7.57613   0.0179632
     7.57735   0.0177714
     7.57508   0.0176877
     7.57549   0.0174686
      7.5786   0.0175253
     7.57934   0.0173246
     7.57895   0.0171178
     7.57824   0.0169265
     7.57871   0.0167316
     7.58076     0.01666
     7.58017   0.0164766
     7.57982   0.0162909
     7.57971   0.0161062
        7.58   0.0159279
     7.57958   0.0157565
     7.57865   0.0156106
     7.57883   0.0154419
     7.57991   0.0153137
     7.58067   0.0151695
     7.58049   0.0150108
     7.57916   0.0149136
     7.57802    0.014803
     7.57747   0.0146624
     7.57617   0.0145714
     7.57752   0.0144876
     7.57749   0.0143442
     7.57975   0.0143804
      7.5793   0.0142479
     7.57652   0.0143786
     7.57444   0.0143913
     7.57506   0.0142686
     7.57534    0.014138
     7.57288     0.01422
     7.57379    0.014119
     7.57354    0.013993
     7.57144   0.0140225
     7.57229   0.0139227
     7.57054   0.0139091
     7.57048   0.0137872
     7.56896    0.013751
      7.5677   0.0136903
      7.5679   0.0135748
     7.56853   0.0134742
     7.56859   0.0133611
     7.56852   0.0132499
     7.56862   0.0131408
     7.57023   0.0131309
     7.56959   0.0130394
      7.5719   0.0131373
     7.57292   0.0130714
     7.57187   0.0130101
     7.57076   0.0129547
     7.57027   0.0128626
     7.57193   0.0128693
     7.57256   0.0127855
     7.57071   0.0128214
     7.57281   0.0128957
     7.57349   0.0128168
     7.57462   0.0127704
     7.57278   0.0128065
     7.57314   0.0127173
     7.57201   0.0126747
     7.57168   0.0125872
     7.57192    0.012499
     7.57306   0.0124618
     7.57476   0.0124888
     7.57457   0.0124025
     7.57507   0.0123259
     7.57544   0.0122458
     7.57686    0.012244
     7.57551   0.0122349
     7.57425   0.0122163
     7.57314   0.0121839
     7.57349   0.0121072
     7.57222   0.0120935
      7.5721    0.012014
     7.57378   0.0120517
     7.57369   0.0119733
     7.57345   0.0118979
     7.57351   0.0118213
     7.57333    0.011747
     7.57285   0.0116818
     7.57287   0.0116079
      7.5711   0.0116691
     7.57054   0.0116096
     7.56989   0.0115557
     7.56993   0.0114844
     7.56879   0.0114707
      7.5702    0.011487
     7.56986   0.0114224
     7.56958    0.011357
     7.57029   0.0113112
      7.5699   0.0112505
     7.57005   0.0111849
     7.57096   0.0111566
     7.57063   0.0110965
     7.57122    0.011048
     7.57028    0.011024
     7.57176   0.0110596
      7.5718   0.0109965
     7.57135   0.0109435
     7.57112   0.0108842
     7.57291   0.0109702
     7.57346   0.0109224
     7.57363   0.0108631
     7.57326   0.0108092
     7.57286   0.0107575
     7.57248   0.0107054
     7.57298   0.0106591
     7.57373   0.0106279
     7.57406   0.0105757
     7.57425   0.0105208
     7.57455   0.0104691
     7.57541   0.0104494
     7.57477   0.0104138
     7.57427   0.0103713
     7.57412   0.0103184
     7.57386   0.0102684
      7.5731   0.0102434
     7.57384   0.0102179
     7.57454   0.0101894
      7.5755   0.0101833
      7.5754   0.0101323
     7.57557   0.0100828
     7.57547   0.0100329
     7.57698   0.0100956
     7.57666   0.0100505
     7.57674   0.0100013
      7.5757   0.0100072
     7.57646  0.00998722
     7.57712  0.00996092
     7.57633  0.00994432
     7.57599  0.00990217
     7.57548   0.0098682
     7.57563  0.00982232
      7.5774  0.00993503
     7.57743  0.00988822
     7.57755  0.00984247
     7.57849  0.00984164
      7.5801  0.00992595
     7.57945  0.00990116
     7.57901  0.00986546
     7.57853  0.00983173
     7.57861  0.00978718
     7.57788  0.00977035
     7.57823  0.00973244
     7.57831  0.00968899
     7.57917  0.00968286
     7.57864  0.00965392
     7.57816  0.00962311
     7.57801  0.00958169
     7.57745  0.00955549
     7.57745  0.00951358
     7.57632  0.00953819
     7.57708  0.00952686
     7.57778  0.00951082
     7.57818   0.0094786
     7.57842  0.00944097
     7.57747  0.00944848
     7.57725  0.00941091
     7.57812  0.00941119
     7.57869  0.00938893
     7.57916  0.00936119
     7.57993  0.00935368
     7.58023  0.00931941
     7.58068  0.00929178
     7.58088  0.00925549
     7.57981  0.00927927
     7.57937  0.00925143
     7.57918  0.00921571
      7.5799  0.00920668
     7.58052  0.00919009
     7.58098  0.00916453
     7.58112  0.00912875
     7.58055   0.0091097
     7.58028  0.00907745
     7.57983  0.00905256
     7.58032  0.00903011
     7.57972  0.00901445
     7.58019  0.00899109
     7.58081  0.00897744
     7.58123  0.00895217
     7.58123  0.00891747
     7.58163    0.008892
     7.58225   0.0088799
      7.5837  0.00896222
     7.58371  0.00892802
     7.58429  0.00891278
     7.58383  0.00889051
      7.5835   0.0088633
     7.58381  0.00883558
     7.58401  0.00880468
     7.58473  0.00880109
     7.58533  0.00878898
     7.58584  0.00877119
     7.58593   0.0087393
     7.58636  0.00871749
     7.58643  0.00868583
      7.5856  0.00869289
     7.58632  0.00869106
     7.58573  0.00867992
     7.58568  0.00864873
     7.58654  0.00865986
     7.58668  0.00863001
      7.5871  0.00860962
     7.58658  0.00859501
     7.58701  0.00857542
     7.58743  0.00855533
     7.58671   0.0085555
     7.58644  0.00852953
     7.58688  0.00851106
     7.58632  0.00849994
     7.58567  0.00849536
      7.5858  0.00846699
     7.58599  0.00843975
     7.58509  0.00845812
     7.58466  0.00844022
     7.58547  0.00845007
     7.58507  0.00843057
     7.58483  0.00840555
     7.58476  0.00837742
       7.585   0.0083526
     7.58499  0.00832458
      7.5842  0.00833424
     7.58405  0.00830784
      7.5839  0.00828153
     7.58332  0.00827457
     7.58334  0.00824731
     7.58383  0.00823426
     7.58462  0.00824587
     7.58476  0.00822009
     7.58495  0.00819546
     7.58488  0.00816917
     7.58434   0.0081604
     7.58442  0.00813449
     7.58448   0.0081085
     7.58505  0.00810311
     7.58575  0.00810714
     7.58556  0.00808356
     7.58535  0.00806053
     7.58497   0.0080441
      7.5848  0.00802066
     7.58555  0.00803053
     7.58518  0.00801377
     7.58477   0.0079989
     7.58432  0.00798713
     7.58443  0.00796318
     7.58495  0.00795543
      7.5847  0.00793497
     7.58508  0.00791968
     7.58528  0.00789804
     7.58556  0.00787877
     7.58516   0.0078648
     7.58482  0.00784831
     7.58497  0.00782596
     7.58464  0.00780937
     7.58562  0.00784748
      7.5856  0.00782393
     7.58538  0.00780361
     7.58498  0.00779075
     7.58514  0.00776921
     7.58474  0.00775644
     7.58508  0.00774109
     7.58498  0.00771894
     7.58511  0.00769724
      7.5856   0.0076905
     7.58601  0.00767917
     7.58575  0.00766145
     7.58577  0.00763923
     7.58556  0.00762004
     7.58583  0.00760279
     7.58536   0.0075955
     7.58586  0.00759041
      7.5855  0.00757734
     7.58572  0.00755895
     7.58543  0.00754295
     7.58521  0.00752494
     7.58505  0.00750516
     7.58517  0.00748482
     7.58553  0.00747245
     7.58526  0.00745642
     7.58566  0.00744674
      7.5859  0.00742976
     7.58638  0.00742424
     7.58609  0.00740922
     7.58605  0.00738881
     7.58596  0.00736892
     7.58573  0.00735224
     7.58557   0.0073339
     7.58536  0.00731657
     7.58601  0.00732478
     7.58592  0.00730533
     7.58595  0.00728553
     7.58565  0.00727206
     7.58631  0.00728238
     7.58724  0.00732215
     7.58737   0.0073037
     7.58692  0.00729802
     7.58687  0.00727867
     7.58673  0.00726076
     7.58727  0.00726144
     7.58732  0.00724236
     7.58748  0.00722497
     7.58755  0.00720628
     7.58751  0.00718742
     7.58734  0.00717063
     7.58731  0.00715193
     7.58627  0.00720743
     7.58655  0.00719382
     7.58661   0.0071754
     7.58713  0.00717561
     7.58683  0.00716333
     7.58626  0.00716759
     7.58677  0.00716716
     7.58713  0.00715814
     7.58721  0.00714025
     7.58745  0.00712622
     7.58784  0.00711864
     7.58858  0.00713872
     7.58843  0.00712213
     7.58842  0.00710415
     7.58832  0.00708708
     7.58876  0.00708291
     7.58868  0.00706559
     7.58908   0.0070594
     7.58937  0.00704763
     7.58999  0.00705783
     7.59005  0.00704054
     7.58985  0.00702593
     7.59012  0.00701391
     7.59029  0.00699867
     7.59039  0.00698215
     7.59051  0.00696608
     7.59035  0.00695095
     7.59018  0.00693606
     7.59061  0.00693244
     7.59009   0.0069352
      7.5906  0.00693707
     7.59046   0.0069217
     7.59058  0.00690611
     7.59074  0.00689137
     7.59033  0.00688714
     7.59026  0.00687104
     7.58991  0.00686336
     7.59013  0.00685057
     7.59061  0.00685118
     7.59076  0.00683643
     7.59039  0.00683019
      7.5902  0.00681659
     7.59016  0.00680069
     7.59089  0.00682391
     7.59081  0.00680845
     7.59141  0.00681978
     7.59239  0.00687339
     7.59217  0.00686103
     7.59218  0.00684513
     7.59224  0.00682953
     7.59221  0.00681381
      7.5921  0.00679911
     7.59219  0.00678412
     7.59192  0.00677379
     7.59267  0.00679905
     7.59298  0.00679083
     7.59294  0.00677548
     7.59259  0.00676927
     7.59215   0.0067684
     7.59218  0.00675318
     7.59239  0.00674111
     7.59239  0.00672593
     7.59237  0.00671086
      7.5927  0.00670394
     7.59291  0.00669221
     7.59334   0.0066908
     7.59311  0.00667968
     7.59297  0.00666638
     7.59304  0.00665201
      7.5928  0.00664153
     7.59264  0.00662877
     7.59295  0.00662118
     7.59256  0.00661813
     7.59283  0.00660915
     7.59324  0.00660738
     7.59371  0.00660983
     7.59341  0.00660254
     7.59324  0.00659027
     7.59292  0.00658391
       7.593  0.00657018
     7.59278  0.00655954
     7.59282   0.0065455
     7.59293  0.00653234
     7.59392  0.00659308
     7.59453  0.00660683
     7.59441  0.00659373
     7.59427  0.00658109
      7.5943  0.00656713
     7.59416  0.00655466
     7.59481  0.00657319
     7.59444  0.00656951
     7.59443  0.00655566
     7.59442  0.00654186
     7.59422  0.00653141
     7.59444  0.00652166
     7.59443  0.00650803
     7.59449  0.00649472
     7.59461  0.00648233
     7.59432  0.00647534
      7.5942  0.00646301
     7.59402  0.00645211
     7.59405  0.00643882
     7.59412    0.006426
     7.59369  0.00642719
     7.59361  0.00641459
     7.59338  0.00640537
     7.59344  0.00639259
     7.59335  0.00638028
     7.59343  0.00636779
     7.59278  0.00638757
     7.59241  0.00638547
     7.59203  0.00638369
     7.59188  0.00637264
     7.59205  0.00636221
     7.59252  0.00636673
     7.59236  0.00635612
     7.59297  0.00637314
      7.5933  0.00636891
