     0.37557     0.37557           0
    0.369983    0.372777  0.00197543
    0.224315    0.323289   0.0404275
    0.248804    0.304668   0.0343425
    0.302474    0.304229   0.0274768
    0.223702    0.290808   0.0259691
    0.236243    0.283013   0.0233999
    0.351178    0.291534   0.0219715
    0.321278    0.294839   0.0197773
    0.329631    0.298318    0.018103
    0.333881    0.301551   0.0167435
    0.278361    0.299618   0.0154593
    0.292153    0.299044   0.0142808
    0.332228    0.301414    0.013456
    0.253503     0.29822   0.0129325
    0.358174    0.301967   0.0126554
    0.258448    0.299407   0.0121671
    0.297799    0.299318   0.0114915
    0.230808    0.295712   0.0114384
    0.387927    0.300323   0.0117591
    0.308515    0.300713   0.0112056
    0.288553     0.30016   0.0107099
    0.357714    0.302663   0.0105325
    0.283214    0.301852   0.0101248
    0.278987    0.300938  0.00976102
    0.341258    0.302488  0.00950799
    0.308113    0.302697  0.00915812
    0.290528    0.302262  0.00884135
    0.303696    0.302312  0.00853662
    0.322312    0.302978  0.00827805
    0.303376    0.302991  0.00801103
    0.367607     0.30501  0.00801113
    0.347153    0.306287   0.0078695
     0.36718    0.308078  0.00783919
    0.361729    0.309611  0.00776364
    0.264491    0.308358  0.00764848
    0.243768    0.306612  0.00763838
    0.313516    0.306794  0.00743953
    0.332032    0.307441  0.00727686
     0.34336    0.308339  0.00715013
    0.316155     0.30853  0.00697828
    0.274184    0.307712  0.00685988
    0.422027     0.31037  0.00719707
    0.357987    0.311453   0.0071144
    0.166381    0.308229  0.00765194
     0.36608    0.309486  0.00758824
    0.317821    0.309664  0.00742886
    0.242006    0.308254   0.0074066
    0.279847    0.307674   0.0072781
    0.334449     0.30821  0.00715221
    0.346493    0.308961  0.00705126
    0.254305     0.30791  0.00699355
    0.315722    0.308057  0.00686315
    0.308832    0.308071  0.00673607
    0.331821    0.308503  0.00662742
    0.318636    0.308684  0.00651155
    0.373359    0.309819  0.00649541
    0.300303    0.309655   0.0063855
    0.322131    0.309866  0.00628077
    0.271057    0.309219   0.0062093
     0.31259    0.309275  0.00610776
    0.291361    0.308986  0.00601608
    0.346965    0.309588  0.00595071
    0.291453    0.309305  0.00586447
     0.40321     0.31075  0.00594954
    0.333054    0.311088  0.00586898
    0.309571    0.311065  0.00578143
    0.285511    0.310689  0.00570861
    0.289133    0.310377  0.00563442
    0.330127    0.310659  0.00556099
    0.266186    0.310033  0.00551783
    0.275759    0.309557  0.00546168
    0.322337    0.309732  0.00538967
    0.255999    0.309006  0.00536553
    0.302258    0.308916  0.00529474
    0.271243     0.30842  0.00524823
    0.369577    0.309214  0.00523982
    0.284699      0.3089  0.00518206
    0.385642    0.309871  0.00520672
    0.359224    0.310488  0.00517806
    0.296311    0.310313  0.00511709
    0.290766    0.310075  0.00506023
    0.265457    0.309537  0.00502774
    0.322382     0.30969  0.00497021
    0.320967    0.309823  0.00491351
    0.329798    0.310055  0.00486186
    0.342195    0.310425  0.00481999
    0.327078    0.310614  0.00476893
    0.327787    0.310807  0.00471925
    0.324146    0.310955  0.00466914
     0.29903    0.310824  0.00461967
    0.304569    0.310756  0.00456996
    0.336861    0.311037  0.00452943
    0.300966    0.310929  0.00448251
    0.308057    0.310899  0.00443543
    0.347923    0.311285  0.00440596
    0.262895    0.310786  0.00438869
    0.316232    0.310842  0.00434426
    0.290628    0.310637  0.00430517
    0.281365    0.310345  0.00427206
     0.33937    0.310632  0.00423942
    0.278606    0.310318  0.00420947
    0.353947    0.310742  0.00418986
    0.292762    0.310569  0.00415313
    0.295842    0.310429  0.00411595
    0.317661    0.310497  0.00407768
    0.363323     0.31099  0.00406935
    0.332817    0.311193  0.00403669
    0.389239    0.311909  0.00406266
    0.348035    0.312237  0.00403898
    0.336682    0.312457  0.00400859
    0.223591    0.311664  0.00405057
    0.310924    0.311657  0.00401473
    0.335893     0.31187  0.00398514
    0.351278    0.312212  0.00396519
    0.321069    0.312289  0.00393174
    0.276895    0.311986  0.00390976
    0.299227    0.311878  0.00387812
    0.387012     0.31251  0.00389659
    0.343821    0.312771  0.00387284
     0.32043    0.312834  0.00384135
    0.275328    0.312526  0.00382215
    0.298057    0.312409  0.00379288
    0.278055    0.312132   0.0037724
    0.256734    0.311689  0.00376816
    0.308657    0.311664  0.00373833
    0.347756    0.311949  0.00371968
    0.369928    0.312402   0.0037181
    0.314368    0.312417  0.00368931
    0.375038    0.312899  0.00369224
    0.421884    0.313731  0.00375662
    0.293295    0.313576  0.00373135
    0.304961    0.313511  0.00370385
    0.319532    0.313556  0.00367649
    0.356451    0.313874  0.00366296
    0.236478    0.313305  0.00367997
    0.335445    0.313466  0.00365665
    0.293352     0.31332  0.00363306
    0.361397    0.313666  0.00362335
    0.292489    0.313515  0.00360062
    0.290076    0.313349  0.00357892
    0.370866    0.313754  0.00357657
    0.303775    0.313684  0.00355223
    0.347534    0.313919  0.00353534
    0.328949    0.314023  0.00351247
    0.256211    0.313627  0.00351066
    0.249659    0.313192  0.00351365
    0.351405     0.31345  0.00349938
    0.323305    0.313516  0.00347652
    0.316761    0.313538  0.00345341
    0.315164    0.313548  0.00343056
    0.305284    0.313494  0.00340842
    0.433244    0.314277  0.00347484
     0.35509    0.314542  0.00346237
    0.260601    0.314194  0.00345748
    0.288779    0.314031  0.00343915
    0.343552    0.314219  0.00342238
    0.352408    0.314461  0.00340925
    0.310534    0.314436  0.00338789
     0.31831     0.31446  0.00336681
    0.284184    0.314272  0.00335114
    0.321048    0.314314  0.00333072
    0.353939    0.314557  0.00331914
    0.342135    0.314725  0.00330316
    0.354581    0.314967  0.00329196
    0.329765    0.315056  0.00327334
    0.296345    0.314944  0.00325565
    0.328035    0.315022  0.00323721
    0.318591    0.315043  0.00321812
    0.237273    0.314585  0.00323154
    0.269915    0.314324  0.00322319
    0.332018    0.314427  0.00320609
    0.324584    0.314486  0.00318809
     0.34416    0.314656  0.00317433
    0.315099    0.314659  0.00315619
    0.297388    0.314561  0.00313978
    0.206203    0.313948  0.00318117
    0.244378    0.313558  0.00318721
    0.379423    0.313926  0.00319058
    0.347623    0.314113  0.00317834
    0.396435    0.314568  0.00319316
    0.348255    0.314753  0.00318097
    0.346417    0.314926  0.00316829
    0.414376    0.315466  0.00319684
     0.31366    0.315456  0.00317958
    0.259188    0.315154  0.00317684
    0.322022    0.315191  0.00316007
    0.345009    0.315349  0.00314723
    0.370428    0.315641  0.00314405
    0.326374    0.315697  0.00312801
     0.32729    0.315758  0.00311222
    0.394823     0.31617  0.00312313
    0.351774    0.316354   0.0031124
    0.318902    0.316367  0.00309638
    0.311443    0.316342   0.0030806
    0.301369    0.316266  0.00306583
     0.21656    0.315759  0.00309176
    0.336886    0.315866  0.00307799
    0.354949    0.316063  0.00306878
    0.291338    0.315939  0.00305593
     0.31352    0.315927  0.00304075
    0.350216    0.316097  0.00303043
    0.311757    0.316075  0.00301558
    0.334116    0.316164  0.00300209
    0.291519    0.316044  0.00298985
     0.34747    0.316196  0.00297923
    0.265348     0.31595  0.00297494
    0.161465    0.315208  0.00305195
    0.268396    0.314984  0.00304555
    0.272053    0.314779   0.0030379
    0.349152    0.314942  0.00302787
    0.232163    0.314552  0.00303866
    0.342679    0.314684  0.00302726
     0.28391     0.31454  0.00301653
    0.300364    0.314474  0.00300322
    0.413615    0.314933  0.00302419
    0.285017    0.314795  0.00301339
    0.339654    0.314909  0.00300172
    0.347342    0.315057  0.00299167
    0.265988    0.314834  0.00298637
    0.388827    0.315169  0.00299157
    0.298709    0.315095  0.00297901
    0.300332    0.315029  0.00296639
    0.399902    0.315408  0.00297725
    0.291249      0.3153  0.00296595
    0.276492    0.315129  0.00295779
    0.316662    0.315135  0.00294477
    0.314672    0.315133  0.00293185
    0.281929    0.314988  0.00292264
    0.292408     0.31489  0.00291158
    0.372324    0.315139  0.00290957
    0.365897    0.315357  0.00290524
    0.272245    0.315172  0.00289866
     0.39115    0.315497   0.0029044
    0.324499    0.315535  0.00289229
    0.286809    0.315414   0.0028826
    0.393197    0.315742  0.00288906
    0.289215     0.31563  0.00287907
    0.340425    0.315734  0.00286889
    0.322853    0.315764  0.00285709
    0.330011    0.315823  0.00284585
    0.399698     0.31617  0.00285511
    0.341271    0.316273  0.00284523
    0.343589    0.316385  0.00283577
    0.311584    0.316365  0.00282427
    0.372636    0.316594  0.00282203
    0.249463    0.316322  0.00282367
    0.384833    0.316598  0.00282576
    0.287664    0.316482   0.0028168
    0.312712    0.316467  0.00280557
    0.339707     0.31656  0.00279592
    0.310017    0.316534  0.00278495
    0.342028    0.316635  0.00277576
    0.391508    0.316929  0.00278044
    0.357022    0.317087  0.00277398
    0.327352    0.317127  0.00276344
    0.234586    0.316806  0.00277128
    0.320424     0.31682  0.00276058
    0.380923    0.317067  0.00276099
    0.313134    0.317052  0.00275041
    0.277402      0.3169  0.00274407
    0.337474    0.316979  0.00273472
    0.312682    0.316962  0.00272437
    0.350252    0.317088  0.00271697
     0.37817    0.317319  0.00271647
    0.328757    0.317362   0.0027066
    0.328511    0.317404  0.00269679
    0.309032    0.317372   0.0026869
    0.326543    0.317406  0.00267713
    0.334144    0.317468  0.00266793
    0.303469    0.317417  0.00265859
    0.369875     0.31761   0.0026558
     0.30582    0.317566  0.00264643
    0.363626    0.317735   0.0026421
     0.22342    0.317392  0.00265466
    0.330002    0.317437  0.00264543
    0.298421    0.317369  0.00263677
     0.33862    0.317445   0.0026284
    0.375676    0.317654  0.00262725
    0.383821     0.31789  0.00262847
    0.279398    0.317753  0.00262269
    0.337832    0.317824  0.00261435
    0.247207    0.317575    0.002617
    0.185637     0.31711  0.00264869
     0.26291     0.31692  0.00264622
    0.295862    0.316846  0.00263799
    0.354593    0.316978  0.00263208
    0.319177    0.316986  0.00262295
    0.372476    0.317178  0.00262089
    0.312798    0.317162   0.0026119
    0.345406    0.317259  0.00260472
    0.318497    0.317264  0.00259581
    0.290626    0.317173  0.00258854
    0.306191    0.317135     0.00258
    0.247511    0.316899  0.00258203
    0.316083    0.316897  0.00257331
    0.392488    0.317151   0.0025772
    0.313493    0.317139  0.00256858
    0.323407     0.31716  0.00256008
     0.28035    0.317037  0.00255448
    0.357661    0.317172  0.00254956
    0.295107    0.317099  0.00254216
    0.278983    0.316973  0.00253688
    0.356582    0.317104  0.00253188
    0.395164     0.31736  0.00253648
      0.3342    0.317415  0.00252879
    0.273743    0.317272  0.00252455
    0.303327    0.317227  0.00251676
     0.29903    0.317168   0.0025093
    0.289569    0.317079  0.00250279
    0.330317    0.317122   0.0024951
    0.309872    0.317098  0.00248721
    0.375289    0.317284  0.00248621
     0.35043     0.31739  0.00248053
    0.291955    0.317309  0.00247397
     0.33884    0.317377  0.00246708
    0.309495    0.317352  0.00245942
    0.278387     0.31723  0.00245474
    0.286696    0.317134  0.00244891
    0.293995    0.317062  0.00244232
    0.319616     0.31707  0.00243473
    0.253395    0.316872  0.00243518
    0.363505    0.317016  0.00243192
    0.343538    0.317098  0.00242579
    0.339016    0.317166  0.00241926
     0.35824    0.317292  0.00241512
    0.258551    0.317112  0.00241441
    0.342169    0.317188  0.00240825
    0.286869    0.317096   0.0024027
    0.339601    0.317165  0.00239638
    0.257692    0.316985  0.00239587
    0.362557    0.317122  0.00239258
    0.361896    0.317257  0.00238917
    0.355386    0.317371  0.00238474
    0.335107    0.317424  0.00237821
    0.336618    0.317481  0.00237182
    0.381473    0.317671  0.00237237
    0.383292    0.317865  0.00237328
     0.31155    0.317846  0.00236636
    0.321127    0.317856  0.00235942
     0.37056     0.31801  0.00235755
    0.298838    0.317954  0.00235133
    0.423951    0.318263  0.00236469
    0.314537    0.318253  0.00235784
    0.256427    0.318073  0.00235781
    0.305671    0.318038  0.00235127
      0.2998    0.317985  0.00234508
    0.338677    0.318044  0.00233909
    0.330256    0.318079  0.00233265
    0.316168    0.318074  0.00232599
      0.2837    0.317976  0.00232143
    0.319195    0.317979  0.00231484
    0.288146    0.317895  0.00230982
    0.338431    0.317953  0.00230402
    0.310995    0.317933  0.00229762
    0.339789    0.317995  0.00229198
    0.370022    0.318141  0.00229019
    0.293662    0.318072  0.00228481
    0.355759    0.318177  0.00228086
    0.282787    0.318079  0.00227664
    0.360475    0.318196  0.00227336
    0.231449    0.317957  0.00227968
    0.364417    0.318085  0.00227699
    0.231409    0.317846  0.00228315
    0.376188    0.318006  0.00228248
    0.349704    0.318093  0.00227789
    0.376339    0.318252   0.0022772
    0.335429    0.318298  0.00227149
    0.308685    0.318272  0.00226549
    0.310293    0.318251  0.00225947
    0.207772    0.317953  0.00227292
    0.317465    0.317952  0.00226681
    0.337912    0.318005  0.00226136
    0.408552    0.318247  0.00226824
    0.385109    0.318426  0.00226919
    0.305172     0.31839  0.00226342
    0.336698    0.318439  0.00225794
    0.283767    0.318347  0.00225383
    0.364189    0.318468  0.00225113
    0.261109    0.318317  0.00225026
    0.326987     0.31834  0.00224447
    0.341803    0.318401  0.00223943
    0.304929    0.318366  0.00223386
     0.37157    0.318505  0.00223234
    0.305985    0.318472  0.00222677
    0.283108    0.318381  0.00222289
    0.246375    0.318194  0.00222492
    0.342117    0.318256  0.00222004
    0.310904    0.318237  0.00221441
     0.29654    0.318182  0.00220943
    0.372396     0.31832  0.00220813
     0.31594    0.318314   0.0022025
    0.368256    0.318441  0.00220056
    0.344809    0.318508  0.00219599
      0.3202    0.318512  0.00219044
    0.317143    0.318509  0.00218491
    0.328955    0.318535  0.00217957
    0.294929    0.318476   0.0021749
    0.301229    0.318433  0.00216987
    0.328113    0.318457  0.00216459
    0.338578    0.318507  0.00215977
    0.355014    0.318598   0.0021563
     0.28138    0.318506  0.00215293
    0.240061    0.318311  0.00215634
    0.311707    0.318295  0.00215108
    0.316813    0.318291  0.00214578
    0.269955    0.318173  0.00214379
     0.27963    0.318078  0.00214062
     0.36468    0.318192  0.00213842
    0.282395    0.318105  0.00213498
    0.357078      0.3182  0.00213189
    0.356812    0.318293  0.00212878
    0.311239    0.318276  0.00212369
    0.325176    0.318293  0.00211863
    0.326838    0.318314  0.00211362
    0.274743    0.318209  0.00211113
    0.369261    0.318331  0.00210962
    0.346737    0.318399  0.00210567
    0.403861    0.318603   0.0021105
    0.322628    0.318613  0.00210549
      0.2811    0.318524  0.00210238
    0.332748    0.318557  0.00209766
    0.308754    0.318534  0.00209283
    0.318839    0.318535   0.0020879
    0.316623     0.31853  0.00208299
    0.284822    0.318451   0.0020796
    0.296675      0.3184  0.00207536
    0.285789    0.318324  0.00207191
    0.262612    0.318194  0.00207114
    0.318704    0.318195  0.00206633
    0.316417    0.318191  0.00206154
    0.377311    0.318328   0.0020613
    0.414601     0.31855   0.0020685
    0.323633    0.318562  0.00206376
    0.361148     0.31866  0.00206134
    0.362208     0.31876  0.00205903
     0.38321    0.318907  0.00205959
    0.239899    0.318727  0.00206278
     0.33548    0.318765  0.00205843
    0.310368    0.318746  0.00205384
    0.253611    0.318598  0.00205449
    0.328207     0.31862  0.00204995
    0.337552    0.318663  0.00204577
    0.346935    0.318727  0.00204216
      0.3192    0.318728  0.00203757
    0.329605    0.318752  0.00203314
    0.307011    0.318726  0.00202877
    0.302456    0.318689  0.00202456
    0.264985     0.31857  0.00202358
    0.282764     0.31849  0.00202065
    0.374609    0.318615     0.00202
    0.269078    0.318505   0.0020185
    0.397314    0.318679  0.00202153
    0.302282    0.318643   0.0020174
     0.26795    0.318532  0.00201604
    0.318028     0.31853  0.00201162
    0.275373    0.318436  0.00200943
    0.369444    0.318547  0.00200813
     0.24475    0.318387  0.00201018
    0.320118     0.31839  0.00200581
    0.354335    0.318468  0.00200297
    0.339941    0.318515  0.00199918
    0.311211    0.318499  0.00199492
    0.324748    0.318513  0.00199067
    0.362758    0.318608  0.00198866
    0.309599    0.318588  0.00198449
    0.279063    0.318504  0.00198204
    0.328552    0.318525  0.00197792
    0.412664    0.318726  0.00198386
    0.344556    0.318781   0.0019804
    0.347004    0.318841  0.00197711
    0.361949    0.318932  0.00197503
    0.302469    0.318897  0.00197116
    0.385216    0.319037  0.00197196
     0.30968    0.319018   0.0019679
    0.355054    0.319093  0.00196523
    0.354419    0.319167   0.0019625
     0.33469      0.3192  0.00195866
    0.298426    0.319156  0.00195505
     0.31413    0.319146  0.00195101
    0.316626    0.319141  0.00194696
    0.297781    0.319096  0.00194343
    0.181693    0.318812  0.00196011
    0.291011    0.318754   0.0019569
    0.181243    0.318471   0.0019733
    0.284825    0.318402  0.00197046
    0.290828    0.318345  0.00196722
    0.235639    0.318176  0.00197048
    0.286292     0.31811  0.00196753
     0.32977    0.318134  0.00196366
    0.303873    0.318105  0.00195987
    0.283685    0.318035  0.00195714
    0.349097    0.318098  0.00195418
    0.354407    0.318172  0.00195161
     0.37858    0.318294  0.00195147
    0.336593    0.318331  0.00194789
    0.349606    0.318394  0.00194499
     0.28214    0.318321  0.00194244
    0.232534    0.318149  0.00194614
    0.306571    0.318126  0.00194239
