   -0.823001   -0.823001           0
   -0.798906   -0.810954   0.0085186
   -0.694907   -0.772271   0.0320903
    -0.67722   -0.748509   0.0316664
   -0.732855   -0.745378   0.0254874
   -0.659658   -0.731091    0.024924
   -0.660483   -0.721004   0.0233154
   -0.823198   -0.733779   0.0236428
   -0.767457   -0.737521   0.0213099
   -0.807093   -0.744478   0.0202829
   -0.789218   -0.748545   0.0188424
   -0.676773   -0.742564   0.0181967
   -0.736662    -0.74211   0.0168026
    -0.77043   -0.744133   0.0157237
   -0.684412   -0.740152   0.0151711
   -0.816855   -0.744946   0.0149612
   -0.689131   -0.741662   0.0144369
   -0.722886   -0.740619   0.0136725
   -0.694832   -0.738209   0.0131635
   -0.841634   -0.743381   0.0134829
   -0.756104   -0.743987   0.0128545
   -0.690672   -0.741563   0.0124965
   -0.822651   -0.745089   0.0124406
   -0.722879   -0.744163   0.0119566
   -0.769451   -0.745175    0.011521
    -0.78911   -0.746865   0.0112012
   -0.736188   -0.746469   0.0107933
   -0.719039    -0.74549   0.0104522
   -0.805457   -0.747557   0.0102943
   -0.801254   -0.749347   0.0101055
   -0.724267   -0.748538  0.00981188
   -0.837574   -0.751321  0.00989189
   -0.814289   -0.753229  0.00977445
     -0.8208   -0.755216   0.0096869
   -0.803892   -0.756607  0.00950944
    -0.71571   -0.755471  0.00931289
   -0.700529   -0.753986  0.00917881
   -0.765003   -0.754276  0.00894184
   -0.752026   -0.754218  0.00871275
   -0.772604   -0.754678  0.00850705
   -0.791604   -0.755578   0.0083471
   -0.674953   -0.753659  0.00836619
   -0.884751   -0.756707   0.0087094
   -0.817665   -0.758093  0.00862094
   -0.641233   -0.755496  0.00881182
   -0.822279   -0.756948  0.00873904
   -0.732984   -0.756438  0.00856796
    -0.69799    -0.75522  0.00847555
   -0.730063   -0.754707  0.00831811
   -0.777548   -0.755164  0.00816428
   -0.793561   -0.755916  0.00803884
   -0.714231   -0.755115  0.00792412
    -0.75502   -0.755113   0.0077746
   -0.751299   -0.755042  0.00763095
   -0.834172   -0.756481  0.00762663
   -0.766135   -0.756654  0.00749238
   -0.807779    -0.75755  0.00741443
   -0.704965   -0.756644  0.00734182
   -0.782153   -0.757076   0.0072301
   -0.694103   -0.756027  0.00718538
   -0.721003   -0.755452  0.00709049
   -0.693647   -0.754456  0.00704585
   -0.824055    -0.75556  0.00702009
   -0.745239   -0.755399  0.00691225
   -0.846426     -0.7568  0.00694632
   -0.777009   -0.757106  0.00684782
   -0.756603   -0.757098  0.00674562
   -0.732133   -0.756731   0.0066564
   -0.753879    -0.75669  0.00656006
   -0.799689   -0.757304  0.00649504
   -0.719358    -0.75677  0.00642551
   -0.692817   -0.755881  0.00639737
   -0.759168   -0.755926  0.00630989
   -0.703745   -0.755221   0.0062639
    -0.76197   -0.755311  0.00618103
   -0.728354   -0.754957  0.00610987
   -0.801766   -0.755564  0.00606068
   -0.653487   -0.754256  0.00612265
   -0.843348   -0.755384  0.00614813
   -0.774865   -0.755627   0.0060761
   -0.702347   -0.754969  0.00603658
   -0.734399   -0.754718  0.00596818
   -0.616387   -0.753052  0.00612456
   -0.771682   -0.753274  0.00605566
   -0.765137   -0.753413  0.00598603
   -0.815947    -0.75414  0.00596042
     -0.7956   -0.754617  0.00591093
   -0.771157   -0.754805  0.00584675
    -0.73456   -0.754577  0.00578548
   -0.786766   -0.754935  0.00573224
   -0.763065   -0.755024  0.00566994
   -0.724106   -0.754688  0.00561827
   -0.796114   -0.755134  0.00557548
     -0.7754   -0.755349  0.00552034
   -0.738893   -0.755176  0.00546495
   -0.765342   -0.755282  0.00540905
   -0.686465   -0.754572  0.00539961
   -0.768679   -0.754716  0.00534643
   -0.771748   -0.754888  0.00529519
    -0.76258   -0.754965   0.0052428
   -0.785838   -0.755271  0.00519979
   -0.672589    -0.75446  0.00521161
   -0.797815   -0.754881  0.00517799
   -0.763086    -0.75496   0.0051288
   -0.790167   -0.755296   0.0050909
    -0.74721   -0.755219  0.00504344
   -0.811107   -0.755742  0.00502328
   -0.777405   -0.755942  0.00498077
   -0.844777   -0.756757  0.00500131
   -0.789496   -0.757055  0.00496469
   -0.765991   -0.757135  0.00492062
   -0.648316   -0.756164  0.00497168
    -0.73355   -0.755964  0.00493171
   -0.765729   -0.756049   0.0048892
   -0.769251   -0.756164  0.00484803
   -0.789976   -0.756455  0.00481499
   -0.754368   -0.756438  0.00477387
   -0.760195   -0.756469  0.00473352
   -0.812469    -0.75694  0.00471708
   -0.761832   -0.756981  0.00467794
   -0.748216   -0.756908  0.00463984
    -0.67385   -0.756228  0.00465149
   -0.758611   -0.756247  0.00461371
   -0.725438   -0.755999  0.00458319
   -0.719999   -0.755711  0.00455557
   -0.742901   -0.755609  0.00452055
   -0.786352   -0.755851  0.00449143
   -0.837084   -0.756486  0.00450095
   -0.733253   -0.756305  0.00446966
   -0.810995   -0.756726  0.00445503
   -0.855647   -0.757481  0.00448457
   -0.740364   -0.757352  0.00445247
   -0.761627   -0.757384   0.0044191
   -0.792782   -0.757648  0.00439402
   -0.803345   -0.757986  0.00437449
   -0.558023   -0.756516  0.00458276
    -0.77344    -0.75664  0.00455097
   -0.756807   -0.756641    0.004518
   -0.781516    -0.75682  0.00448903
    -0.71633   -0.756531  0.00446628
   -0.761019   -0.756562  0.00443471
   -0.835956   -0.757122  0.00443859
   -0.731259   -0.756941  0.00441123
   -0.800895   -0.757246  0.00439115
   -0.765146     -0.7573   0.0043612
   -0.717188   -0.757026  0.00433998
   -0.694273   -0.756599   0.0043314
   -0.825042   -0.757061  0.00432675
   -0.760517   -0.757084  0.00429777
   -0.768328   -0.757159  0.00426977
   -0.772978   -0.757264  0.00424278
   -0.744429    -0.75718  0.00421571
   -0.885261   -0.758017  0.00427046
   -0.828385   -0.758474  0.00426711
   -0.725335    -0.75826  0.00424493
   -0.740093   -0.758143  0.00421932
   -0.793836   -0.758371  0.00419856
   -0.784571   -0.758537  0.00417526
   -0.779669    -0.75867  0.00415112
   -0.755755   -0.758651  0.00412521
    -0.74669   -0.758577  0.00410026
   -0.749877   -0.758523   0.0040753
   -0.814934   -0.758869  0.00406497
   -0.799224   -0.759116  0.00404762
   -0.781375    -0.75925  0.00402534
   -0.811586   -0.759566  0.00401342
   -0.754058   -0.759533  0.00398952
   -0.751055   -0.759482  0.00396609
   -0.784094   -0.759628   0.0039453
   -0.694809   -0.759247  0.00394047
   -0.695106   -0.758871  0.00393524
   -0.780043   -0.758995  0.00391428
   -0.725991   -0.758804  0.00389631
   -0.810105   -0.759099  0.00388505
    -0.79759   -0.759319  0.00386907
   -0.767216   -0.759363  0.00384735
   -0.660999   -0.758808  0.00386554
   -0.677536   -0.758351   0.0038707
   -0.826325   -0.758731  0.00386765
   -0.792858    -0.75892  0.00385081
    -0.82569   -0.759289  0.00384716
   -0.775339   -0.759378  0.00382704
    -0.76175   -0.759391  0.00380615
   -0.859088   -0.759932  0.00382383
   -0.757443   -0.759919  0.00380319
   -0.715214   -0.759679  0.00379033
   -0.766443   -0.759715  0.00377023
   -0.776292   -0.759803  0.00375121
   -0.825007   -0.760148  0.00374719
   -0.761637   -0.760156  0.00372748
   -0.717981   -0.759935   0.0037145
   -0.833434   -0.760318  0.00371482
   -0.801528   -0.760531  0.00370171
   -0.772931   -0.760595  0.00368318
   -0.736896   -0.760474  0.00366629
   -0.793419   -0.760642  0.00365144
   -0.600329   -0.759828  0.00372248
    -0.78159   -0.759938   0.0037053
   -0.754495   -0.759911  0.00368678
   -0.731946   -0.759771    0.003671
   -0.769635    -0.75982  0.00365306
   -0.822378   -0.760129  0.00364808
   -0.761876   -0.760138  0.00363012
    -0.78472   -0.760259  0.00361433
    -0.74034   -0.760161    0.003598
   -0.803076    -0.76037  0.00358656
   -0.741138   -0.760277  0.00357044
   -0.568456   -0.759355  0.00367044
   -0.705224   -0.759096  0.00366201
   -0.707208   -0.758849  0.00365289
   -0.772445   -0.758913  0.00363615
   -0.695523   -0.758614  0.00363127
   -0.811668   -0.758863  0.00362276
   -0.728617   -0.758722  0.00360858
   -0.726817   -0.758573  0.00359485
   -0.836253   -0.758933  0.00359615
   -0.732487   -0.758811  0.00358164
   -0.803618   -0.759017   0.0035711
   -0.761281   -0.759027  0.00355481
   -0.680558    -0.75867   0.0035565
    -0.84257    -0.75905  0.00356061
   -0.727179   -0.758906  0.00354747
   -0.739516   -0.758819  0.00353263
   -0.817113    -0.75908  0.00352643
   -0.761817   -0.759092  0.00351078
   -0.742792    -0.75902  0.00349598
   -0.734339   -0.758911  0.00348227
   -0.749138   -0.758868  0.00346726
   -0.744702   -0.758806  0.00345267
   -0.737162   -0.758712  0.00343894
   -0.814535   -0.758954  0.00343254
   -0.757283   -0.758947  0.00341775
    -0.66769   -0.758555  0.00342545
   -0.833191   -0.758874  0.00342563
   -0.757779   -0.758869  0.00341105
   -0.723117   -0.758718  0.00339996
   -0.837389    -0.75905  0.00340178
   -0.740789   -0.758973  0.00338835
   -0.779484   -0.759059  0.00337526
   -0.785635   -0.759169  0.00336302
   -0.780242   -0.759257   0.0033502
   -0.837433    -0.75958  0.00335189
    -0.76115   -0.759586   0.0033381
   -0.788989   -0.759707   0.0033266
   -0.704186    -0.75948  0.00332073
   -0.830031   -0.759767  0.00331959
   -0.641282   -0.759287  0.00334063
   -0.818721   -0.759527  0.00333575
   -0.747799    -0.75948  0.00332268
   -0.771041   -0.759526  0.00330971
   -0.820577   -0.759769  0.00330545
   -0.710816   -0.759575  0.00329804
   -0.791077     -0.7597  0.00328735
   -0.843602    -0.76003  0.00329097
   -0.795689    -0.76017  0.00328103
   -0.794525   -0.760304  0.00327096
   -0.674953   -0.759972  0.00327504
   -0.754693   -0.759951  0.00326241
   -0.807622   -0.760136  0.00325501
   -0.765244   -0.760155  0.00324255
   -0.730175    -0.76004  0.00323216
   -0.825223   -0.760289  0.00322938
   -0.722664   -0.760146  0.00322027
   -0.798347   -0.760291  0.00321132
   -0.821734   -0.760523  0.00320756
   -0.791277   -0.760638  0.00319759
   -0.757803   -0.760628  0.00318563
    -0.76998   -0.760663  0.00317393
   -0.794926    -0.76079  0.00316469
    -0.79601    -0.76092  0.00315565
   -0.735922   -0.760828  0.00314536
   -0.823214   -0.761057  0.00314215
   -0.759041    -0.76105  0.00313064
   -0.801673   -0.761198  0.00312273
    -0.62738   -0.760712  0.00314906
   -0.776988   -0.760771   0.0031382
   -0.749733   -0.760731  0.00312712
   -0.776585   -0.760788   0.0031164
   -0.799507   -0.760927  0.00310831
   -0.854814   -0.761262  0.00311525
   -0.699764   -0.761043  0.00311184
   -0.781852   -0.761117  0.00310168
   -0.606619   -0.760571   0.0031384
   -0.639738   -0.760145  0.00315605
   -0.705984   -0.759955   0.0031507
   -0.716092   -0.759802  0.00314341
   -0.792929   -0.759918  0.00313458
   -0.751917    -0.75989  0.00312382
   -0.827635   -0.760124  0.00312179
   -0.769407   -0.760156  0.00311119
    -0.80511   -0.760311  0.00310433
   -0.763967   -0.760323  0.00309372
   -0.737172   -0.760244  0.00308417
   -0.767692   -0.760269  0.00307379
   -0.682398   -0.760006  0.00307468
   -0.745818   -0.759958  0.00306467
   -0.842076   -0.760234   0.0030668
   -0.752157   -0.760207  0.00305662
   -0.729675   -0.760105  0.00304811
   -0.772583   -0.760146  0.00303823
   -0.799192   -0.760276   0.0030309
   -0.758472    -0.76027  0.00302087
   -0.714682    -0.76012  0.00301465
   -0.823982    -0.76033  0.00301204
   -0.835693   -0.760577  0.00301229
   -0.752201    -0.76055  0.00300257
   -0.711153   -0.760389  0.00299709
   -0.750104   -0.760355  0.00298755
   -0.735358   -0.760274  0.00297898
   -0.758956    -0.76027  0.00296937
   -0.759266   -0.760267  0.00295982
   -0.780253   -0.760331  0.00295103
   -0.782128   -0.760401  0.00294242
   -0.805123   -0.760543   0.0029365
   -0.751592   -0.760515  0.00292731
   -0.787821   -0.760601  0.00291932
   -0.778053   -0.760656  0.00291063
    -0.71686   -0.760518  0.00290474
   -0.711706   -0.760365  0.00289966
   -0.749556   -0.760332  0.00289079
   -0.749458   -0.760298  0.00288199
   -0.683487   -0.760059  0.00288289
   -0.836759   -0.760297  0.00288373
    -0.77833   -0.760352  0.00287537
   -0.802117   -0.760481  0.00286939
   -0.804266   -0.760615  0.00286373
   -0.719336   -0.760489  0.00285775
   -0.767345    -0.76051  0.00284912
   -0.767039    -0.76053  0.00284053
   -0.816348   -0.760699  0.00283695
    -0.69397   -0.760497  0.00283553
   -0.812169   -0.760653  0.00283126
   -0.801595   -0.760776  0.00282543
   -0.794113   -0.760875  0.00281873
   -0.775182   -0.760918  0.00281064
   -0.753573   -0.760896  0.00280236
   -0.807552   -0.761035  0.00279746
   -0.820795   -0.761212  0.00279477
   -0.765088   -0.761223  0.00278654
   -0.701683   -0.761048  0.00278385
   -0.791554   -0.761137  0.00277712
   -0.760628   -0.761136    0.002769
   -0.833572   -0.761347  0.00276897
    -0.79088   -0.761433  0.00276225
    -0.72454   -0.761326  0.00275631
   -0.760068   -0.761322  0.00274835
   -0.747452   -0.761282  0.00274072
   -0.765253   -0.761294  0.00273287
   -0.786751   -0.761367  0.00272601
   -0.800988    -0.76148  0.00272057
   -0.740907   -0.761421  0.00271345
   -0.759013   -0.761414  0.00270575
   -0.709965   -0.761269  0.00270201
   -0.775222   -0.761308  0.00269466
   -0.784952   -0.761375   0.0026879
   -0.804597   -0.761496  0.00268309
   -0.777127    -0.76154  0.00267593
   -0.714281   -0.761408  0.00267171
    -0.82368   -0.761581  0.00266989
   -0.789755    -0.76166  0.00266362
   -0.792018   -0.761744  0.00265757
   -0.645168   -0.761422  0.00266967
    -0.78463   -0.761486  0.00266308
    -0.61246   -0.761076  0.00268705
   -0.798633   -0.761179  0.00268166
   -0.806586   -0.761303   0.0026772
   -0.830146   -0.761491  0.00267647
   -0.760756   -0.761489  0.00266919
   -0.722751   -0.761384  0.00266402
   -0.771854   -0.761412  0.00265697
   -0.700048   -0.761247  0.00265496
   -0.727199   -0.761155   0.0026494
   -0.795458   -0.761247  0.00264389
   -0.813025   -0.761386  0.00264044
   -0.848626   -0.761618  0.00264363
   -0.758672    -0.76161  0.00263661
   -0.723526   -0.761509  0.00263155
   -0.732214   -0.761432  0.00262573
   -0.773812   -0.761465  0.00261901
   -0.688239   -0.761272  0.00261919
    -0.77358   -0.761304  0.00261252
   -0.797394   -0.761399  0.00260739
   -0.767672   -0.761415  0.00260063
   -0.823868   -0.761578  0.00259894
   -0.778783   -0.761622  0.00259257
   -0.704706   -0.761475  0.00259004
   -0.668644   -0.761235  0.00259444
   -0.788934   -0.761306  0.00258873
   -0.746765   -0.761269  0.00258235
   -0.750806   -0.761242  0.00257586
   -0.809071   -0.761364  0.00257218
   -0.760131   -0.761361  0.00256562
    -0.80605   -0.761475  0.00256161
   -0.776659   -0.761514   0.0025554
   -0.806381   -0.761627  0.00255145
   -0.752155   -0.761603  0.00254512
   -0.789393   -0.761673  0.00253967
   -0.692838     -0.7615  0.00253917
   -0.770084   -0.761522   0.0025329
   -0.754765   -0.761505  0.00252663
   -0.792779   -0.761583  0.00252153
   -0.812806    -0.76171  0.00251847
   -0.756748   -0.761698  0.00251225
   -0.572131   -0.761229  0.00254948
   -0.747866   -0.761196   0.0025434
   -0.772699   -0.761224  0.00253729
   -0.769255   -0.761244  0.00253113
   -0.755353   -0.761229  0.00252497
   -0.825935   -0.761388  0.00252375
   -0.739672   -0.761335  0.00251815
   -0.819457   -0.761476  0.00251599
   -0.820286   -0.761619  0.00251393
   -0.730808   -0.761544  0.00250895
   -0.778736   -0.761586  0.00250323
   -0.807668   -0.761697  0.00249966
   -0.726999   -0.761613  0.00249504
   -0.799801   -0.761705  0.00249074
   -0.785325   -0.761761  0.00248542
   -0.840032   -0.761948   0.0024865
   -0.753785   -0.761929  0.00248066
   -0.698428   -0.761778  0.00247935
    -0.75946   -0.761773  0.00247348
   -0.788589   -0.761836  0.00246844
   -0.766798   -0.761848  0.00246265
    -0.74858   -0.761816  0.00245705
   -0.701901   -0.761676  0.00245531
   -0.741757   -0.761629     0.00245
   -0.743168   -0.761586  0.00244465
   -0.676348   -0.761387  0.00244702
   -0.757649   -0.761379  0.00244134
    -0.75229   -0.761357  0.00243577
   -0.800983   -0.761449  0.00243186
   -0.856736   -0.761669  0.00243618
    -0.77642   -0.761703   0.0024308
    -0.77595   -0.761736  0.00242543
   -0.797224   -0.761817  0.00242123
   -0.818603   -0.761947  0.00241918
   -0.730394   -0.761875  0.00241473
   -0.810546   -0.761986  0.00241177
   -0.759164    -0.76198   0.0024063
   -0.740916   -0.761932  0.00240132
   -0.743915   -0.761891  0.00239623
    -0.75421   -0.761874  0.00239088
   -0.823983   -0.762014  0.00238959
   -0.776667   -0.762047  0.00238444
   -0.805165   -0.762143  0.00238106
   -0.733768    -0.76208  0.00237658
   -0.783869   -0.762129  0.00237177
   -0.719704   -0.762034  0.00236837
   -0.712231   -0.761923  0.00236569
   -0.783653   -0.761972  0.00236093
   -0.742184   -0.761928  0.00235612
     -0.8377   -0.762095  0.00235685
   -0.772852   -0.762119  0.00235177
   -0.692575   -0.761966  0.00235157
    -0.79994   -0.762049  0.00234788
   -0.762685   -0.762051  0.00234275
   -0.814006   -0.762164  0.00234038
   -0.691845   -0.762011  0.00234029
    -0.75282   -0.761991  0.00233528
   -0.783825   -0.762038   0.0023307
    -0.80395   -0.762129  0.00232742
   -0.773361   -0.762153  0.00232252
   -0.725784   -0.762075  0.00231883
   -0.784739   -0.762124  0.00231436
   -0.674096   -0.761935  0.00231709
    -0.73146   -0.761869  0.00231305
   -0.768754   -0.761884  0.00230815
   -0.860213   -0.762094  0.00231273
   -0.801328   -0.762177  0.00230932
   -0.816242   -0.762292  0.00230726
   -0.787323   -0.762345  0.00230299
   -0.759213   -0.762338  0.00229813
   -0.804842   -0.762428  0.00229503
   -0.762277   -0.762428   0.0022902
   -0.788604   -0.762483  0.00228604
   -0.795463   -0.762552   0.0022823
   -0.781762   -0.762592  0.00227788
   -0.790245    -0.76265  0.00227385
   -0.765464   -0.762656  0.00226912
   -0.786176   -0.762705  0.00226493
   -0.752381   -0.762683  0.00226033
   -0.509986    -0.76216  0.00231541
   -0.780863   -0.762199  0.00231095
   -0.504263   -0.761667  0.00236659
   -0.746895   -0.761636  0.00236191
   -0.750051   -0.761613  0.00235718
   -0.687589   -0.761461  0.00235723
   -0.733627   -0.761404   0.0023531
   -0.735246   -0.761351   0.0023489
   -0.763678   -0.761355  0.00234412
    -0.71296   -0.761257  0.00234142
   -0.737049   -0.761208  0.00233718
   -0.809236   -0.761305  0.00233447
   -0.805727   -0.761395  0.00233148
   -0.805592   -0.761484  0.00232848
   -0.807522   -0.761577  0.00232564
   -0.766098   -0.761586  0.00232099
   -0.704579   -0.761471  0.00231915
   -0.755653    -0.76146  0.00231454
