    -0.44743    -0.44743           0
   -0.428924   -0.438177  0.00654318
   -0.470592   -0.448982  0.00984173
   -0.428417   -0.443841  0.00862025
   -0.430381   -0.441149  0.00730442
   -0.435955   -0.440283  0.00613809
    -0.42424   -0.437991  0.00567297
    -0.47202   -0.442245  0.00636172
   -0.446179   -0.442682  0.00566986
   -0.477461    -0.44616  0.00607666
   -0.455337   -0.446994  0.00558122
   -0.398412   -0.442946  0.00641868
    -0.44451   -0.443066  0.00592606
   -0.438203   -0.442719  0.00551294
    -0.43091   -0.441931  0.00520132
   -0.458682   -0.442978  0.00498048
   -0.430684   -0.442255  0.00473973
   -0.425087   -0.441301  0.00457137
   -0.464023   -0.442497  0.00448447
   -0.453708   -0.443058  0.00429513
   -0.447588   -0.443273  0.00409601
   -0.402119   -0.441403  0.00431592
   -0.464937   -0.442426  0.00424783
   -0.439665   -0.442311   0.0040724
   -0.490464   -0.444237  0.00434117
   -0.447852   -0.444376  0.00417643
   -0.428075   -0.443772  0.00406516
   -0.428511   -0.443227  0.00395634
   -0.501761   -0.445246  0.00430409
   -0.478941   -0.446369  0.00430468
   -0.420891   -0.445547  0.00424355
   -0.469967    -0.44631  0.00417899
   -0.467136   -0.446941  0.00409973
   -0.453619   -0.447138  0.00398385
   -0.442163   -0.446996  0.00387256
   -0.451219   -0.447113  0.00376677
   -0.456761   -0.447374  0.00367398
   -0.451487   -0.447482  0.00357889
   -0.419993   -0.446777  0.00355585
   -0.429244   -0.446339  0.00349386
   -0.475449   -0.447049  0.00348004
   -0.400769   -0.445947  0.00356737
   -0.462725   -0.446337  0.00350568
   -0.459678    -0.44664  0.00343909
   -0.474852   -0.447267  0.00341933
   -0.456199   -0.447461  0.00335051
   -0.415162   -0.446774  0.00334895
   -0.455984   -0.446966  0.00328468
   -0.450216   -0.447032  0.00321831
   -0.443098   -0.446954  0.00315491
   -0.447068   -0.446956  0.00309305
   -0.459926   -0.447205  0.00304361
   -0.439298   -0.447056  0.00298983
   -0.442467   -0.446971  0.00293567
    -0.50235   -0.447978  0.00305009
   -0.447499   -0.447969  0.00299564
    -0.43442   -0.447732   0.0029525
   -0.404662   -0.446989  0.00299352
   -0.460023    -0.44721  0.00295092
   -0.423045   -0.446807  0.00292909
   -0.408413   -0.446178  0.00294793
   -0.402286    -0.44547  0.00298417
   -0.477091   -0.445972  0.00297871
   -0.453786   -0.446094  0.00293467
   -0.443216    -0.44605  0.00288986
   -0.443954   -0.446018  0.00284625
   -0.447032   -0.446033  0.00280381
   -0.446622   -0.446042  0.00276259
   -0.464746   -0.446313  0.00273582
   -0.469563   -0.446645  0.00271682
   -0.453172   -0.446737  0.00268011
   -0.417058   -0.446325   0.0026744
   -0.436832   -0.446195  0.00264092
   -0.447746   -0.446216  0.00260532
   -0.459712   -0.446396  0.00257679
   -0.457111   -0.446537  0.00254674
    -0.43219    -0.44635  0.00252047
   -0.368788   -0.445356  0.00267713
   -0.457706   -0.445512  0.00264781
   -0.415641   -0.445139  0.00264091
   -0.406036   -0.444656  0.00265206
   -0.443633   -0.444644  0.00261975
   -0.350931   -0.443515  0.00282102
     -0.4493   -0.443583  0.00278827
    -0.44417    -0.44359  0.00275548
   -0.486148   -0.444085  0.00276752
   -0.453405   -0.444192  0.00273778
   -0.444079   -0.444191  0.00270667
   -0.406773   -0.443771  0.00270871
    -0.46262    -0.44398   0.0026867
   -0.464035     -0.4442   0.0026662
   -0.419537   -0.443932  0.00265066
   -0.459254   -0.444097  0.00262727
   -0.474434    -0.44442  0.00261907
   -0.430836   -0.444277   0.0025954
   -0.417418   -0.443997   0.0025834
    -0.42357   -0.443786  0.00256534
   -0.452447   -0.443875  0.00254068
    -0.48112   -0.444251  0.00254272
   -0.481215   -0.444621  0.00254402
   -0.446468   -0.444639   0.0025189
   -0.393984   -0.444142  0.00254269
   -0.443868    -0.44414    0.002518
   -0.470324   -0.444391  0.00250635
   -0.494326   -0.444867  0.00252719
   -0.429549   -0.444722  0.00250748
   -0.447784   -0.444751  0.00248421
   -0.444588    -0.44475  0.00246121
   -0.455538   -0.444849  0.00244061
   -0.441461   -0.444818  0.00241862
    -0.42931   -0.444678  0.00240086
   -0.424725     -0.4445  0.00238603
   -0.422625   -0.444306  0.00237275
   -0.429837   -0.444179  0.00235533
   -0.417973   -0.443952  0.00234585
   -0.468906   -0.444167  0.00233547
   -0.477473   -0.444451  0.00233279
   -0.460968   -0.444591  0.00231722
   -0.425457    -0.44443  0.00230332
    -0.41801    -0.44421  0.00229462
   -0.427786   -0.444075  0.00227967
   -0.398521   -0.443701  0.00229136
   -0.460554   -0.443838  0.00227682
   -0.447383   -0.443867  0.00225864
   -0.463265   -0.444022   0.0022459
   -0.434243   -0.443944  0.00222941
   -0.438596   -0.443902  0.00221225
   -0.467156   -0.444084  0.00220242
   -0.418885   -0.443889  0.00219399
   -0.435956   -0.443828  0.00217796
   -0.433764   -0.443751  0.00216269
   -0.447069   -0.443776  0.00214645
   -0.456665   -0.443873   0.0021325
    -0.47325   -0.444092  0.00212783
   -0.446894   -0.444113  0.00211217
   -0.321545   -0.443212  0.00228082
   -0.437995   -0.443173  0.00226449
   -0.463455    -0.44332  0.00225284
   -0.420119   -0.443154  0.00224281
   -0.423841   -0.443016  0.00223103
   -0.470943   -0.443214  0.00222398
   -0.465091   -0.443368  0.00221365
   -0.427483   -0.443257  0.00220095
   -0.453361   -0.443327  0.00218679
   -0.436197   -0.443278  0.00217226
   -0.460977   -0.443399  0.00216076
   -0.444614   -0.443407  0.00214608
   -0.473638   -0.443611  0.00214127
   -0.437212   -0.443568  0.00212733
   -0.451568   -0.443622  0.00211382
   -0.457814   -0.443716  0.00210191
   -0.439145   -0.443686   0.0020883
   -0.452017    -0.44374  0.00207536
   -0.473294   -0.443932  0.00207074
   -0.464734   -0.444066  0.00206172
   -0.451315   -0.444113  0.00204903
   -0.450284   -0.444152  0.00203635
   -0.432164   -0.444076  0.00202488
   -0.469135   -0.444234  0.00201827
   -0.437444   -0.444191   0.0020061
   -0.462506   -0.444305  0.00199686
    -0.42883    -0.44421  0.00198682
   -0.460995   -0.444313   0.0019773
   -0.457089    -0.44439  0.00196677
   -0.426794   -0.444284  0.00195774
   -0.481822    -0.44451  0.00195897
   -0.457713   -0.444589  0.00194883
    -0.42302   -0.444461  0.00194145
   -0.465503   -0.444585  0.00193395
   -0.457537   -0.444661  0.00192408
   -0.425191   -0.444547  0.00191619
   -0.448024   -0.444568  0.00190516
   -0.401407   -0.444318  0.00191041
   -0.465945   -0.444442  0.00190347
   -0.482491    -0.44466  0.00190497
   -0.469829   -0.444803  0.00189951
   -0.454796   -0.444859  0.00188961
   -0.433158   -0.444794  0.00188014
   -0.446902   -0.444805  0.00186968
   -0.445235   -0.444808  0.00185929
   -0.429255   -0.444722    0.001851
   -0.427084   -0.444625  0.00184337
   -0.415333   -0.444465  0.00184023
   -0.444711   -0.444466  0.00183023
   -0.443783   -0.444462  0.00182034
   -0.456026   -0.444525  0.00181161
   -0.444421   -0.444524  0.00180193
   -0.431284   -0.444454  0.00179372
   -0.454579   -0.444507  0.00178503
   -0.435264   -0.444459  0.00177629
   -0.390691   -0.444177  0.00178916
   -0.438611   -0.444148  0.00178008
   -0.449754   -0.444177  0.00177109
   -0.454029   -0.444228  0.00176269
   -0.425454   -0.444132  0.00175628
    -0.49205   -0.444376  0.00176425
   -0.383769   -0.444068  0.00178192
   -0.444705   -0.444072  0.00177292
   -0.399547   -0.443848  0.00177808
   -0.440607   -0.443832  0.00176926
   -0.456115   -0.443893  0.00176151
   -0.472161   -0.444033  0.00175834
   -0.450119   -0.444063  0.00174994
   -0.450604   -0.444095  0.00174165
   -0.448821   -0.444118  0.00173331
   -0.455606   -0.444174  0.00172579
    -0.47579   -0.444326   0.0017242
   -0.406991   -0.444147  0.00172523
   -0.436828   -0.444112  0.00171733
   -0.435155   -0.444069  0.00170968
   -0.423292   -0.443971  0.00170441
    -0.46336   -0.444062  0.00169882
   -0.468988   -0.444179  0.00169487
   -0.444707   -0.444182  0.00168696
   -0.426454   -0.444099  0.00168112
   -0.422638      -0.444  0.00167627
    -0.44747   -0.444016  0.00166863
   -0.463963   -0.444107  0.00166348
   -0.413939    -0.44397  0.00166158
    -0.41457   -0.443836  0.00165939
   -0.453743   -0.443881  0.00165249
    -0.42847   -0.443811   0.0016465
   -0.439185   -0.443791  0.00163925
   -0.417212   -0.443672  0.00163622
   -0.470568   -0.443792  0.00163331
     -0.4663   -0.443891  0.00162911
   -0.417677   -0.443776  0.00162602
   -0.434466   -0.443735   0.0016194
   -0.462773   -0.443818  0.00161447
   -0.444754   -0.443822  0.00160745
   -0.442211   -0.443815  0.00160051
   -0.391385   -0.443589  0.00160948
   -0.395446   -0.443382  0.00161579
   -0.442041   -0.443377  0.00160889
   -0.433279   -0.443334  0.00160262
   -0.436308   -0.443304   0.0015961
   -0.444192   -0.443308  0.00158937
   -0.451574   -0.443342  0.00158308
   -0.439058   -0.443325  0.00157655
   -0.462782   -0.443406  0.00157207
   -0.450231   -0.443434   0.0015658
   -0.437735    -0.44341  0.00155951
   -0.419879   -0.443314  0.00155609
     -0.4454   -0.443322  0.00154974
   -0.392602   -0.443115  0.00155718
   -0.457395   -0.443173  0.00155193
   -0.391819   -0.442965  0.00155951
   -0.433888   -0.442929  0.00155365
   -0.460135   -0.442998  0.00154895
   -0.458329   -0.443059  0.00154397
    -0.48087    -0.44321  0.00154515
   -0.400799   -0.443041  0.00154815
   -0.449048   -0.443065  0.00154222
   -0.452094   -0.443101  0.00153655
   -0.438667   -0.443083  0.00153063
   -0.467172   -0.443177  0.00152754
   -0.440367   -0.443166  0.00152163
    -0.43427   -0.443132  0.00151613
   -0.426699   -0.443069   0.0015116
    -0.45211   -0.443103  0.00150619
   -0.452773    -0.44314  0.00150087
   -0.487749   -0.443311  0.00150477
   -0.409982   -0.443184  0.00150437
   -0.448095   -0.443202  0.00149879
   -0.443564   -0.443204  0.00149313
    -0.46252   -0.443276  0.00148929
   -0.429292   -0.443224  0.00148463
   -0.460948    -0.44329  0.00148056
   -0.468383   -0.443383  0.00147799
   -0.461866   -0.443452   0.0014741
   -0.432453   -0.443411  0.00146922
   -0.453339   -0.443448  0.00146427
    -0.45322   -0.443484  0.00145935
   -0.438047   -0.443464  0.00145416
    -0.40396    -0.44332  0.00145595
   -0.446986   -0.443333  0.00145073
   -0.451312   -0.443362  0.00144578
   -0.437964   -0.443343  0.00144071
   -0.423831   -0.443273  0.00143724
   -0.470993   -0.443372  0.00143552
   -0.420366    -0.44329  0.00143274
    -0.44402   -0.443293  0.00142766
   -0.359412   -0.442996  0.00145306
   -0.454101   -0.443035  0.00144847
   -0.443074   -0.443035  0.00144339
    -0.42023   -0.442956  0.00144054
   -0.438336    -0.44294  0.00143561
    -0.43274   -0.442904  0.00143106
   -0.455159   -0.442947  0.00142674
   -0.456609   -0.442994   0.0014226
   -0.459704   -0.443051  0.00141887
    -0.44547   -0.443059  0.00141403
   -0.446546   -0.443071  0.00140926
   -0.461501   -0.443134  0.00140586
   -0.434887   -0.443106  0.00140137
   -0.429735   -0.443061  0.00139736
   -0.449588   -0.443083  0.00139283
   -0.438664   -0.443068  0.00138823
   -0.406268   -0.442945  0.00138904
   -0.492232   -0.443109  0.00139409
   -0.441531   -0.443104  0.00138947
   -0.463365   -0.443171  0.00138648
   -0.435698   -0.443146  0.00138213
   -0.467399   -0.443226  0.00137988
   -0.440529   -0.443217  0.00137539
   -0.418002   -0.443135  0.00137336
    -0.43741   -0.443116  0.00136901
   -0.446777   -0.443128  0.00136462
   -0.436328   -0.443106  0.00136038
   -0.469387   -0.443191  0.00135863
    -0.42895   -0.443145  0.00135503
   -0.470382   -0.443232   0.0013535
   -0.406839   -0.443116  0.00135416
   -0.454694   -0.443153  0.00135035
   -0.459637   -0.443205  0.00134708
   -0.448981   -0.443224  0.00134294
   -0.468558   -0.443304  0.00134108
   -0.438472   -0.443288  0.00133695
    -0.42501   -0.443231  0.00133398
   -0.455561    -0.44327  0.00133037
   -0.429842   -0.443228  0.00132688
   -0.430092   -0.443187  0.00132339
   -0.473254    -0.44328  0.00132256
   -0.434792   -0.443254  0.00131874
   -0.463101   -0.443315  0.00131609
   -0.446027   -0.443323  0.00131208
   -0.460786   -0.443377  0.00130916
   -0.425176   -0.443321  0.00130634
    -0.48017   -0.443433  0.00130716
   -0.476748   -0.443534  0.00130709
   -0.436278   -0.443512  0.00130333
   -0.449612   -0.443531  0.00129953
   -0.439698   -0.443519  0.00129568
   -0.438726   -0.443505  0.00129188
   -0.440075   -0.443495  0.00128807
   -0.416955   -0.443416  0.00128665
   -0.426079   -0.443364  0.00128386
   -0.437503   -0.443347  0.00128018
   -0.453538   -0.443377  0.00127676
   -0.380555   -0.443192   0.0012863
   -0.420994   -0.443127  0.00128418
    -0.46179   -0.443182  0.00128158
   -0.409621   -0.443084  0.00128157
   -0.476342    -0.44318  0.00128149
   -0.468112   -0.443253  0.00127981
   -0.454396   -0.443285  0.00127652
   -0.447651   -0.443297   0.0012729
   -0.426575   -0.443249  0.00127015
   -0.456495   -0.443287  0.00126708
    -0.48482   -0.443406    0.001269
   -0.457207   -0.443445    0.001266
   -0.439818   -0.443435  0.00126244
   -0.421819   -0.443374  0.00126035
   -0.436791   -0.443355  0.00125693
   -0.473957   -0.443441  0.00125634
   -0.464807   -0.443501  0.00125424
   -0.407104   -0.443399  0.00125486
    -0.42062   -0.443336  0.00125297
   -0.467921   -0.443404  0.00125135
   -0.506969   -0.443581  0.00126027
   -0.431543   -0.443547  0.00125722
   -0.413719   -0.443465  0.00125644
   -0.420212   -0.443401  0.00125462
   -0.381051    -0.44323  0.00126281
   -0.422445   -0.443173  0.00126063
   -0.456881    -0.44321  0.00125774
   -0.453807   -0.443239  0.00125465
   -0.425327    -0.44319  0.00125218
   -0.414067   -0.443112  0.00125127
   -0.461562   -0.443161  0.00124888
   -0.492276   -0.443294  0.00125252
   -0.409734   -0.443204  0.00125239
   -0.457547   -0.443242  0.00124963
   -0.404473   -0.443138  0.00125058
   -0.463518   -0.443193  0.00124842
     -0.4535    -0.44322   0.0012454
   -0.386828   -0.443071  0.00125105
   -0.448447   -0.443085  0.00124782
   -0.409624   -0.442996  0.00124765
    -0.42713   -0.442955  0.00124506
   -0.446593   -0.442964  0.00124183
   -0.455591   -0.442997  0.00123902
   -0.462743   -0.443049  0.00123686
   -0.452299   -0.443073  0.00123387
   -0.472798    -0.44315  0.00123308
   -0.421598   -0.443094  0.00123115
   -0.422269   -0.443041  0.00122914
   -0.446817    -0.44305  0.00122601
   -0.435861   -0.443032    0.001223
   -0.454267   -0.443061   0.0012202
   -0.436675   -0.443044  0.00121719
   -0.444191   -0.443047  0.00121409
   -0.437793   -0.443034  0.00121108
    -0.43185   -0.443005  0.00120833
    -0.48618   -0.443115  0.00121021
   -0.435012   -0.443094  0.00120733
   -0.460438   -0.443138  0.00120508
   -0.397909   -0.443024  0.00120739
   -0.468856   -0.443089   0.0012061
   -0.426652   -0.443048  0.00120379
   -0.454201   -0.443076  0.00120111
   -0.457792   -0.443112  0.00119868
   -0.475368   -0.443192  0.00119837
    -0.33207   -0.442917  0.00122656
   -0.436159   -0.442901  0.00122365
   -0.455886   -0.442933  0.00122105
     -0.4993   -0.443071  0.00122588
   -0.475724   -0.443151  0.00122549
   -0.461256   -0.443195  0.00122329
   -0.457277    -0.44323  0.00122079
   -0.462379   -0.443276  0.00121871
   -0.463474   -0.443325  0.00121673
   -0.419569   -0.443268  0.00121515
   -0.453559   -0.443293  0.00121247
    -0.48083   -0.443383  0.00121291
   -0.452256   -0.443405  0.00121019
    -0.43054   -0.443374  0.00120768
   -0.438589   -0.443362  0.00120484
   -0.436172   -0.443345  0.00120209
   -0.431157   -0.443316  0.00119958
   -0.417328   -0.443254  0.00119831
   -0.426712   -0.443215  0.00119612
   -0.479835   -0.443302  0.00119642
   -0.447959   -0.443313  0.00119365
   -0.431957   -0.443286  0.00119114
   -0.417079   -0.443224  0.00118993
   -0.445082   -0.443229  0.00118715
   -0.457379   -0.443262  0.00118484
   -0.413736   -0.443193  0.00118407
   -0.438945   -0.443183  0.00118136
   -0.435873   -0.443166  0.00117874
   -0.423672   -0.443121  0.00117687
   -0.442136   -0.443119  0.00117416
   -0.452787   -0.443141  0.00117166
   -0.414801   -0.443076  0.00117078
   -0.435016   -0.443057  0.00116824
   -0.435394    -0.44304   0.0011657
   -0.490495   -0.443148  0.00116806
   -0.475067   -0.443221  0.00116766
   -0.448797   -0.443234  0.00116508
   -0.487305   -0.443334  0.00116671
   -0.415708   -0.443271  0.00116575
   -0.416658   -0.443211  0.00116466
   -0.477049   -0.443287  0.00116453
   -0.457467   -0.443319  0.00116235
    -0.47556   -0.443391  0.00116199
   -0.426757   -0.443354  0.00115999
   -0.481413   -0.443439   0.0011605
   -0.454719   -0.443464  0.00115819
   -0.429467   -0.443433  0.00115603
   -0.409044   -0.443357  0.00115598
   -0.473107   -0.443423   0.0011553
   -0.440386   -0.443416  0.00115277
   -0.470569   -0.443476  0.00115178
   -0.424625   -0.443434  0.00114999
   -0.481912   -0.443519  0.00115056
   -0.487311   -0.443615  0.00115203
   -0.444561   -0.443617  0.00114951
   -0.447095   -0.443624  0.00114703
   -0.432703     -0.4436  0.00114479
   -0.429489    -0.44357  0.00114271
   -0.464009   -0.443614  0.00114109
   -0.462149   -0.443654  0.00113933
   -0.401036   -0.443562  0.00114057
   -0.421981   -0.443516  0.00113906
   -0.364497   -0.443346  0.00114917
   -0.452398   -0.443366  0.00114687
   -0.440202   -0.443359  0.00114444
   -0.447549   -0.443368  0.00114204
   -0.456772   -0.443396  0.00113996
   -0.469238   -0.443451  0.00113886
   -0.425374   -0.443413  0.00113709
   -0.456744   -0.443441  0.00113504
   -0.419626   -0.443391  0.00113376
   -0.452597    -0.44341  0.00113154
   -0.433551    -0.44339  0.00112935
   -0.441044   -0.443385  0.00112699
   -0.447073   -0.443392  0.00112466
   -0.491819   -0.443493  0.00112685
   -0.451335    -0.44351  0.00112462
    -0.46955   -0.443564  0.00112358
     -0.4546   -0.443587  0.00112148
   -0.328293   -0.443348  0.00114428
   -0.489852   -0.443444  0.00114595
    -0.32302   -0.443196  0.00117017
   -0.462069   -0.443235  0.00116841
   -0.459223   -0.443268  0.00116647
    -0.45195   -0.443285  0.00116422
   -0.447335   -0.443294  0.00116187
   -0.405476   -0.443216  0.00116206
   -0.459805    -0.44325  0.00116018
   -0.429275   -0.443222  0.00115817
   -0.387953    -0.44311  0.00116123
   -0.454829   -0.443133  0.00115913
   -0.427147   -0.443101  0.00115723
   -0.468999   -0.443153  0.00115608
   -0.457917   -0.443183  0.00115413
   -0.483958   -0.443265  0.00115472
   -0.472045   -0.443323  0.00115384
   -0.449083   -0.443334  0.00115159
