           0           0
           0           0
           0           0
           0           0
           0           0
           0           0
           0           0
      448.57   0.0235234
           0           0
           0           0
           0           0
     482.697   0.0626508
     1542.38   0.0684138
     316.144   0.0351682
     1411.53    0.139898
     2033.61     0.10439
     4899.12    0.249318
     5002.37    0.306366
     11348.2    0.706001
     39028.1     1.88347
     52390.7     2.64438
     95577.7     5.19836
      121638     6.33836
      176127     8.95459
      286477     14.0786
      359367       19.25
      507438     25.5258
      699133     35.2805
      977006     49.1646
 1.21317e+06     60.6854
 1.47763e+06     74.8998
 1.76115e+06     90.6629
 2.14824e+06     110.329
 2.41294e+06     124.552
 2.84178e+06     146.462
 3.06447e+06     160.133
 3.33537e+06     170.944
 3.46385e+06     181.599
 3.70629e+06     191.945
 3.72901e+06     193.391
 3.64328e+06     190.437
 3.47382e+06     180.771
 3.43543e+06     173.896
 3.25429e+06      168.03
 3.04286e+06      159.92
 2.86059e+06     148.878
 2.67121e+06     140.544
  2.6274e+06     133.514
 2.59035e+06     133.617
 2.47106e+06      127.19
  2.4963e+06     128.247
 2.57732e+06     131.411
 2.60672e+06     131.106
 2.68454e+06      139.32
 2.83826e+06     146.826
 3.12405e+06     160.799
 3.22782e+06     167.385
 3.45002e+06     177.985
 3.57632e+06     183.092
 3.62987e+06     184.158
 3.74202e+06       193.3
 3.59228e+06     187.148
 3.51272e+06     184.306
 3.32721e+06     172.261
 3.14608e+06     164.129
  2.8017e+06      143.35
 2.43296e+06     127.054
 2.14255e+06      112.65
   1.793e+06     91.6751
 1.44046e+06     75.3126
 1.16589e+06     60.2436
      866517     45.5893
      674132      36.183
      479284      25.184
      346401     16.8393
      242956     12.5712
      185582     8.82205
      138641      6.4141
     74492.5     3.80285
     48435.1     2.83529
     31898.9     1.45501
     15309.1    0.772083
     8540.39    0.485857
     8515.15     0.41465
     1957.52    0.147273
     2469.35    0.152494
     253.704   0.0223396
     677.308   0.0442198
     729.915   0.0397047
           0           0
           0           0
           0           0
           0           0
           0           0
           0           0
           0           0
           0           0
           0           0
           0           0
           0           0
