1     1.85206     1.85206           0
2     1.85178     1.85192 9.84118e-05
3     1.78454     1.82946   0.0183384
4     1.84178     1.83254     0.01401
5     1.86755     1.83954   0.0128391
6     1.84405     1.84029   0.0107212
7     1.84203     1.84054  0.00919249
8     1.84106      1.8406  0.00804366
9     1.85058     1.84171   0.0072259
10     1.83462       1.841  0.00653806
11      1.8308     1.84008  0.00600908
12     1.84954     1.84086  0.00555989
13     1.86046     1.84237  0.00533261
14     1.85613     1.84336  0.00504148
15      1.8466     1.84357  0.00471004
16      1.8364     1.84312  0.00443694
17     1.86407     1.84436  0.00434369
18      1.8455     1.84442  0.00410284
19     1.84503     1.84445  0.00388702
20      1.8358     1.84402  0.00371667
21     1.81173     1.84248   0.0038446
22     1.84345     1.84253   0.0036701
23     1.80799     1.84102  0.00380539
24     1.79437     1.83908  0.00411339
25      1.7829     1.83683   0.0045212
26     1.79391     1.83518  0.00463894
27     1.80372     1.83402  0.00461115
28     1.78007     1.83209  0.00483226
29     1.76808     1.82988  0.00514513
30     1.77596     1.82808   0.0052783
31     1.79091     1.82689  0.00524249
32     1.80384     1.82617   0.0051279
33     1.80012     1.82538  0.00503288
34     1.78702     1.82425  0.00500973
35     1.78926     1.82325  0.00496532
36     1.80731     1.82281   0.0048471
37     1.81321     1.82255  0.00472303
38     1.79865     1.82192  0.00464041
39     1.77734     1.82077  0.00466006
40     1.79329     1.82009  0.00459392
41     1.80372     1.81969   0.0044992
42     1.81398     1.81955  0.00439413
43     1.76268     1.81823  0.00448658
44     1.80328     1.81789  0.00439747
45     1.81801     1.81789  0.00429974
46     1.82272       1.818  0.00420755
47     1.81458     1.81792  0.00411866
48     1.81664      1.8179  0.00403294
49     1.82358     1.81801   0.0039523
50     1.82682     1.81819  0.00387718
51     1.84638     1.81874  0.00384034
52     1.83818     1.81912  0.00378463
53     1.83679     1.81945  0.00372788
54     1.83627     1.81976  0.00367185
55     1.85558     1.82041  0.00366238
56     1.85469     1.82102  0.00364777
57     1.82892     1.82116   0.0035864
58      1.8669     1.82195  0.00361023
59     1.85883     1.82258  0.00360274
60     1.84396     1.82293  0.00356028
61     1.83174     1.82308  0.00350484
62      1.8436     1.82341   0.0034639
63     1.83187     1.82354  0.00341152
64     1.81137     1.82335  0.00336352
65     1.81994      1.8233  0.00331218
66     1.82552     1.82333  0.00326217
67     1.78099      1.8227  0.00327413
68     1.82407     1.82272  0.00322604
69     1.83402     1.82289  0.00318345
70     1.82341     1.82289  0.00313798
71     1.81986     1.82285  0.00309407
72     1.83202     1.82298  0.00305372
73     1.81956     1.82293  0.00301225
74      1.8299     1.82303  0.00297301
75     1.84325     1.82329  0.00294558
76     1.83146      1.8234  0.00290878
77     1.84955     1.82374  0.00289076
78     1.84172     1.82397  0.00286287
79     1.85669     1.82439  0.00285643
80     1.84644     1.82466  0.00283399
81     1.83872     1.82484  0.00280431
82     1.84184     1.82504  0.00277777
83     1.84866     1.82533  0.00275884
84     1.83955      1.8255  0.00273118
85     1.80429     1.82525  0.00271042
86     1.81236      1.8251  0.00268304
87     1.83286     1.82519  0.00265368
88     1.81912     1.82512  0.00262442
89     1.81348     1.82499  0.00259819
90     1.82616       1.825  0.00256935
91     1.82975     1.82505  0.00254165
92      1.8094     1.82488  0.00251971
93     1.81813     1.82481  0.00249366
94     1.83042     1.82487  0.00246785
95     1.82239     1.82484  0.00244201
96      1.8175     1.82477  0.00241777
97     1.83127     1.82483  0.00239377
98     1.84791     1.82507   0.0023809
99     1.84293     1.82525  0.00236367
100     1.81836     1.82518  0.00234104
