1   -0.407865   -0.407865           0
2   -0.407471   -0.407668 0.000139342
3   -0.339585   -0.384974   0.0185301
4   -0.398672   -0.388398   0.0142105
5   -0.423116   -0.395342   0.0129542
6   -0.399674   -0.396064   0.0108153
7   -0.397887   -0.396324  0.00927337
8   -0.396967   -0.396405  0.00811455
9   -0.406109   -0.397483  0.00728421
10   -0.390519   -0.396787    0.006589
11    -0.38649    -0.39585  0.00605612
12   -0.405495   -0.396654  0.00560453
13   -0.416285   -0.398164  0.00537299
14   -0.411773   -0.399136  0.00507638
15   -0.402206   -0.399341  0.00474207
16   -0.392136   -0.398891  0.00446703
17   -0.419974   -0.400131  0.00437304
18    -0.40085   -0.400171  0.00413028
19   -0.400945   -0.400212  0.00391309
20   -0.390932   -0.399748  0.00374484
21   -0.367694   -0.398221  0.00386508
22   -0.399206   -0.398266  0.00368965
23   -0.363206   -0.396742   0.0038312
24   -0.350098   -0.394798  0.00413523
25   -0.338451   -0.392544  0.00454273
26   -0.349882   -0.390903  0.00465492
27   -0.359241   -0.389731  0.00462788
28   -0.335604   -0.387798  0.00484955
29   -0.323856   -0.385593  0.00515927
30     -0.3316   -0.383793  0.00529191
31   -0.346884   -0.382602  0.00525343
32   -0.359438   -0.381878   0.0051389
33   -0.355763   -0.381087  0.00504374
34   -0.342587   -0.379955   0.0050209
35      -0.345   -0.378956  0.00497578
36   -0.363258    -0.37852  0.00485663
37   -0.368836   -0.378258  0.00473242
38   -0.354141   -0.377624  0.00465024
39   -0.333094   -0.376482  0.00466907
40    -0.34918   -0.375799  0.00460196
41   -0.359601   -0.375404  0.00450665
42   -0.369613   -0.375266  0.00440146
43    -0.31806   -0.373936  0.00449566
44    -0.35961    -0.37361  0.00440526
45   -0.373578    -0.37361  0.00430737
46   -0.378459   -0.373715  0.00421502
47   -0.370269   -0.373642  0.00412597
48   -0.372236   -0.373612  0.00404012
49   -0.379399   -0.373731  0.00395939
50    -0.38276   -0.373911  0.00388432
51   -0.401931   -0.374461  0.00384682
52   -0.393914   -0.374835  0.00379099
53   -0.392453   -0.375167  0.00373401
54   -0.392054    -0.37548  0.00367793
55   -0.411676   -0.376138  0.00366946
56   -0.409905   -0.376741  0.00365314
57   -0.384946   -0.376885  0.00359189
58   -0.422723   -0.377675  0.00361586
59   -0.414468   -0.378299  0.00360795
60   -0.399529   -0.378653  0.00356513
61   -0.387563   -0.378799  0.00350967
62   -0.399294   -0.379129   0.0034686
63   -0.387588   -0.379264  0.00341614
64   -0.366869    -0.37907  0.00336825
65   -0.376054   -0.379023  0.00331675
66   -0.381017   -0.379054  0.00326663
67   -0.336697   -0.378421  0.00327848
68   -0.380252   -0.378448  0.00323037
69   -0.389699   -0.378611  0.00318767
70   -0.379051   -0.378618  0.00314214
71   -0.375748   -0.378577  0.00309814
72   -0.387614   -0.378703  0.00305765
73   -0.375563    -0.37866  0.00301607
74   -0.385623   -0.378754  0.00297678
75   -0.399216   -0.379027  0.00294957
76   -0.387186   -0.379134  0.00291271
77    -0.40551   -0.379477  0.00289496
78   -0.397471   -0.379707  0.00286702
79   -0.412649   -0.380124  0.00286089
80   -0.402021   -0.380398  0.00283819
81   -0.394572   -0.380573  0.00280854
82    -0.39775   -0.380783  0.00278209
83   -0.404565   -0.381069  0.00276329
84   -0.395179   -0.381237  0.00273549
85   -0.359792   -0.380985  0.00271492
86   -0.368699   -0.380842  0.00268711
87   -0.388631   -0.380931  0.00265771
88   -0.374725   -0.380861  0.00262845
89   -0.369582   -0.380734  0.00260197
90   -0.382086   -0.380749   0.0025731
91   -0.385489   -0.380801  0.00254535
92   -0.365216   -0.380632  0.00252331
93   -0.374149   -0.380562  0.00249714
94   -0.386382   -0.380624  0.00247135
95   -0.378156   -0.380598  0.00244547
96   -0.373446   -0.380524  0.00242113
97   -0.387411   -0.380595  0.00239721
98   -0.403882   -0.380832   0.0023845
99   -0.398709   -0.381013  0.00236724
100   -0.373978   -0.380942  0.00234461
