1     1.44419     1.44419           0
2     1.44431     1.44425 4.09307e-05
3     1.44495     1.44449 0.000193452
4      1.4431     1.44414  0.00033253
5     1.44443      1.4442 0.000271114
6     1.44438     1.44423  0.00022762
7     1.44414     1.44422  0.00019547
8     1.44409      1.4442 0.000171679
9     1.44447     1.44423 0.000155254
10      1.4441     1.44422 0.000140293
11     1.44431     1.44423 0.000127816
12     1.44405     1.44421 0.000118011
13     1.44418     1.44421 0.000108965
14     1.44436     1.44422 0.000101723
15      1.4444     1.44423 9.56411e-05
16     1.44426     1.44423 8.96848e-05
17      1.4441     1.44422 8.47646e-05
18     1.44465     1.44425 8.32551e-05
19     1.44408     1.44424 7.93277e-05
20     1.44487     1.44427 8.13026e-05
21     1.44404     1.44426 7.82028e-05
22     1.44425     1.44426 7.46498e-05
23     1.44478     1.44428 7.47469e-05
24     1.44428     1.44428 7.16327e-05
25     1.44445     1.44429 6.90835e-05
26     1.44403     1.44428 6.71538e-05
27     1.44448     1.44429 6.50773e-05
28     1.44446     1.44429 6.30646e-05
29     1.44422     1.44429 6.09369e-05
30     1.44436     1.44429 5.89459e-05
31     1.44403     1.44428 5.76684e-05
32      1.4444     1.44429 5.59832e-05
33     1.44436     1.44429 5.43268e-05
34     1.44443     1.44429  5.2883e-05
35     1.44426     1.44429 5.13799e-05
36     1.44405     1.44429 5.04034e-05
37     1.44438     1.44429 4.90995e-05
38     1.44451     1.44429 4.81579e-05
39     1.44425     1.44429  4.6938e-05
40     1.44411     1.44429 4.59761e-05
41     1.44411     1.44428 4.50501e-05
42     1.44436     1.44429 4.40185e-05
43     1.44462     1.44429 4.36683e-05
44     1.44367     1.44428 4.49374e-05
45     1.44443     1.44428 4.40658e-05
46     1.44426     1.44428 4.31098e-05
47     1.44431     1.44428  4.2197e-05
48     1.44441     1.44429 4.13988e-05
49     1.44418     1.44428 4.06121e-05
50     1.44406     1.44428   4.004e-05
51     1.44444     1.44428 3.93856e-05
52     1.44427     1.44428 3.86295e-05
53     1.44433     1.44428 3.79133e-05
54     1.44422     1.44428 3.72288e-05
55      1.4439     1.44427 3.71809e-05
56     1.44479     1.44428 3.76173e-05
57     1.44397     1.44428 3.73554e-05
58     1.44418     1.44428 3.67508e-05
59     1.44436     1.44428 3.61572e-05
60     1.44443     1.44428 3.56423e-05
61     1.44418     1.44428 3.50956e-05
62      1.4443     1.44428 3.45314e-05
63     1.44429     1.44428 3.39834e-05
64      1.4445     1.44428 3.36253e-05
65     1.44389     1.44428 3.36443e-05
66      1.4445     1.44428 3.33053e-05
67     1.44429     1.44428 3.28086e-05
68     1.44381     1.44427 3.30339e-05
69     1.44432     1.44427 3.25635e-05
70     1.44435     1.44428 3.21184e-05
71     1.44411     1.44427 3.17534e-05
72     1.44441     1.44427  3.1369e-05
73       1.444     1.44427 3.11653e-05
74     1.44428     1.44427 3.07443e-05
75     1.44404     1.44427 3.04939e-05
76     1.44427     1.44427 3.00926e-05
77     1.44404     1.44427  2.9842e-05
78     1.44425     1.44427 2.94604e-05
79     1.44404     1.44426 2.92254e-05
80     1.44442     1.44426 2.89227e-05
81     1.44414     1.44426 2.86031e-05
82     1.44409     1.44426 2.83329e-05
83      1.4441     1.44426 2.80588e-05
84     1.44437     1.44426 2.77545e-05
85      1.4445     1.44426 2.75746e-05
86     1.44367     1.44426 2.81154e-05
87     1.44423     1.44426 2.77937e-05
88      1.4444     1.44426 2.75238e-05
89      1.4439     1.44425 2.75071e-05
90     1.44408     1.44425  2.7272e-05
91     1.44426     1.44425 2.69724e-05
92     1.44418     1.44425 2.66902e-05
93     1.44399     1.44425 2.65548e-05
94     1.44404     1.44425  2.6367e-05
95     1.44423     1.44425   2.609e-05
96     1.44406     1.44424 2.58919e-05
97     1.44386     1.44424  2.5921e-05
98     1.44403     1.44424 2.57474e-05
99     1.44422     1.44424  2.5488e-05
100     1.44438     1.44424 2.52755e-05
