1   0.0432882   0.0432882           0
2   0.0488619   0.0460751  0.00197062
3   0.0706225   0.0542575   0.0068089
4   0.0569659   0.0549346  0.00514023
5   0.0469761   0.0533429  0.00435166
6   0.0509863   0.0529501  0.00364406
7   0.0518276   0.0527898  0.00312701
8   0.0524042   0.0527416   0.0027365
9   0.0509582   0.0525434  0.00243961
10   0.0543286   0.0527219  0.00220217
11   0.0536844   0.0528094  0.00200371
12   0.0472616   0.0523471  0.00188932
13   0.0435639   0.0516715  0.00186087
14   0.0460857   0.0512725  0.00177021
15   0.0512277   0.0512695   0.0016522
16   0.0546598   0.0514814  0.00156247
17   0.0474566   0.0512447  0.00148838
18   0.0512626   0.0512456   0.0014057
19    0.051478   0.0512579  0.00133177
20   0.0542643   0.0514082  0.00127363
21   0.0585785   0.0517496  0.00125792
22   0.0494069   0.0516432  0.00120524
23   0.0578304   0.0519122  0.00118248
24   0.0615429   0.0523134  0.00119937
25   0.0615777    0.052684  0.00120728
26   0.0535328   0.0527167  0.00116129
27   0.0469688   0.0525038  0.00113763
28   0.0516712    0.052474  0.00109738
29   0.0549249   0.0525586  0.00106279
30    0.052695   0.0525631  0.00102738
31   0.0481956   0.0524222  0.00100385
32   0.0457106   0.0522125 0.000994148
33   0.0489118   0.0521125  0.00096904
34   0.0541805   0.0521733 0.000942446
35   0.0539997   0.0522255 0.000916963
36   0.0486095    0.052125 0.000896976
37    0.046572   0.0519749   0.0008852
38   0.0505306   0.0519369 0.000862721
39   0.0553926   0.0520255 0.000845138
40    0.050222   0.0519805 0.000825211
41   0.0462929   0.0518417 0.000816661
42   0.0456097   0.0516933 0.000810584
43   0.0606974   0.0519027 0.000818333
44   0.0522234     0.05191 0.000799767
45   0.0482204    0.051828 0.000786186
46   0.0485045   0.0517558 0.000772408
47   0.0531604   0.0517857 0.000756552
48   0.0560127   0.0518737 0.000745898
49   0.0568451   0.0519752 0.000737543
50   0.0573846   0.0520834 0.000730684
51   0.0548077   0.0521368 0.000718307
52   0.0592145   0.0522729 0.000717273
53   0.0616231   0.0524493 0.000725111
54   0.0617128   0.0526209 0.000731693
55   0.0554778   0.0526728 0.000720231
56   0.0555565   0.0527243 0.000709208
57   0.0597338   0.0528473 0.000707347
58   0.0474649   0.0527545 0.000701213
59   0.0463217   0.0526455 0.000697753
60   0.0481738   0.0525709 0.000690092
61   0.0487049   0.0525075 0.000681683
62   0.0438936   0.0523686   0.0006847
63   0.0460213   0.0522679 0.000681204
64   0.0513046   0.0522528 0.000670727
65   0.0495447   0.0522111 0.000661701
66   0.0497612    0.052174 0.000652715
67   0.0606495   0.0523005 0.000655117
68   0.0486402   0.0522467  0.00064769
69   0.0432572   0.0521164 0.000651275
70   0.0444552    0.052007 0.000651102
71   0.0453172   0.0519127 0.000648713
72   0.0450464   0.0518174 0.000646675
73   0.0522096   0.0518228 0.000637839
74   0.0551265   0.0518674  0.00063078
75   0.0570518   0.0519365 0.000626146
76   0.0634585   0.0520881 0.000635996
77   0.0603055   0.0521948 0.000636627
78   0.0594101   0.0522874  0.00063515
79    0.051337   0.0522753 0.000627224
80   0.0494539   0.0522401 0.000620374
81   0.0479207   0.0521867 0.000615003
82    0.044664    0.052095 0.000614307
83   0.0427355   0.0519822 0.000617169
84   0.0475016   0.0519289 0.000612123
85   0.0590126   0.0520122 0.000610568
86    0.056313   0.0520622 0.000605513
87   0.0477551   0.0520127 0.000600574
88   0.0482431   0.0519699 0.000595275
89   0.0469825   0.0519138 0.000591218
90   0.0429727   0.0518145 0.000592937
91   0.0442592   0.0517315 0.000592205
92   0.0510229   0.0517238 0.000585818
93   0.0480861   0.0516847 0.000580824
94   0.0431091   0.0515934 0.000581765
95   0.0446182     0.05152 0.000580256
96   0.0467886   0.0514707 0.000576301
97   0.0447438   0.0514014 0.000574517
98   0.0433259    0.051319 0.000574534
99   0.0493043   0.0512986 0.000569091
100   0.0600999   0.0513866 0.000570165
