1     1.23471     1.23471           0
2     1.23452     1.23461 6.56079e-05
3     1.18969     1.21964   0.0122256
4     1.22785     1.22169  0.00933998
5     1.24503     1.22636  0.00855937
6     1.22937     1.22686  0.00714749
7     1.22802     1.22703  0.00612833
8     1.22737     1.22707  0.00536244
9     1.23372     1.22781  0.00481727
10     1.22308     1.22734  0.00435871
11     1.22054     1.22672  0.00400606
12     1.23303     1.22724  0.00370659
13     1.24031     1.22825  0.00355507
14     1.23742      1.2289  0.00336099
15     1.23107     1.22905  0.00314002
16     1.22427     1.22875  0.00295796
17     1.24271     1.22957  0.00289579
18     1.23033     1.22961  0.00273522
19     1.23002     1.22963  0.00259135
20     1.22387     1.22935  0.00247778
21     1.20782     1.22832  0.00256307
22     1.22897     1.22835  0.00244673
23     1.20532     1.22735  0.00253693
24     1.19625     1.22605  0.00274226
25      1.1886     1.22456  0.00301413
26     1.19594     1.22345  0.00309262
27     1.20248     1.22268   0.0030741
28     1.18671     1.22139  0.00322151
29     1.17872     1.21992  0.00343009
30     1.18397     1.21872  0.00351887
31     1.19394     1.21792  0.00349499
32     1.20256     1.21744   0.0034186
33     1.20008     1.21692  0.00335525
34     1.19134     1.21617  0.00333982
35     1.19284      1.2155  0.00331021
36     1.20487      1.2152   0.0032314
37     1.20881     1.21503  0.00314869
38      1.1991     1.21461   0.0030936
39     1.18489     1.21385  0.00310671
40     1.19553     1.21339  0.00306261
41     1.20248     1.21313  0.00299946
42     1.20932     1.21303  0.00292942
43     1.17512     1.21215  0.00299105
44     1.20218     1.21193  0.00293164
45     1.21201     1.21193   0.0028665
46     1.21515       1.212  0.00280504
47     1.20972     1.21195  0.00274577
48      1.2111     1.21193  0.00268863
49     1.21572     1.21201  0.00263487
50     1.21788     1.21213  0.00258479
51     1.23092      1.2125  0.00256023
52     1.22545     1.21274  0.00252309
53     1.22452     1.21297  0.00248526
54     1.22418     1.21317   0.0024479
55     1.23705     1.21361  0.00244159
56     1.23646     1.21402  0.00243185
57     1.21928     1.21411  0.00239093
58      1.2446     1.21463  0.00240682
59     1.23922     1.21505  0.00240183
60     1.22931     1.21529  0.00237352
61     1.22116     1.21539  0.00233656
62     1.22906     1.21561  0.00230927
63     1.22125      1.2157  0.00227435
64     1.20758     1.21557  0.00224235
65      1.2133     1.21553  0.00220812
66     1.21701     1.21556  0.00217478
67     1.18733     1.21513  0.00218275
68     1.21604     1.21515   0.0021507
69     1.22268     1.21526   0.0021223
70      1.2156     1.21526  0.00209198
71     1.21324     1.21523  0.00206271
72     1.22135     1.21532  0.00203581
73     1.21304     1.21529  0.00200816
74     1.21993     1.21535  0.00198201
75     1.22883     1.21553  0.00196372
76     1.22097      1.2156  0.00193919
77     1.23304     1.21583  0.00192718
78     1.22781     1.21598  0.00190858
79     1.23779     1.21626  0.00190429
80     1.23096     1.21644  0.00188933
81     1.22581     1.21656  0.00186954
82     1.22789      1.2167  0.00185185
83     1.23244     1.21689  0.00183923
84     1.22636       1.217  0.00182079
85     1.20286     1.21683  0.00180695
86     1.20824     1.21673  0.00178869
87     1.22191     1.21679  0.00176912
88     1.21275     1.21675  0.00174962
89     1.20899     1.21666  0.00173213
90     1.21744     1.21667   0.0017129
91     1.21983      1.2167  0.00169443
92     1.20626     1.21659  0.00167981
93     1.21209     1.21654  0.00166244
94     1.22028     1.21658  0.00164523
95     1.21492     1.21656  0.00162801
96     1.21167     1.21651  0.00161185
97     1.22085     1.21656  0.00159585
98     1.23194     1.21671  0.00158727
99     1.22862     1.21683  0.00157578
100     1.21224     1.21679  0.00156069
