1.13925
1.14561
1.15562
1.16798
1.18177
1.19664
1.21267
1.22989
1.24774
1.26501
1.28016
1.29177
1.29872
1.30042
1.29669
1.28778
1.27449
1.25806
1.23992
1.22167
1.20513
1.19262
1.18696
1.19064
1.20489
1.2288
1.25948
1.29277
1.32421
1.34964
1.36548
1.36901
1.35865
1.33453
1.29901
1.25659
1.21324
1.17483
1.14577
1.12808
1.12158
1.12458
1.13492
1.15078
1.17062
1.19279
1.21496
1.23437
1.24843
1.25554
1.25575
1.25086
1.24392
1.23829
1.23676
1.24087
1.25076
1.26541
1.28282
1.30019
1.31434
1.32221
1.32144
1.311
1.29145
1.26501
1.23567
1.20856
1.18895
1.181
1.18633
1.2032
1.22715
1.25263
1.2752
1.293
1.30693
1.31917
1.33097
1.34142
1.34774
1.34691
1.33709
1.31848
1.29298
1.26308
1.23081
1.19795
1.16659
1.13989
1.12127
1.11301
1.11492
1.12402
1.1361
1.14764
1.15738
1.16662
1.17826
1.19523
1.21847
1.24622
1.27437
1.29782
1.31226
1.31589
1.30995
1.2981
1.28459
1.27253
1.26301
1.25534
1.2479
1.23933
1.22928
1.21902
1.21067
1.20652
1.2083
1.21666
1.23106
1.24991
1.27069
1.29021
1.30516
1.31272
1.31116
1.30023
1.28102
1.2561
1.22922
1.20445
1.18508
1.17281
1.16745
1.16763
1.17191
1.17933
1.18921
1.20059
1.21193
1.22138
1.22784
1.2314
1.23326
1.23521
1.23881
1.24502
1.254
1.2654
1.27854
1.29249
1.306
1.31775
1.32651
1.33133
1.33149
1.32659
1.31671
1.30241
1.285
1.26623
1.24813
1.23237
1.21982
1.21035
1.2028
1.19553
1.18711
1.17699
1.16598
1.15625
1.15062
1.15131
1.15886
1.17162
1.18657
1.20024
1.20972
1.21344
1.21156
1.20581
1.19909
1.19453
1.19455
1.20023
1.21139
1.22729
1.24703
1.26991
1.295
1.32106
1.34637
1.36854
1.38492
1.39319
1.39186
1.38036
1.35863
1.32689
1.28612
1.23847
1.18774
1.13939
1.09972
1.07456
1.06759
1.07919
1.10691
1.14627
1.19183
1.23771
1.27798
1.3075
1.32283
1.3229
1.30953
1.28728
1.26263
1.24197
1.22945
1.22563
1.22783
1.23219
1.23566
1.23686
1.23576
1.23297
1.22905
1.22433
1.21927
1.21478
1.2118
1.21077
1.21128
1.21231
1.21273
1.21183
1.20959
1.20667
1.20407
1.20288
1.20384
1.20739
1.21346
1.22179
1.23196
1.2435
1.25575
1.2677
1.27823
1.28639
1.29158
1.29343
1.29173
1.28652
1.27819
1.26736
1.25485
1.24172
1.22931
1.21898
1.21181
1.20832
1.20859
1.21226
1.21913
1.22912
1.24235
1.25855
1.27639
1.29317
1.30523
1.30965
1.30564
1.29466
1.27946
1.2629
1.24711
1.23346
1.22275
1.21568
1.21301
1.21525
1.22205
1.23162
1.24057
1.24473
1.24085
1.22787
1.20777
1.18533
1.16653
1.15601
1.15559
1.1644
1.18009
1.19981
1.2208
1.24074
1.2579
1.27091
1.27866
1.28022
1.27505
1.26311
1.24523
1.22313
1.19963
1.17818
1.16235
1.15488
1.1569
1.16788
1.18596
1.20858
1.23306
1.25686
1.27768
1.29394
1.30489
1.31082
1.31306
1.31386
1.31588
1.32109
1.32933
1.3378
1.34254
1.34067
1.33144
1.31562
1.29488
1.27091
1.24509
1.21845
1.19212
1.1676
1.14694
1.13248
1.12598
1.12792
1.13731
1.15195
1.16903
1.1857
1.19953
1.20876
1.2126
1.2116
1.20747
1.20273
1.2
1.2012
1.2068
1.21596
1.2269
1.23778
1.24707
1.25404
1.25852
1.2609
1.26177
1.26178
1.26114
1.2596
1.25643
1.25075
1.24193
1.23003
1.21596
1.20134
1.18841
1.17938
1.17582
1.17805
1.18489
1.19391
1.20222
1.20735
1.20807
1.20484
1.19954
1.19483
1.19322
1.19616
1.20409
1.21697
1.23446
1.25582
1.27935
1.30223
1.32082
1.33168
1.33253
1.32299
1.30467
1.28074
1.25503
1.23114
1.21209
1.20048
1.19861
1.20789
1.22794
1.25601
1.28743
1.31693
1.34024
1.35497
1.36055
1.35773
1.34773
1.33169
1.31053
1.28543
1.2582
1.23112
1.20665
1.18655
1.17145
1.16061
1.15257
1.14576
1.13916
1.13262
1.12696
1.124
1.12585
1.13423
1.14956
1.17023
1.19295
1.21382
1.22994
1.2404
1.24615
1.24895
1.25014
1.25005
1.24832
1.2444
1.23803
1.22906
1.21729
1.20285
1.18681
1.17211
1.16337
1.1658
1.18261
1.21282
1.2514
1.29161
1.32739
1.35424
1.36956
1.37223
1.36285
1.34353
1.31751
1.28868
1.26075
1.23675
1.21905
1.21001
1.21256
1.22907
1.25915
1.29831
1.33906
1.37369
1.39645
1.4046
1.39847
1.38051
1.35394
1.32171
1.28612
1.24909
1.21288
1.18011
1.15342
1.13451
1.12355
1.11912
1.11901
1.12112
1.12408
1.12753
1.13197
1.13838
1.14786
1.16118
1.17831
1.19791
1.21717
1.23241
1.24046
1.23959
1.22994
1.21343
1.19309
1.1724
1.15475
1.14295
1.13884
1.14322
1.15567
1.17474
1.19806
1.22304
1.24729
1.26898
1.28717
1.30181
1.31325
1.32183
1.32787
1.3317
1.33398
1.33536
1.33602
1.33532
1.33215
1.32563
1.31631
1.30665
1.30003
1.29814
1.29915
1.29934
1.29592
1.28819
1.27695
1.2633
1.24794
1.23104
1.21268
1.19337
1.17456
1.15875
1.14888
1.14759
1.15604
1.17368
1.19823
1.22619
1.25352
1.27626
1.29103
1.29575
1.28986
1.27428
1.25111
1.22304
1.19282
1.16298
1.13633
1.11602
1.10483
1.10415
1.11317
1.12955
1.15037
1.17313
1.19607
1.21803
1.23825
1.25581
1.26943
1.27758
1.27901
1.27302
1.26009
1.24202
1.22161
1.20231
1.18742
1.17951
1.17988
1.18839
1.20356
1.22288
1.2435
1.26284
1.27908
1.29132
1.29942
1.30373
1.30485
1.30349
1.3005
1.29655
1.29185
1.28585
1.27752
1.26575
1.2501
1.2314
1.21187
1.1945
1.18192
1.17542
1.17471
1.17862
1.18615
1.19697
1.21096
1.22728
1.24376
1.25747
1.26603
1.26859
1.26609
1.26083
1.25561
1.25302
1.25449
1.26003
1.26819
1.27654
1.28254
1.2841
1.28029
1.27157
1.2597
1.24687
1.23434
1.22179
1.20831
1.19379
1.1794
1.16691
1.15753
1.15125
1.14716
1.14402
1.14092
1.13781
1.13562
1.13591
1.1404
1.15046
1.16684
1.18923
1.21628
1.24616
1.27671
1.30582
1.33137
1.35124
1.36355
1.36701
1.36136
1.3476
1.32802
1.30575
1.28428
1.26658
1.25426
1.24746
1.24535
1.24726
1.25295
1.26225
1.27411
1.28618
1.29527
1.29829
1.29332
1.28045
1.2618
1.24117
1.22274
1.20977
1.20389
1.20531
1.21331
1.22638
1.24229
1.25822
1.27134
1.27966
1.28224
1.27921
1.27152
1.26102
1.25026
1.2417
1.23685
1.23574
1.23703
1.23877
1.2391
1.2367
1.2309
1.22162
1.20929
1.1949
1.18018
1.16726
1.15854
1.15602
1.16067
1.17197
1.188
1.20615
1.22384
1.23944
1.25257
1.26398
1.27455
1.28422
1.291
1.2916
1.28293
1.26403
1.23727
1.20829
1.18429
1.17135
1.1724
1.18686
1.21132
1.24066
1.26933
1.29274
1.30809
1.31506
1.31541
1.3121
1.30783
1.30397
1.30038
1.29628
1.29133
1.2857
1.27972
1.2735
1.26685
1.2595
1.25125
1.24215
1.2324
1.22232
1.21184
1.20004
1.18582
1.16917
1.15191
1.13762
1.13052
1.13444
1.15137
1.18041
1.21792
1.2585
1.29643
1.3272
1.3484
1.35998
1.3639
1.3627
1.35798
1.34935
1.33521
1.31433
1.28695
1.25538
1.22344
1.19522
1.17377
1.16032
1.15468
1.15587
1.1627
1.17378
1.18734
1.20127
1.21337
1.22177
1.22538
1.224
1.21829
1.20956
1.19983
1.19203
1.18966
1.19607
1.21328
1.24099
1.27612
1.31356
1.34753
1.37287
1.38622
1.38637
1.37395
1.3509
1.31971
1.28304
1.24326
1.20273
1.16411
1.13069
1.10607
1.09371
1.09602
1.11364
1.14483
1.18535
1.22934
1.27069
1.30431
1.32695
1.33762
1.33719
1.32766
1.3112
1.28965
1.26465
1.23792
1.21187
1.18963
1.17431
1.16776
1.17
1.17967
1.19496
1.21462
1.23828
1.26593
1.29684
1.32856
1.35679
1.37658
1.38419
1.37797
1.35899
1.33066
1.29768
1.26462
1.23476
1.21027
1.1926
1.18273
1.18103
1.18767
1.20256
1.22496
1.25263
1.28172
1.30761
1.326
1.33398
1.33064
1.31688
1.29475
1.26665
1.23502
1.20242
1.1717
1.14612
1.12886
1.12201
1.12541
1.13633
1.15063
1.16457
1.17625
1.1857
1.19407
1.2024
1.211
1.21942
1.22704
1.23345
1.23876
1.2436
1.24883
1.25511
1.26234
1.26967
1.27574
1.27936
1.28008
1.27832
1.27511
1.27143
1.26776
1.26408
1.26017
1.25603
1.25209
1.24915
1.24809
1.24962
1.25406
1.2615
1.2716
1.2833
1.29466
1.30308
1.30588
1.30091
1.28706
1.26443
1.23451
1.20023
1.16599
1.13748
1.1204
1.11869
1.13239
1.15762
1.18841
1.21908
1.24543
1.26488
1.27613
1.27885
1.27377
1.26247
1.24727
1.23081
1.21538
1.20267
1.19388
1.19006
1.19244
1.20177
1.21765
1.23867
1.26365
1.2923
1.32417
1.35707
1.38696
1.40933
1.4212
1.42193
1.4125
1.39426
1.368
1.33395
1.29257
1.2458
1.19745
1.15272
1.11665
1.09282
1.08276
1.08626
1.10151
1.12567
1.15512
1.18596
1.21455
1.23821
1.25578
1.26764
1.27519
1.2801
1.2836
1.2862
1.28754
1.28669
1.28274
1.27532
1.2649
1.2528
1.24095
1.23141
1.22577
1.22444
1.22647
1.23015
1.23401
1.23731
1.23958
1.24035
1.239
1.23496
1.22814
1.21943
1.21073
1.20463
1.20348
1.20832
1.21818
1.2301
1.24005
1.24417
1.24023
1.22856
1.21195
1.19475
1.18092
1.17251
