-5.39112
-5.39122
-5.39119
-5.39136
-5.39051
-5.39061
-5.39139
-5.39278
-5.39084
-5.39135
-5.39041
-5.38869
-5.39013
-5.39056
-5.39164
-5.39019
-5.38981
-5.38666
-5.38754
-5.38795
-5.38953
-5.38912
-5.39156
-5.39357
-5.39526
-5.39512
-5.39526
-5.39528
-5.39583
-5.39567
-5.39261
-5.39094
-5.38694
-5.38533
-5.38569
-5.38564
-5.38588
-5.38471
-5.38418
-5.38727
-5.38767
-5.39012
-5.3901
-5.39089
-5.39477
-5.39489
-5.39441
-5.3901
-5.3901
-5.391
-5.39233
-5.39294
-5.39292
-5.39387
-5.39309
-5.3966
-5.39519
-5.39461
-5.39312
-5.39198
-5.39213
-5.392
-5.39073
-5.39106
-5.39154
-5.39169
-5.39166
-5.39121
-5.39351
-5.39612
-5.39482
-5.39544
-5.39552
-5.39733
-5.39786
-5.3961
-5.39778
-5.39641
-5.39377
-5.39447
-5.39323
-5.39207
-5.38953
-5.38808
-5.38721
-5.38721
-5.38643
-5.38452
-5.38385
-5.38354
-5.38321
-5.38331
-5.38486
-5.38632
-5.38866
-5.3885
-5.389
-5.38942
-5.38983
-5.39143
-5.39266
-5.39356
-5.393
-5.39097
-5.39154
-5.39307
-5.39293
-5.39226
-5.39229
-5.39252
-5.39179
-5.39254
-5.39086
-5.39103
-5.3906
-5.39036
-5.38939
-5.39088
-5.39024
-5.38862
-5.38818
-5.38559
-5.38723
-5.38822
-5.38921
-5.38933
-5.38936
-5.3891
-5.38871
-5.38898
-5.38868
-5.38845
-5.38846
-5.38854
-5.38852
-5.38834
-5.38805
-5.388
-5.38852
-5.38763
-5.38687
-5.3866
-5.38726
-5.38702
-5.38824
-5.39093
-5.39278
-5.39468
-5.393
-5.39483
-5.39528
-5.3953
-5.39259
-5.39267
-5.39167
-5.3922
-5.39073
-5.38893
-5.38812
-5.38807
-5.38914
-5.38814
-5.38767
-5.38958
-5.38797
-5.38629
-5.38639
-5.38601
-5.38391
-5.38408
-5.38474
-5.38567
-5.38686
-5.3853
-5.38819
-5.38921
-5.38892
-5.38926
-5.3884
-5.38683
-5.3857
-5.38416
-5.38618
-5.38622
-5.38741
-5.38831
-5.38979
-5.39021
-5.39056
-5.39018
-5.39131
-5.38906
-5.38821
-5.38905
-5.3906
-5.39066
-5.3916
-5.38961
-5.38924
-5.38827
-5.38908
-5.38889
-5.38854
-5.38781
-5.38934
-5.38846
-5.39197
-5.39244
-5.39319
-5.39374
-5.3947
-5.39375
-5.3958
-5.39224
-5.39266
-5.39119
-5.39199
-5.39014
-5.38995
-5.38998
-5.38959
-5.3868
-5.38751
-5.38948
-5.38929
-5.38872
-5.38819
-5.38676
-5.38732
-5.38499
-5.38435
-5.38446
-5.38303
-5.38289
-5.38494
-5.38654
-5.38805
-5.38694
-5.38683
-5.38714
-5.38659
-5.38709
-5.3854
-5.3876
-5.38719
-5.38772
-5.38756
-5.38831
-5.38898
-5.38986
-5.38999
-5.38647
-5.3868
-5.3884
-5.38868
-5.38965
-5.38774
-5.38559
-5.38322
-5.38257
-5.38532
-5.38818
-5.38886
-5.38892
-5.38992
-5.38993
-5.38862
-5.38991
-5.39088
-5.3908
-5.39408
-5.3928
-5.39183
-5.3913
-5.39083
-5.3893
-5.3871
-5.38806
-5.38629
-5.3859
-5.38559
-5.38534
-5.38647
-5.38858
-5.38896
-5.39167
-5.39203
-5.39038
-5.38979
-5.3899
-5.38909
-5.38919
-5.38952
-5.38985
-5.38923
-5.39166
-5.39057
-5.39179
-5.39178
-5.39222
-5.3896
-5.39106
-5.39048
-5.39015
-5.38914
-5.39044
-5.39154
-5.38996
-5.38935
-5.3891
-5.38854
-5.39077
-5.39365
-5.39382
-5.39601
-5.3947
-5.39766
-5.39616
-5.39673
-5.39946
-5.39731
-5.39718
-5.39498
-5.39466
-5.39588
-5.39236
-5.39319
-5.39267
-5.38952
-5.38716
-5.38613
-5.38685
-5.38969
-5.3888
-5.38835
-5.388
-5.38713
-5.38709
-5.38761
-5.39061
-5.39211
-5.39227
-5.39129
-5.39134
-5.38982
-5.3893
-5.3928
-5.39487
-5.39401
-5.3936
-5.39407
-5.39448
-5.39546
-5.3959
-5.39631
-5.39399
-5.39309
-5.39169
-5.38954
-5.39091
-5.39035
-5.39146
-5.39297
-5.3929
-5.39251
-5.39044
-5.38797
-5.38832
-5.38897
-5.38869
-5.38661
-5.3857
-5.38632
-5.38713
-5.38805
-5.38762
-5.38926
-5.38899
-5.39104
-5.39095
-5.39018
-5.39117
-5.39207
-5.3939
-5.39333
-5.39545
-5.39692
-5.39805
-5.39783
-5.3975
-5.39499
-5.39214
-5.38925
-5.38832
-5.38824
-5.3892
-5.38977
-5.39039
-5.39171
-5.39336
-5.39205
-5.39292
-5.39303
-5.39448
-5.39318
-5.39246
-5.39282
-5.39205
-5.39256
-5.39294
-5.39108
-5.38966
-5.39127
-5.3891
-5.38897
-5.38899
-5.38759
-5.38678
-5.38715
-5.387
-5.38715
-5.38718
-5.38802
-5.39002
-5.39196
-5.3907
-5.39217
-5.39287
-5.39346
-5.39223
-5.39157
-5.39227
-5.39291
-5.39221
-5.39068
-5.39111
-5.39171
-5.39279
-5.39072
-5.38929
-5.39104
-5.39144
-5.38925
-5.38898
-5.39064
-5.39137
-5.39296
-5.39429
-5.39453
-5.39362
-5.39637
-5.39879
-5.39894
-5.3994
-5.40094
-5.396
-5.39411
-5.39188
-5.39077
-5.38961
-5.39076
-5.3894
-5.39161
-5.39182
-5.39321
-5.39294
-5.39393
-5.39407
-5.3972
-5.39578
-5.3955
-5.39453
-5.39249
-5.39068
-5.38807
-5.38446
-5.38313
-5.38593
-5.38732
-5.38761
-5.38751
-5.38412
-5.38516
-5.38468
-5.38574
-5.38693
-5.39145
-5.39223
-5.39324
-5.39202
-5.39087
-5.39016
-5.39116
-5.39188
-5.39157
-5.39072
-5.39016
-5.3886
-5.38646
-5.38619
-5.38669
-5.38681
-5.38726
-5.38774
-5.38853
-5.38858
-5.39007
-5.3935
-5.39522
-5.39446
-5.39507
-5.3938
-5.39168
-5.39168
-5.39228
-5.39259
-5.39391
-5.39332
-5.39438
-5.39678
-5.39828
-5.3966
-5.39618
-5.39405
-5.39601
-5.39372
-5.39484
-5.39273
-5.39318
-5.38939
-5.38884
-5.38792
-5.38814
-5.38903
-5.38874
-5.38823
-5.38969
-5.39019
-5.38747
-5.38484
-5.38566
-5.38742
-5.38849
-5.39009
-5.39074
-5.39156
-5.39369
-5.39317
-5.39321
-5.39385
-5.39421
-5.39315
-5.39082
-5.38898
-5.38901
-5.39094
-5.38989
-5.39007
-5.38862
-5.38974
-5.39109
-5.39213
-5.39299
-5.39422
-5.39548
-5.39395
-5.39519
-5.3957
-5.39548
-5.39645
-5.39532
-5.39373
-5.3943
-5.39324
-5.391
-5.39095
-5.39122
-5.39184
-5.39341
-5.39259
-5.39213
-5.39224
-5.39376
-5.39337
-5.39464
-5.39084
-5.39111
-5.39199
-5.39288
-5.39254
-5.39193
-5.39238
-5.39031
-5.38733
-5.38594
-5.38608
-5.38643
-5.38669
-5.38827
-5.38644
-5.38458
-5.38528
-5.38682
-5.38809
-5.3899
-5.39062
-5.39257
-5.39323
-5.39222
-5.39463
-5.39578
-5.39406
-5.39346
-5.39418
-5.39184
-5.39139
-5.39219
-5.39191
-5.39299
-5.39464
-5.39186
-5.39336
-5.39461
-5.39248
-5.39129
-5.38829
-5.3894
-5.3894
-5.38911
-5.39099
-5.39087
-5.39146
-5.39124
-5.39055
-5.39185
-5.39083
-5.38968
-5.38972
-5.38905
-5.38844
-5.3912
-5.39025
-5.39108
-5.39137
-5.39168
-5.39189
-5.39388
-5.39405
-5.39303
-5.39375
-5.3923
-5.38936
-5.38884
-5.38954
-5.38964
-5.39119
-5.38851
-5.38908
-5.38772
-5.38886
-5.3891
-5.39091
-5.39134
-5.39139
-5.39242
-5.39145
-5.39224
-5.38983
-5.39162
-5.39347
-5.39232
-5.39226
-5.3896
-5.39125
-5.39006
-5.39104
-5.3934
-5.39378
-5.39599
-5.39542
-5.39523
-5.39442
-5.39531
-5.39379
-5.39288
-5.39204
-5.39068
-5.39151
-5.39195
-5.39163
-5.39073
-5.38813
-5.3873
-5.38918
-5.38961
-5.38831
-5.3886
-5.38665
-5.38866
-5.38983
-5.38958
-5.39054
-5.38946
-5.38919
-5.39055
-5.39048
-5.39147
-5.39412
-5.39234
-5.39241
-5.39123
-5.39143
-5.39235
-5.39412
-5.39205
-5.39124
-5.39086
-5.39056
-5.39036
-5.3902
-5.39075
-5.39078
-5.39252
-5.39242
-5.39543
-5.39431
-5.39462
-5.39229
-5.39239
-5.39324
-5.39338
-5.39285
-5.39318
-5.39194
-5.38901
-5.38958
-5.39079
-5.39106
-5.39104
-5.39166
-5.39322
-5.39119
-5.39045
-5.39167
-5.39195
-5.3916
-5.38926
-5.39197
-5.39008
-5.38991
-5.38807
-5.38828
-5.39052
-5.39274
-5.3934
-5.39445
-5.39437
-5.39436
-5.39511
-5.39455
-5.39193
-5.39202
-5.39043
-5.3897
-5.39195
-5.39278
-5.3902
-5.38853
-5.38798
-5.39034
-5.39183
-5.3911
-5.38961
-5.39106
-5.38953
-5.39015
-5.39226
-5.39324
-5.39047
-5.39135
-5.39365
-5.3945
-5.39303
-5.39287
-5.39283
-5.39262
-5.39299
-5.39434
-5.39508
-5.39674
-5.39656
-5.39943
-5.40024
-5.39886
-5.39659
-5.39486
-5.39291
-5.39063
-5.38947
-5.38821
-5.38722
-5.38551
-5.385
-5.38603
-5.38801
-5.38905
-5.39013
-5.39053
-5.39369
-5.3942
-5.39569
-5.39535
-5.39632
-5.39511
-5.39412
-5.39553
-5.39467
-5.39366
-5.39223
-5.39067
-5.38993
-5.39032
-5.38799
-5.38887
-5.38781
-5.38636
-5.38954
-5.38939
-5.391
-5.39083
-5.39091
-5.39488
-5.39591
-5.39872
-5.39925
-5.39668
-5.3956
-5.39296
-5.39094
-5.39112
-5.38913
-5.38602
-5.38685
-5.38731
-5.39052
-5.389
-5.38786
-5.38966
-5.3905
-5.39228
-5.39197
-5.3923
-5.39187
-5.39098
-5.38875
-5.38762
-5.38781
-5.38848
-5.38843
-5.38828
-5.38774
-5.38876
-5.3875
-5.3869
-5.38982
-5.39349
-5.39311
-5.393
-5.39279
-5.39293
-5.39398
-5.39381
-5.39377
-5.39444
-5.39575
-5.39602
-5.39559
-5.39417
-5.39376
-5.39344
-5.39482
-5.39202
-5.39273
-5.39364
-5.39538
-5.3938
-5.39385
-5.39527
-5.39518
-5.39615
-5.39486
-5.39355
-5.39417
-5.39319
-5.39454
-5.39275
-5.39233
-5.39326
-5.39259
-5.39288
-5.39246
-5.3922
-5.39138
-5.3945
-5.39316
-5.39296
-5.39238
-5.38961
-5.38902
-5.38783
-5.38975
-5.38967
-5.39108
-5.39334
-5.3944
-5.39621
-5.3945
-5.39228
-5.39136
-5.39188
-5.39038
-5.38954
-5.39046
-5.3893
-5.39003
-5.38939
-5.38959
-5.39188
-5.39265
-5.3916
-5.39227
-5.39232
-5.39193
-5.39172
-5.39338
-5.39471
-5.39463
-5.39486
-5.3969
-5.39724
-5.39482
-5.39342
-5.3928
-5.39101
-5.39152
-5.38913
-5.38653
-5.38649
-5.38628
-5.38596
-5.38382
-5.38354
-5.38396
-5.38751
-5.39081
-5.39313
-5.39442
-5.39565
-5.39719
-5.39758
-5.396
-5.39646
-5.39807
-5.39853
-5.3994
-5.39898
-5.39719
-5.39659
-5.39528
-5.39462
-5.39405
-5.3914
-5.39057
-5.39251
-5.39198
-5.39173
-5.39036
-5.39076
-5.39105
-5.39161
-5.39052
-5.39066
-5.39235
-5.39304
-5.39085
-5.39204
-5.39218
-5.39225
-5.39186
-5.39536
-5.39605
-5.39702
-5.39627
-5.39456
-5.39341
-5.39145
-5.39021
-5.39136
-5.39088
-5.39015
