0.8
0.799923
0.799692
0.799306
0.798768
0.798076
0.797231
0.796234
0.795085
0.793784
0.792333
0.790731
0.788979
0.787079
0.785031
0.782835
0.780493
0.778007
0.775377
0.772604
0.76969
0.766635
0.763443
0.760115
0.75665
0.75305
0.749316
0.745449
0.74145
0.737322
0.733066
0.728683
0.724174
0.719541
0.714785
0.709908
0.704911
0.699796
0.694566
0.689223
0.683768
0.678203
0.67253
0.666753
0.660874
0.654895
0.64882
0.642649
0.636387
0.630035
0.623597
0.617076
0.610475
0.603799
0.59705
0.590231
0.583348
0.576402
0.569398
0.56234
0.555231
0.548075
0.540876
0.533639
0.526368
0.519067
0.51174
0.504393
0.497028
0.489652
0.482269
0.474883
0.467499
0.460122
0.452757
0.445408
0.438081
0.43078
0.42351
0.416276
0.409082
0.401935
0.394839
0.387798
0.380818
0.373903
0.367058
0.360288
0.353597
0.34699
0.340473
0.334048
0.32772
0.321493
0.315372
0.30936
0.303461
0.29768
0.292019
0.286482
0.281073
0.275795
0.270651
0.265643
0.260774
0.256048
0.251465
0.24703
0.242742
0.238605
0.234619
0.230787
0.22711
0.223588
0.220223
0.217016
0.213966
0.211074
0.20834
0.205765
0.203347
0.201087
0.198984
0.197036
0.195244
0.193606
0.192121
0.190788
0.189604
0.188569
0.18768
0.186935
0.186332
0.18587
0.185545
0.185355
0.185298
0.185371
0.185571
0.185895
0.186341
0.186905
0.187584
0.188376
0.189276
0.190283
0.191392
0.1926
0.193904
0.195301
0.196787
0.198358
0.200013
0.201746
0.203555
0.205436
0.207386
0.209402
0.21148
0.213617
0.21581
0.218055
0.220349
0.22269
0.225073
0.227497
0.229958
0.232454
0.23498
0.237535
0.240114
0.242716
0.245337
0.247975
0.250627
0.253291
0.255964
0.258643
0.261327
0.264013
0.266699
0.269383
0.272062
0.274734
0.277398
0.280052
0.282692
0.285319
0.28793
0.290524
0.293098
0.295652
0.298183
0.300691
0.303173
0.305629
0.308057
0.310456
0.312826
0.315164
0.317471
0.319743
0.321982
0.324185
0.326352
0.328482
0.330574
0.332627
0.334641
0.336614
0.338547
0.34044
0.34229
0.344099
0.345864
0.347586
0.349264
0.350897
0.352486
0.35403
0.355528
0.356981
0.358389
0.359751
0.361066
0.362336
0.36356
0.364737
0.365869
0.366955
0.367994
0.368987
0.369935
0.370837
0.371693
0.372503
0.373268
0.373988
0.374663
0.375292
0.375878
0.376419
0.376917
0.377372
0.377785
0.378156
0.378485
0.378773
0.379022
0.379233
0.379404
0.379537
0.379633
0.379692
0.379715
0.379703
0.379658
0.37958
0.379469
0.379326
0.379154
0.378953
0.378725
0.378469
0.378188
0.377882
0.377552
0.3772
0.376826
0.376432
0.376019
0.375588
0.375141
0.374679
0.374203
0.373715
0.373216
0.372707
0.37219
0.371665
0.371135
0.370601
0.370065
0.369526
0.368988
0.368452
0.367919
0.36739
0.366867
0.366351
0.365845
0.365348
0.364863
0.36439
0.363931
0.363486
0.363057
0.362645
0.362252
0.361877
0.361522
0.361189
0.360879
0.360591
0.360328
0.36009
0.359878
0.359692
0.359534
0.359403
0.359302
0.359231
0.35919
0.359179
0.359199
0.359251
0.359333
0.359448
0.359594
0.359773
0.359985
0.36023
0.360507
0.360816
0.361157
0.361531
0.361937
0.362375
0.362843
0.363343
0.363874
0.364435
0.365027
0.365648
0.366299
0.366978
0.367685
0.368419
0.36918
0.369968
0.370781
0.371619
0.37248
0.373365
0.374272
0.3752
0.376148
0.377115
0.3781
0.379102
0.38012
0.381153
0.3822
0.38326
0.384332
0.385415
0.386508
0.387611
0.388721
0.389837
0.390959
0.392086
0.393216
0.394349
0.395482
0.396616
0.397749
0.39888
0.400009
0.401135
0.402256
0.40337
0.404478
0.405579
0.406672
0.407755
0.408828
0.409891
0.410942
0.41198
0.413006
0.414018
0.415015
0.415998
0.416964
0.417914
0.418849
0.419768
0.42067
0.421554
0.42242
0.423267
0.424095
0.424905
0.425696
0.426467
0.427219
0.42795
0.428661
0.429352
0.430022
0.430673
0.431304
0.431914
0.432505
0.433075
0.433625
0.434156
0.434667
0.435158
0.43563
0.436083
0.436517
0.436933
0.437331
0.437713
0.438077
0.438424
0.438755
0.43907
0.439369
0.439654
0.439924
0.44018
0.440422
0.440652
0.440869
0.441074
0.441267
0.441451
0.441624
0.441787
0.44194
0.442084
0.44222
0.442348
0.442467
0.442579
0.442684
0.442783
0.442875
0.442963
0.443044
0.44312
0.44319
0.443256
0.443317
0.443372
0.443423
0.44347
0.443513
0.443551
0.443585
0.443614
0.443638
0.443658
0.443674
0.443684
0.44369
0.44369
0.443685
0.443674
0.443657
0.443634
0.443603
0.443566
0.44352
0.443465
0.443403
0.443331
0.44325
0.44316
0.443059
0.442948
0.442826
0.442693
0.442547
0.442389
0.442218
0.442034
0.441837
0.441626
0.4414
0.441159
0.440902
0.440628
0.440339
0.440033
0.439709
0.439368
0.439009
0.438631
0.438236
0.437822
0.437391
0.43694
0.436471
0.435984
0.435478
0.434954
0.434412
0.43385
0.433271
0.432673
0.432058
0.431425
0.430774
0.430107
0.429423
0.428722
0.428006
0.427274
0.426527
0.425767
0.424994
0.424208
0.423411
0.422601
0.42178
0.420949
0.420108
0.419259
0.418402
0.417538
0.416669
0.415795
0.414917
0.414037
0.413155
0.412273
0.411391
0.410511
0.409633
0.40876
0.407891
0.407028
0.406172
0.405324
0.404486
0.403658
0.402842
0.402039
0.401252
0.40048
0.399725
0.398988
0.39827
0.397573
0.396898
0.396246
0.395618
0.395015
0.394438
0.393888
0.393367
0.392875
0.392414
0.391984
0.391586
0.391221
0.39089
0.390595
0.390335
0.390112
0.389927
0.389779
0.38967
0.389601
0.389571
0.389581
0.389632
0.389724
0.389858
0.390034
0.390252
0.390512
0.390814
0.391158
0.391545
0.391973
0.392444
0.392957
0.393511
0.394106
0.394741
0.395417
0.396133
0.39689
0.397686
0.398519
0.39939
0.400298
0.40124
0.402218
0.403229
0.404273
0.405349
0.406456
0.407593
0.408758
0.409951
0.41117
0.412415
0.413684
0.414975
0.416287
0.41762
0.418971
0.420338
0.421721
0.423118
0.424528
0.425949
0.42738
0.428818
0.430263
0.431713
0.433167
0.434624
0.436082
0.437541
0.438998
0.44045
0.441898
0.44334
0.444774
0.4462
0.447616
0.44902
0.450411
0.451787
0.453148
0.454492
0.455818
0.457124
0.458409
0.459673
0.460915
0.462134
0.463328
0.464496
0.465638
0.466752
0.467839
0.468896
0.469923
0.470918
0.471882
0.472814
0.473714
0.474579
0.475412
0.47621
0.476973
0.477701
0.478392
0.479047
0.479664
0.480244
0.480786
0.48129
0.481757
0.482185
0.482574
0.482924
0.483235
0.483506
0.483739
0.483931
0.484085
0.484199
0.484275
0.484312
0.48431
0.484269
0.484189
0.484071
0.483915
0.483722
0.483492
0.483224
0.482919
0.482578
0.482199
0.481785
0.481335
0.480851
0.480332
0.47978
0.479195
0.478577
0.477927
0.477246
0.476535
0.475793
0.475022
0.474222
0.473393
0.472536
0.471652
0.470741
0.469804
0.468842
0.467856
0.466846
0.465813
0.464758
0.463682
0.462585
0.461469
0.460335
0.459183
0.458014
0.45683
0.455631
0.454417
0.45319
0.451951
0.4507
0.449438
0.448166
0.446885
0.445597
0.444302
0.443001
0.441694
0.440384
0.439071
0.437756
0.436439
0.435121
0.433803
0.432486
0.431171
0.429858
0.428548
0.427243
0.425944
0.42465
0.423362
0.42208
0.420806
0.419541
0.418285
0.417039
0.415804
0.414579
0.413367
0.412166
0.410978
0.409803
0.408642
0.407495
0.406364
0.405248
0.404148
0.403065
0.401998
0.400949
0.399917
0.398904
0.397908
0.396932
0.395975
0.395038
0.394121
0.393224
0.392347
0.391491
0.390656
0.389841
0.389047
0.388275
0.387523
0.386793
0.386084
0.385396
0.384729
0.384084
0.38346
0.382858
0.382277
0.381716
0.381176
0.380657
0.380158
0.379679
0.37922
0.378781
0.378362
0.377963
0.377583
0.377222
0.37688
0.376557
0.376251
0.375964
0.375694
0.37544
0.375204
0.374985
0.374782
0.374594
0.374421
0.374263
0.37412
0.373991
0.373877
0.373776
0.373688
0.373613
0.37355
0.373498
0.373459
0.373432
0.373415
0.373408
0.373412
0.373425
0.373448
0.37348
0.37352
0.373568
0.373625
0.373688
0.37376
0.373839
0.373924
0.374017
0.374117
0.374223
0.374335
0.374452
0.374574
0.374701
0.374832
0.374968
0.375108
0.375253
0.375402
0.375555
0.375712
0.375874
0.376039
0.376208
0.376381
0.376557
0.376737
0.37692
0.377107
0.377296
0.377489
0.377685
0.377884
0.378087
0.378292
0.378501
0.378713
0.378928
0.379147
0.379368
0.379592
0.37982
0.380052
0.380287
0.380525
0.380767
0.381012
0.381261
0.381513
0.381768
0.382027
0.382289
0.382554
0.382822
0.383094
0.383368
0.383646
0.383926
0.384209
0.384495
0.384783
0.385074
0.385366
0.385661
0.385958
0.386256
0.386555
0.386856
0.387157
0.38746
0.387763
0.388067
0.388371
0.388677
0.388983
0.389291
0.389599
0.389907
0.390216
0.390524
0.390831
0.391139
0.391446
0.391753
0.39206
0.392366
0.392671
0.392974
0.393276
0.393577
0.393877
0.394175
0.394471
0.394766
0.395059
0.39535
0.395639
0.395928
0.396214
0.396498
0.396781
0.397063
0.397342
0.397618
0.397892
0.398164
0.398434
0.3987
0.398964
0.399225
0.399484
0.39974
0.399993
0.400244
0.400491
0.400736
0.400977
0.401214
0.401447
0.401677
0.401903
0.402125
0.402343
0.402556
0.402765
0.402969
0.403168
0.403362
0.403551
0.403733
0.40391
0.404081
0.404246
0.404404
0.404557
0.404704
0.404845
0.404979
0.405106
0.405226
0.405338
0.405442
0.405538
0.405626
0.405706
0.405778
0.405841
0.405896
0.405941
0.405977
0.406004
0.406022
0.40603
0.406029
0.406018
0.405998
0.405969
0.405931
0.405883
0.405825
0.405757
0.405678
0.40559
0.405491
0.405384
0.405267
0.40514
0.405002
0.404855
0.404697
0.404528
0.40435
0.404163
0.403966
0.403759
0.403543
0.403317
0.403082
0.402839
0.402587
0.402326
0.402057
0.401779
0.401494
0.401201
0.4009
0.400591
0.400276
0.399953
0.399624
0.399289
0.398947
0.398601
0.398249
0.397893
0.397532
0.397166
0.396796
0.396422
0.396044
0.395664
0.395281
0.394895
0.394509
0.394121
0.393733
0.393344
0.392954
0.392566
0.392178
0.391792
0.391408
0.391026
0.390646
0.390269
0.389895
0.389526
0.389161
0.3888
0.388445
0.388095
0.387752
0.387416
0.387088
0.386768
0.386457
0.386157
0.385866
0.385586
0.385316
0.385057
0.384811
0.384576
0.384355
0.384147
0.383953
0.383773
0.383608
0.38346
0.383328
0.383213
0.383114
0.383033
0.382969
0.382923
0.382894
0.382884
0.382893
0.38292
0.382967
0.383033
0.383118
0.383223
0.383349
0.383495
0.383662
0.383848
0.384055
0.38428
0.384526
0.384791
0.385075
0.38538
0.385703
0.386046
0.386407
0.386787
0.387186
0.387604
0.38804
0.388493
0.388964
0.389451
0.389954
0.390473
0.391007
0.391556
0.392118
0.392694
0.393282
0.393882
0.394493
0.395115
0.395747
0.39639
0.397041
0.3977
0.398367
0.399041
0.399722
0.400409
0.401102
0.4018
0.402502
0.403208
0.403917
0.404628
0.405341
0.406054
0.406768
0.407482
0.408195
0.408906
0.409616
0.410325
0.41103
0.411732
0.412431
0.413126
0.413817
0.414503
0.415184
0.415861
0.416532
0.417196
0.417855
0.418507
0.419152
0.419791
0.420423
0.421048
0.421665
0.422275
0.422876
0.423469
0.424053
0.424628
0.425194
0.425752
0.4263
0.42684
0.42737
0.427892
0.428404
0.428907
0.429401
0.429886
0.430362
0.430829
0.431286
0.431736
0.432177
0.432609
0.433033
0.433448
0.433854
0.434252
0.434642
0.435023
0.435396
0.435761
0.436118
0.436467
0.436808
0.437142
0.437467
0.437783
0.438092
0.438392
0.438684
0.438968
0.439246
0.439516
0.439779
0.440034
0.44028
0.440519
0.44075
0.440972
0.441187
0.441393
0.441592
0.441782
0.441965
0.442139
0.442306
0.442464
0.442614
0.442756
0.442888
0.443013
0.443129
0.443236
0.443334
0.443423
0.443504
0.443575
0.443638
0.443691
0.443737
0.443773
0.4438
0.443818
0.443828
0.443827
0.443817
0.443796
0.443764
0.443723
0.443671
0.443609
0.443536
0.443454
0.443362
0.44326
0.443147
0.443023
0.442889
0.442744
0.442589
0.442422
0.442243
0.442055
0.441855
0.441646
0.441426
0.441194
0.440953
0.440701
0.44044
0.440168
0.439885
0.439592
0.439289
0.438976
0.438652
0.43832
0.437978
0.437629
0.43727
0.436903
0.436527
0.436144
0.435754
0.435357
0.434952
0.434542
0.434127
0.433704
0.433275
0.43284
0.4324
0.431954
0.431503
0.431048
0.430589
0.430126
0.429661
0.429192
0.428721
0.428248
0.427773
0.427298
0.426821
0.426343
0.425865
0.425387
0.42491
0.424435
0.423961
0.423489
0.423018
0.422549
0.422082
0.421617
0.421156
0.420699
0.420245
0.419795
0.419347
0.418904
0.418463
0.418026
0.417592
0.417163
0.416737
0.416316
0.415899
0.415487
0.41508
0.414678
0.41428
0.413886
0.413498
0.413114
0.412735
0.412362
0.411992
0.411628
0.411268
0.410913
0.410563
0.410217
0.409876
0.409541
0.409212
0.408888
0.408571
0.408259
0.407952
0.40765
0.407353
0.407062
0.406778
0.406501
0.40623
0.405965
0.405707
0.405456
0.405211
0.404973
0.404742
0.404519
0.404303
0.404095
0.403894
0.403702
0.403517
0.403341
0.403174
0.403015
0.402866
0.402725
0.402593
0.40247
0.402357
0.402255
0.402162
0.40208
0.402008
0.401946
0.401896
0.401858
0.40183
0.401814
0.401808
0.401812
0.401829
0.401857
0.401896
0.401946
0.402007
0.40208
0.402163
0.402259
0.402366
0.402482
0.402609
0.402746
0.402893
0.40305
0.403217
0.403392
0.403576
0.403768
0.403966
0.404172
0.404385
0.404605
0.40483
0.40506
0.405295
0.405534
0.405777
0.406022
0.40627
0.40652
0.406771
0.407022
0.407273
0.407523
0.407772
0.408019
0.408264
0.408504
0.408742
0.408974
0.409202
0.409423
0.409638
0.409847
0.41005
0.410246
0.410433
0.410611
0.41078
0.410939
0.411087
0.411226
0.411354
0.411471
0.411576
0.411669
0.411749
0.411816
0.41187
0.411911
0.411939
0.411953
0.411953
0.411939
0.411912
0.411871
0.411816
0.411748
0.411667
0.411572
0.411464
0.411343
0.41121
0.411063
0.410903
0.410731
0.410547
0.410351
0.410143
0.409925
0.409696
0.409458
0.40921
0.408952
0.408686
0.408412
0.408131
0.407842
0.407547
0.407244
0.406936
0.406622
0.406303
0.40598
0.405652
0.405321
0.404987
0.404651
0.404313
0.403973
0.403633
0.403292
0.40295
0.40261
0.40227
0.401932
0.401597
0.401265
0.400936
0.40061
0.400288
0.39997
0.399656
0.399347
0.399045
0.398748
0.398457
0.398173
0.397895
0.397623
0.397359
0.397102
0.396855
0.396616
0.396386
0.396165
0.395953
0.395751
0.395559
0.395377
0.395205
0.395043
0.394892
0.394751
0.394621
0.394502
0.394394
0.394296
0.39421
0.394135
0.394072
0.39402
0.393979
0.393951
0.393935
0.39393
0.393937
0.393955
0.393986
0.394029
0.394083
0.394148
0.394225
0.394314
0.394414
0.394526
0.394649
0.394783
0.394928
0.395084
0.395251
0.395428
0.395616
0.395813
0.396021
0.396238
0.396466
0.396702
0.396948
0.397203
0.397467
0.39774
0.39802
0.398309
0.398606
0.398911
0.399223
0.399542
0.399868
0.400201
0.40054
0.400887
0.40124
0.401597
0.40196
0.402327
0.402699
0.403075
0.403456
0.403841
0.40423
0.404623
0.405019
0.405418
0.40582
0.406225
0.406633
0.407042
0.407453
0.407866
0.408281
0.408697
0.409113
0.409532
0.409951
0.410373
0.410794
0.411217
0.411639
0.412061
0.412482
0.412902
0.413321
0.413738
0.414155
0.414571
0.414986
0.415398
0.415807
0.416214
0.416618
0.417019
0.417416
0.417809
0.418199
0.418584
0.418965
0.419341
0.419713
0.420079
0.420439
0.420793
0.42114
0.421481
0.421816
0.422142
0.422461
0.422772
0.423075
0.423369
0.423655
0.423932
0.424199
0.424457
0.424705
0.424942
0.425168
0.425382
0.425584
0.425773
0.42595
0.426115
0.426268
0.426408
0.426534
0.426646
0.426744
0.426829
0.4269
0.426955
0.426996
0.427021
0.427032
0.427026
0.427005
0.426968
0.426915
0.426846
0.426761
0.426661
0.426545
0.426414
0.426266
0.426103
0.425923
0.425727
0.425514
0.425286
0.425043
0.424783
0.424509
0.424219
0.423915
0.423595
0.423261
0.422914
0.422554
0.422181
0.421794
0.421395
0.420983
0.420558
0.420122
0.419674
0.419215
0.418744
0.418263
0.417772
0.417272
0.416762
0.416244
0.415718
0.415185
0.414645
0.414099
0.413547
0.412989
0.412426
0.411859
0.411287
0.410713
0.410136
0.409556
0.408974
0.40839
0.407806
0.407222
0.406637
0.406053
0.405471
0.40489
0.404311
0.403737
0.403166
0.402598
0.402036
0.401478
0.400926
0.40038
0.399842
0.399311
0.398788
0.398274
0.397769
0.397273
0.396788
0.396313
0.39585
0.395399
0.394961
0.394536
0.394124
0.393725
0.393339
0.392969
0.392613
0.392271
0.391946
0.391635
0.39134
0.391061
0.390797
0.39055
0.390319
0.390105
0.389908
0.389727
0.389564
0.389417
0.389288
0.389176
0.389082
0.389005
0.388947
0.388907
0.388884
0.388878
0.388889
0.388917
0.388962
0.389024
0.389102
0.389195
0.389305
0.389429
0.389568
0.389721
0.389889
0.39007
0.390264
0.390471
0.390691
0.390923
0.391168
0.391423
0.39169
0.391968
0.392254
0.39255
0.392854
0.393165
0.393483
0.393808
0.394139
0.394475
0.394816
0.39516
0.395508
0.39586
0.396213
0.396569
0.396925
0.397281
0.397638
0.397995
0.398351
0.398705
0.399057
0.399406
0.399752
0.400094
0.400432
0.400766
0.401095
0.40142
0.40174
0.402054
0.402363
0.402666
0.402962
0.403252
0.403535
0.403811
0.40408
0.404343
0.404598
0.404845
0.405085
0.405318
0.405544
0.405763
0.405976
0.406181
0.406381
0.406574
0.406763
0.406945
0.407122
0.407294
0.407461
0.407623
0.40778
0.407932
0.408079
0.408223
0.408364
0.408502
0.408636
0.40877
0.408902
0.409034
0.409165
0.409296
0.409428
0.409559
0.409692
0.409827
0.409964
0.410102
0.410244
0.410389
0.410537
0.41069
0.410846
0.411006
0.411171
0.411341
0.411516
0.411698
0.411887
0.412082
0.412283
0.412492
0.412708
0.412931
0.413161
0.4134
0.413646
0.4139
0.414163
0.414434
0.414713
0.415001
0.415297
0.415601
0.415913
0.416234
0.416564
0.416901
0.417245
0.417597
0.417957
0.418325
0.418699
0.41908
0.419467
0.419861
0.420262
0.420668
0.421079
0.421494
0.421914
0.422338
0.422765
0.423194
0.423626
0.424059
0.424493
0.424927
0.425361
0.425794
0.426226
0.426656
0.427085
0.427511
0.427933
0.42835
0.428763
0.42917
0.429569
0.429961
0.430345
0.43072
0.431085
0.43144
0.431784
0.432118
0.432441
0.43275
0.433047
0.43333
0.433598
0.433849
0.434085
0.434303
0.434504
0.434686
0.43485
0.434994
0.435118
0.435222
0.435303
0.435363
0.435399
0.435412
0.435401
0.435365
0.435305
0.435219
0.435107
0.434969
0.434805
0.434613
0.434395
0.43415
0.433877
0.433576
0.433248
0.432891
0.432506
0.432092
0.431648
0.431174
0.430672
0.43014
0.42958
0.428991
0.428373
0.427727
0.427054
0.426353
0.425624
0.424866
0.424081
0.423269
0.42243
0.421564
0.420673
0.419757
0.418817
0.417853
0.416865
0.415854
0.414821
0.413768
0.412694
0.4116
0.410489
0.409359
0.408213
0.407051
0.405875
0.404684
0.403481
0.402266
0.40104
0.399806
0.398564
0.397315
0.396061
0.394802
0.393539
0.392275
0.391009
0.389744
0.388481
0.387221
0.385966
0.384716
0.383473
0.382237
0.381011
0.379794
0.37859
0.377398
0.376221
0.37506
0.373917
0.372791
0.371684
0.370597
0.369531
0.368488
0.367468
0.366472
0.3655
0.364553
0.363633
0.362741
0.361877
0.361042
0.360236
0.359461
0.358716
0.358003
0.357321
0.356672
0.356055
0.355471
0.35492
0.354403
0.35392
0.353472
0.353059
0.35268
0.352336
0.352028
0.351755
0.351516
0.351313
0.351145
0.351012
0.350915
0.350852
0.350824
0.350832
0.350875
0.350953
0.351065
0.351212
0.351394
0.351611
0.351861
0.352145
0.352461
0.352811
0.353193
0.353607
0.354054
0.354531
0.355041
0.355581
0.356151
0.356752
0.357384
0.358046
0.358738
0.359459
0.36021
0.360988
0.361794
0.362628
0.363489
0.364378
0.365292
0.366233
0.367199
0.36819
0.369205
0.370245
0.371308
0.372394
0.373503
0.374635
0.375789
0.376965
0.378162
0.379379
0.380616
0.381872
0.383147
0.384439
0.385749
0.387075
0.388417
0.389775
0.391148
0.392535
0.393935
0.395348
0.396773
0.398209
0.399656
0.401113
0.402579
0.404053
0.405534
0.407022
0.408516
0.410016
0.411519
0.413026
0.414535
0.416047
0.417559
0.41907
0.420581
0.42209
0.423596
0.425098
0.426596
0.428087
0.429571
0.431048
0.432516
0.433974
0.435422
0.436858
0.438281
0.43969
0.441085
0.442464
0.443826
0.44517
0.446495
0.447801
0.449086
0.45035
0.451592
0.452811
0.454007
0.455177
0.456322
0.457441
0.458533
0.459596
0.46063
0.461635
0.462609
0.463553
0.464465
0.465344
0.46619
0.467002
0.467781
0.468525
0.469233
0.469907
0.470545
0.471145
0.471708
0.472234
0.472721
0.473171
0.473583
0.473955
0.474289
0.474585
0.474841
0.475058
0.475235
0.475373
0.475472
0.475532
0.475553
0.475533
0.475475
0.475377
0.475241
0.475065
0.47485
0.474597
0.474306
0.473976
0.473609
0.473204
0.472762
0.472284
0.471771
0.471222
0.470638
0.47002
0.469368
0.468682
0.467964
0.467215
0.466435
0.465624
0.464783
0.463912
0.463012
0.462085
0.461131
0.46015
0.459143
0.458111
0.457053
0.455972
0.454869
0.453743
0.452595
0.451427
0.450239
0.449032
0.447806
0.446563
0.445304
0.444028
0.442738
0.441433
0.440116
0.438786
0.437445
0.436093
0.434731
0.433361
0.431982
0.430597
0.429206
0.42781
0.426409
0.425005
0.423599
0.42219
0.420781
0.419371
0.417963
0.416557
0.415153
0.413754
0.412359
0.41097
0.409588
0.408214
0.406848
0.405492
0.404146
0.402811
0.401489
0.400182
0.398888
0.397609
0.396347
0.3951
0.393872
0.392662
0.391472
0.390303
0.389155
0.388029
0.386925
0.385845
0.384789
0.383757
0.38275
0.381769
0.380816
0.379889
0.37899
0.378118
0.377276
0.376464
0.375682
0.374931
0.374211
0.373522
0.372866
0.372242
0.371651
0.371091
0.370565
0.370071
0.36961
0.369183
0.368789
0.368428
0.368102
0.367808
0.367548
0.367322
0.367129
0.366969
0.366842
0.366747
0.366684
0.366653
0.366653
0.366684
0.366746
0.366837
0.366959
0.367109
0.367289
0.367497
0.367733
0.367996
0.368286
0.368602
0.368945
0.369313
0.369706
0.370122
0.370561
0.371022
0.371505
0.372009
0.372533
0.373077
0.37364
0.374221
0.37482
0.375435
0.376066
0.376713
0.377374
0.378049
0.378737
0.379438
0.380151
0.380876
0.381612
0.382357
0.383112
0.383874
0.384645
0.385423
0.386206
0.386996
0.387791
0.388592
0.389396
0.390204
0.391016
0.39183
0.392647
0.393466
0.394287
0.395109
0.395932
0.396755
0.397579
0.398401
0.399222
0.400041
0.400859
0.401673
0.402485
0.403294
0.404101
0.404903
0.405702
0.406495
0.407284
0.408068
0.408847
0.40962
0.410387
0.411148
0.411901
0.412647
0.413386
0.414118
0.414842
0.415558
0.416266
0.416965
0.417656
0.418337
0.41901
0.419673
0.420328
0.420972
0.421607
0.422231
0.422845
0.423448
0.42404
0.42462
0.425189
0.425746
0.426293
0.426827
0.42735
0.427861
0.428359
0.428844
0.429316
0.429776
0.430224
0.430659
0.431081
0.431488
0.431881
0.43226
0.432624
0.432974
0.433309
0.433629
0.433935
0.434226
0.434501
0.434762
0.435008
0.435239
0.435454
0.435653
0.435837
0.436006
0.436159
0.436295
0.436417
0.436522
0.436612
0.436686
0.436743
0.436783
0.436808
0.436815
0.436807
0.436784
0.436744
0.436688
0.436616
0.436527
0.436422
0.436301
0.436163
0.43601
0.43584
0.435654
0.435452
0.435233
0.434999
0.434749
0.434485
0.434205
0.43391
0.4336
0.433275
0.432935
0.432581
0.432211
0.431828
0.43143
0.431017
0.430591
0.430151
0.429697
0.42923
0.42875
0.428256
0.427749
0.42723
0.426699
0.426155
0.425598
0.425029
0.424448
0.423856
0.423251
0.422636
0.422009
0.42137
0.420721
0.420062
0.419392
0.418711
0.418021
0.417321
0.416612
0.415894
0.415168
0.414434
0.413691
0.412941
0.412185
0.411422
0.410654
0.409879
0.409099
0.408314
0.407524
0.406729
0.405931
0.405129
0.404325
0.403518
0.402708
0.401898
0.401086
0.400274
0.399462
0.398652
0.397843
0.397036
0.396232
0.39543
0.394631
0.393835
0.393044
0.392258
0.391478
0.390705
0.389939
0.389181
0.388432
0.387691
0.38696
0.386239
0.385527
0.384826
0.384137
0.38346
0.382795
0.382142
0.381503
0.380878
0.380266
0.379669
0.379087
0.378521
0.377969
0.377434
0.376915
0.376414
0.375931
0.375464
0.375015
0.374583
0.374169
0.373773
0.373396
0.373037
0.372697
0.372376
0.372073
0.371789
0.371523
0.371277
0.371048
0.370839
0.370649
0.370478
0.370326
0.370193
0.370078
0.369982
0.369906
0.369849
0.36981
0.36979
0.369788
0.369803
0.369837
0.369889
0.369958
0.370047
0.370153
0.370276
0.370417
0.370575
0.370751
0.370944
0.371154
0.371382
0.371627
0.371889
0.372168
0.372464
0.372776
0.373105
0.373451
0.373813
0.374192
0.374587
0.374999
0.375428
0.375873
0.376334
0.376813
0.377307
0.377817
0.378343
0.378885
0.379442
0.380014
0.380602
0.381204
0.381822
0.382453
0.383099
0.383759
0.384433
0.385122
0.385824
0.386539
0.387268
0.388009
0.388762
0.389526
0.390301
0.391088
0.391885
0.392692
0.39351
0.394337
0.395173
0.396019
0.396873
0.397736
0.398606
0.399483
0.400367
0.401257
0.402151
0.403051
0.403955
0.404862
0.405772
0.406686
0.407602
0.40852
0.40944
0.41036
0.411282
0.412203
0.413123
0.414044
0.414962
0.415878
0.416792
0.417703
0.418609
0.419512
0.42041
0.421304
0.422192
0.423074
0.423949
0.424816
0.425676
0.426528
0.427371
0.428206
0.429032
0.429848
0.430654
0.43145
0.432235
0.433009
0.433773
0.434527
0.435268
0.435998
0.436714
0.437416
0.438106
0.438782
0.439445
0.440094
0.440729
0.44135
0.441955
0.442546
0.443122
0.443682
0.444227
0.444756
0.445268
0.445765
0.446245
0.446709
0.447157
0.447588
0.448003
0.4484
0.448781
0.449145
0.449492
0.449821
0.450133
0.450427
0.450704
0.450964
0.451207
0.451432
0.45164
0.451832
0.452007
0.452166
0.452308
0.452433
0.452542
0.452634
0.45271
0.452769
0.452811
0.452837
0.452847
0.452841
0.452819
0.452782
0.452729
0.452662
0.452579
0.452481
0.452369
0.452243
0.452103
0.451948
0.451781
0.4516
0.451407
0.4512
0.450981
0.450749
0.450506
0.450252
0.449987
0.449711
0.449425
0.449129
0.448823
0.448506
0.448181
0.447847
0.447503
0.447152
0.446793
0.446425
0.44605
0.445667
0.445276
0.444877
0.444472
0.44406
0.443642
0.443219
0.442789
0.442354
0.441914
0.441467
0.441016
0.440559
0.440097
0.439631
0.439161
0.438688
0.438211
0.43773
0.437247
0.43676
0.436271
0.435779
0.435286
0.434791
0.434294
0.433795
0.433295
0.432793
0.432289
0.431784
0.431278
0.43077
0.430262
0.429752
0.429242
0.428731
0.42822
0.427708
0.427196
0.426684
0.426172
0.42566
0.425148
0.424637
0.424127
0.423617
0.423108
0.4226
0.422092
0.421585
0.421079
0.420573
0.420068
0.419563
0.41906
0.418557
0.418055
0.417554
0.417054
0.416555
0.416056
0.415558
0.415061
0.414564
0.414068
0.413572
0.413077
0.412582
0.412087
0.411593
0.411101
0.410608
0.410116
0.409624
0.409133
0.408642
0.40815
0.407658
0.407166
0.406673
0.406179
0.405686
0.405191
0.404697
0.404202
0.403706
0.403208
0.402709
0.40221
0.401708
0.401205
0.400701
0.400195
0.399688
0.399178
0.398667
0.398154
0.397638
0.39712
0.3966
0.396077
0.395552
0.395025
0.394496
0.393965
0.393431
0.392895
0.392357
0.391817
0.391274
0.39073
0.390185
0.389638
0.389089
0.388539
0.387988
0.387435
0.386882
0.386329
0.385776
0.385223
0.384669
0.384117
0.383565
0.383015
0.382467
0.381921
0.381377
0.380837
0.3803
0.379767
0.379239
0.378716
0.378199
0.377688
0.377183
0.376684
0.376193
0.37571
0.375236
0.374771
0.374316
0.373872
0.373438
0.373016
0.372607
0.37221
0.371826
0.371457
0.371102
0.370763
0.370439
0.370131
0.369841
0.369568
0.369314
0.369079
0.368863
0.368666
0.368491
0.368336
0.368202
0.36809
0.368
0.367933
0.367889
0.367868
0.36787
0.367895
0.367944
0.368016
0.368112
0.368234
0.368379
0.368548
0.368741
0.368958
0.369198
0.369462
0.36975
0.370061
0.370395
0.370751
0.37113
0.37153
0.371952
0.372394
0.372857
0.373339
0.373841
0.374362
0.374901
0.375458
0.376032
0.376623
0.37723
0.377853
0.378491
0.379144
0.379809
0.380488
0.381178
0.381879
0.382592
0.383315
0.384047
0.384788
0.385538
0.386294
0.387058
0.387827
0.388602
0.389381
0.390165
0.390953
0.391743
0.392535
0.393329
0.394124
0.394919
0.395713
0.396507
0.397299
0.398089
0.398877
0.399662
0.400443
0.40122
0.401993
0.40276
0.403522
0.404278
0.405027
0.405769
0.406504
0.407231
0.40795
0.40866
0.409361
0.410053
0.410734
0.411404
0.412064
0.412714
0.413352
0.413979
0.414595
0.415198
0.415787
0.416364
0.416926
0.417475
0.418009
0.418529
0.419035
0.419528
0.420006
0.420469
0.420917
0.421348
0.421763
0.422162
0.422545
0.42291
0.423259
0.42359
0.423903
0.4242
0.424479
0.42474
0.424984
0.425209
0.425416
0.425605
0.425776
0.425928
0.426062
0.426178
0.426276
0.426355
0.426417
0.42646
0.426485
0.426493
0.426483
0.426456
0.42641
0.426347
0.426266
0.426169
0.426054
0.425923
0.425776
0.425613
0.425435
0.425241
0.425032
0.424808
0.424569
0.424316
0.424049
0.423769
0.423476
0.423169
0.422851
0.422521
0.42218
0.421827
0.421465
0.421093
0.420711
0.42032
0.41992
0.419512
0.419097
0.418674
0.418245
0.417809
0.417368
0.416923
0.416473
0.41602
0.415564
0.415106
0.414647
0.414187
0.413725
0.413264
0.412803
0.412343
0.411886
0.411431
0.410979
0.41053
0.410086
0.409647
0.409213
0.408786
0.408366
0.407953
0.407548
0.407151
0.406764
0.406386
0.406018
0.40566
0.405314
0.404979
0.404657
0.404346
0.404049
0.403763
0.403491
0.403233
0.402988
0.402756
0.402538
0.402335
0.402145
0.401968
0.401805
0.401655
0.401519
0.401395
0.401284
0.401185
0.401098
0.401023
0.400961
0.40091
0.40087
0.400841
0.400823
0.400814
0.400815
0.400826
0.400846
0.400875
0.400912
0.400957
0.401011
0.401071
0.401138
0.401212
0.401292
0.401377
0.401467
0.401563
0.401664
0.40177
0.40188
0.401994
0.402113
0.402235
0.402361
0.40249
0.402622
0.402759
0.402898
0.403041
0.403188
0.403337
0.40349
0.403645
0.403803
0.403963
0.404128
0.404295
0.404466
0.40464
0.404817
0.404997
0.405181
0.405369
0.40556
0.405756
0.405957
0.406161
0.406369
0.40658
0.406796
0.407016
0.40724
0.407468
0.407702
0.40794
0.408182
0.408428
0.408678
0.408932
0.409189
0.40945
0.409715
0.409984
0.410255
0.41053
0.410808
0.411091
0.411377
0.411665
0.411956
0.41225
0.412546
0.412845
0.413146
0.413447
0.41375
0.414054
0.414358
0.414662
0.414967
0.415271
0.415576
0.41588
0.416183
0.416485
0.416785
0.417083
0.417378
0.41767
0.41796
0.418247
0.418529
0.418808
0.419082
0.419354
0.419621
0.419883
0.42014
0.420393
0.42064
0.420882
0.421118
0.421348
0.421571
0.421788
0.421998
0.422202
0.422397
0.422585
0.422766
0.422939
0.423104
0.423263
0.423413
0.423556
0.423691
0.423819
0.423938
0.42405
0.424155
0.424252
0.424341
0.424423
0.424497
0.424564
0.424625
0.424678
0.424724
0.424763
0.424797
0.424824
0.424845
0.424861
0.424871
0.424877
0.424878
0.424876
0.424871
0.424864
0.424853
0.42484
0.424825
0.424809
0.424791
0.424773
0.424755
0.424738
0.424721
0.424705
0.424691
0.42468
0.424671
0.424665
0.424662
0.424664
0.424669
0.42468
0.424694
0.424715
0.424741
0.424773
0.424812
0.424857
0.424909
0.424967
0.425032
0.425104
0.425185
0.425274
0.425371
0.425478
0.425594
0.425719
0.425853
0.425996
0.426149
0.42631
0.426481
0.42666
0.426849
0.427046
0.427253
0.42747
0.427696
0.427931
0.428174
0.428425
0.428684
0.428951
0.429226
0.429508
0.429798
0.430094
0.430397
0.430706
0.43102
0.43134
0.431665
0.431995
0.432329
0.432667
0.433009
0.433354
0.4337
0.434047
0.434395
0.434744
0.435092
0.435439
0.435785
0.436128
0.436468
0.436805
0.437137
0.437464
0.437786
0.438101
0.438409
0.43871
0.439001
0.439284
0.439558
0.439821
0.440074
0.440315
0.440543
0.440758
0.440959
0.441146
0.441319
0.441476
0.441616
0.44174
0.441845
0.441934
0.442004
0.442056
0.442088
0.4421
0.442093
0.442064
0.442014
0.441943
0.441849
0.441733
0.441594
0.441432
0.441247
0.441039
0.440809
0.440555
0.440277
0.439977
0.439653
0.439306
0.438935
0.438542
0.438126
0.437686
0.437224
0.436739
0.436231
0.435701
0.435148
0.434575
0.43398
0.433365
0.432729
0.432073
0.431397
0.430702
0.429988
0.429257
0.428508
0.427743
0.426963
0.426166
0.425354
0.424528
0.423688
0.422835
0.421971
0.421096
0.420211
0.419316
0.418411
0.417497
0.416576
0.415647
0.414713
0.413774
0.41283
0.411882
0.410931
0.409977
0.409022
0.408067
0.407111
0.406157
0.405203
0.404253
0.403306
0.402362
0.401424
0.400491
0.399565
0.398647
0.397737
0.396836
0.395944
0.395062
0.394191
0.393332
0.392484
0.391648
0.390826
0.390017
0.389222
0.388443
0.387678
0.386928
0.386194
0.385477
0.384776
0.384092
0.383426
0.382779
0.382151
0.381542
0.380953
0.380384
0.379834
0.379303
0.378792
0.378301
0.377828
0.377376
0.376942
0.376529
0.376134
0.375759
0.375403
0.375065
0.374747
0.374447
0.374166
0.373903
0.373658
0.373429
0.373218
0.373022
0.372843
0.37268
0.372532
0.372398
0.372278
0.372172
0.372078
0.371996
0.371926
0.371868
0.371819
0.37178
0.37175
0.371729
0.371716
0.37171
0.37171
0.371717
0.371728
0.371744
0.371764
0.371787
0.371813
0.371841
0.37187
0.371901
0.371931
0.371962
0.371991
0.372019
0.372046
0.37207
0.372093
0.372113
0.37213
0.372144
0.372155
0.372163
0.372168
0.37217
0.372167
0.372161
0.372151
0.372136
0.372118
0.372096
0.37207
0.37204
0.372007
0.371972
0.371934
0.371894
0.371853
0.371811
0.371769
0.371726
0.371684
0.371642
0.371603
0.371565
0.37153
0.371498
0.371471
0.371448
0.371432
0.371421
0.371418
0.371422
0.371436
0.371459
0.371491
0.371535
0.371589
0.371656
0.371735
0.371828
0.371935
0.372057
0.372193
0.372345
0.372514
0.3727
0.372904
0.373124
0.373363
0.373621
0.373898
0.374193
0.374508
0.374843
0.375196
0.37557
0.375963
0.376375
0.376806
0.377256
0.377726
0.378215
0.378722
0.379247
0.37979
0.38035
0.380927
0.381521
0.382131
0.382757
0.383397
0.384053
0.384723
0.385407
0.386104
0.386813
0.387534
0.388265
0.389006
0.389756
0.390515
0.391283
0.392059
0.392842
0.393633
0.39443
0.395232
0.396039
0.396852
0.397668
0.398489
0.399313
0.400139
0.400967
0.401797
0.402628
0.403459
0.404291
0.405124
0.405956
0.406789
0.407621
0.408452
0.409283
0.410112
0.41094
0.411766
0.412591
0.413413
0.414232
0.41505
0.415865
0.416678
0.417487
0.418294
0.419097
0.419897
0.420692
0.421484
0.42227
0.423052
0.423827
0.424596
0.425359
0.426114
0.426862
0.427602
0.428333
0.429055
0.429767
0.430469
0.43116
0.43184
0.432507
0.433163
0.433805
0.434434
0.435048
0.435648
0.436231
0.436798
0.437348
0.437881
0.438395
0.43889
0.439365
0.439822
0.440257
0.440672
0.441065
0.441437
0.441788
0.442117
0.442423
0.442707
0.442967
0.443203
0.443416
0.443606
0.443772
0.443914
0.444032
0.444126
0.444195
0.444242
0.444265
0.444266
0.444244
0.444199
0.444131
0.444041
0.443929
0.443794
0.443638
0.443461
0.443262
0.443043
0.442805
0.442549
0.442273
0.44198
0.44167
0.441344
0.441002
0.440644
0.440273
0.439887
0.439487
0.439076
0.438651
0.438216
0.437769
0.437311
0.436844
0.436367
0.435882
0.43539
0.434891
0.434386
0.433875
0.43336
0.432839
0.432315
0.431787
0.431256
0.430724
0.430189
0.429653
0.429117
0.428579
0.428041
0.427504
0.42697
0.426437
0.425906
0.425377
0.424851
0.424327
0.423808
0.423291
0.422778
0.422271
0.421769
0.421272
0.42078
0.420294
0.419814
0.419341
0.418875
0.418417
0.417965
0.417522
0.417087
0.416661
0.416243
0.415834
0.415434
0.415045
0.414665
0.414296
0.413936
0.413587
0.413249
0.412922
0.412607
0.412304
0.412012
0.411733
0.411466
0.411212
0.410971
0.410744
0.410529
0.410329
0.410142
0.409969
0.409809
0.409663
0.40953
0.409411
0.409306
0.409215
0.409137
0.409073
0.409024
0.408988
0.408966
0.408958
0.408963
0.408982
0.409014
0.409059
0.409117
0.409188
0.409271
0.409366
0.409474
0.409592
0.409722
0.409862
0.410012
0.410172
0.410343
0.410524
0.410715
0.410914
0.411122
0.411337
0.411559
0.411788
0.412022
0.412262
0.412508
0.412759
0.413015
0.413274
0.413536
0.413802
0.41407
0.414341
0.414612
0.414885
0.415159
0.415433
0.415707
0.415982
0.416256
0.41653
0.416803
0.417075
0.417346
0.417613
0.417878
0.41814
0.418398
0.418653
0.418905
0.419153
0.419397
0.419636
0.41987
0.4201
0.420324
0.420544
0.420759
0.420968
0.421172
0.42137
0.421562
0.421748
0.421928
0.422101
0.422268
0.422429
0.422583
0.42273
0.422869
0.423001
0.423126
0.423245
0.423356
0.42346
0.423556
0.423645
0.423726
0.423799
0.423866
0.423924
0.423974
0.424016
0.42405
0.424076
0.424093
0.424103
0.424103
0.424096
0.42408
0.424056
0.424025
0.423986
0.423938
0.423883
0.42382
0.423748
0.423668
0.42358
0.423484
0.423379
0.423267
0.423148
0.423022
0.422889
0.422748
0.422599
0.422444
0.422282
0.422113
0.421937
0.421754
0.421564
0.421367
0.421164
0.420955
0.42074
0.420519
0.420292
0.420059
0.419821
0.419578
0.41933
0.419078
0.418821
0.41856
0.418296
0.418029
0.417761
0.417489
0.417216
0.416941
0.416664
0.416386
0.416107
0.415827
0.415547
0.415268
0.41499
0.414713
0.414438
0.414165
0.413896
0.413629
0.413366
0.413107
0.412852
0.412602
0.412356
0.412116
0.411881
0.411652
0.41143
0.411215
0.411008
0.410809
0.410619
0.410438
0.410264
0.410099
0.409942
0.409794
0.409656
0.409528
0.409409
0.409301
0.409204
0.409116
0.409039
0.408972
0.408916
0.408871
0.408836
0.408813
0.4088
0.408797
0.408804
0.408821
0.408849
0.408887
0.408935
0.408993
0.40906
0.409138
0.409224
0.40932
0.409424
0.409536
0.409657
0.409786
0.409922
0.410067
0.410218
0.410377
0.410541
0.410712
0.410889
0.411071
0.411258
0.41145
0.411646
0.411846
0.412049
0.412256
0.412465
0.412676
0.412891
0.413107
0.413325
0.413545
0.413766
0.413988
0.41421
0.414433
0.414656
0.414878
0.4151
0.415321
0.41554
0.415758
0.415973
0.416188
0.4164
0.416611
0.416819
0.417024
0.417227
0.417426
0.417622
0.417814
0.418002
0.418186
0.418365
0.418542
0.418714
0.418883
0.419047
0.419206
0.419359
0.419507
0.419651
0.419789
0.419922
0.420048
0.420169
0.420283
0.420391
0.420493
0.42059
0.42068
0.420765
0.420842
0.420912
0.420976
0.421032
0.421083
0.421128
0.421166
0.421196
0.421219
0.421235
0.421244
0.421246
0.421243
0.421232
0.421214
0.42119
0.421158
0.42112
0.421074
0.421022
0.420963
0.420896
0.420823
0.420741
0.420652
0.420556
0.420454
0.420344
0.420228
0.420104
0.419973
0.419836
0.419692
0.41954
0.419381
0.419215
0.419041
0.418861
0.418674
0.418481
0.41828
0.418072
0.417857
0.417636
0.417407
0.417171
0.416927
0.416675
0.416416
0.41615
0.415877
0.415597
0.415309
0.415014
0.414711
0.414401
0.414083
0.413758
0.413425
0.413084
0.412736
0.41238
0.412016
0.411644
0.411266
0.410879
0.410485
0.410082
0.409671
0.409252
0.408825
0.408391
0.407948
0.407498
0.407041
0.406577
0.406106
0.405628
0.405143
0.404651
0.404151
0.403645
0.403131
0.402611
0.402085
0.401553
0.401014
0.40047
0.39992
0.399363
0.398801
0.398232
0.397659
0.397082
0.3965
0.395913
0.395324
0.39473
0.394134
0.393534
0.392931
0.392325
0.391718
0.391108
0.390497
0.389884
0.389271
0.388657
0.388044
0.38743
0.386817
0.386206
0.385596
0.384989
0.384384
0.383782
0.383183
0.382588
0.381999
0.381414
0.380834
0.38026
0.379692
0.379131
0.378576
0.37803
0.377492
0.376961
0.37644
0.375929
0.375427
0.374936
0.374456
0.373986
0.373529
0.373084
0.372652
0.372234
0.37183
0.37144
0.371065
0.370705
0.370361
0.370033
0.369721
0.369426
0.369148
0.368887
0.368644
0.368419
0.368211
0.368023
0.367853
0.367702
0.367571
0.367459
0.367367
0.367295
0.367243
0.367211
0.3672
0.36721
0.36724
0.367292
0.367365
0.36746
0.367576
0.367715
0.367875
0.368057
0.368261
0.368487
0.368734
0.369003
0.369294
0.369606
0.369941
0.370297
0.370674
0.371073
0.371493
0.371934
0.372396
0.372878
0.373381
0.373905
0.374448
0.375011
0.375594
0.376196
0.376817
0.377457
0.378115
0.378792
0.379486
0.380196
0.380923
0.381666
0.382424
0.383197
0.383984
0.384785
0.385598
0.386424
0.387262
0.388111
0.388971
0.38984
0.390719
0.391605
0.392499
0.393399
0.394306
0.395218
0.396133
0.397052
0.397972
0.398894
0.399815
0.400737
0.401657
0.402576
0.403491
0.404403
0.405311
0.406213
0.407109
0.407998
0.408878
0.409749
0.41061
0.411461
0.4123
0.413126
0.413938
0.414735
0.415518
0.416284
0.417033
0.417763
0.418475
0.419168
0.419841
0.420494
0.421125
0.421735
0.422321
0.422885
0.423425
0.42394
0.424431
0.424897
0.425338
0.425753
0.426142
0.426505
0.426842
0.427152
0.427435
0.42769
0.427919
0.42812
0.428294
0.428443
0.428565
0.428662
0.428733
0.428778
0.428797
0.428791
0.428759
0.428702
0.428621
0.428516
0.428388
0.428238
0.428066
0.427873
0.42766
0.427427
0.427176
0.426907
0.426621
0.426318
0.426
0.425666
0.425319
0.424958
0.424586
0.424203
0.42381
0.423409
0.423
0.422586
0.422165
0.42174
0.421311
0.42088
0.420447
0.420015
0.419583
0.419153
0.418726
0.418303
0.417885
0.417473
0.417067
0.416669
0.416281
0.415902
0.415534
0.415178
0.414835
0.414505
0.414188
0.413885
0.413598
0.413326
0.413071
0.412833
0.412613
0.412411
0.412228
0.412063
0.411918
0.411793
0.411688
0.411603
0.41154
0.411498
0.411477
0.411478
0.411502
0.411547
0.411613
0.411701
0.411812
0.411944
0.412096
0.41227
0.412464
0.412678
0.412913
0.413168
0.413442
0.413736
0.414048
0.414378
0.414726
0.415091
0.415473
0.41587
0.416283
0.416711
0.417154
0.417613
0.418084
0.41857
0.419068
0.419578
0.4201
0.420633
0.421176
0.421729
0.422291
0.422861
0.423438
0.424022
0.424613
0.425209
0.425811
0.426418
0.427029
0.427644
0.428263
0.428887
0.429514
0.430143
0.430773
0.431403
0.432034
0.432665
0.433297
0.433929
0.43456
0.43519
0.43582
0.436449
0.437075
0.437698
0.438319
0.438935
0.439548
0.440156
0.440759
0.441357
0.44195
0.442536
0.443116
0.443691
0.444261
0.444823
0.445377
0.445924
0.446462
0.446992
0.447515
0.448028
0.448531
0.449025
0.449507
0.449979
0.45044
0.450888
0.451324
0.451748
0.452158
0.452555
0.452937
0.453305
0.453658
0.453995
0.454318
0.454624
0.454913
0.455185
0.455439
0.455674
0.455891
0.45609
0.456269
0.456428
0.456567
0.456684
0.45678
0.456852
0.456902
0.45693
0.456935
0.456916
0.456873
0.456807
0.456716
0.456599
0.456456
0.456286
0.45609
0.455867
0.455617
0.455339
0.455033
0.454698
0.454336
0.453945
0.453525
0.453077
0.452601
0.452096
0.451563
0.451002
0.450412
0.449794
0.449148
0.448474
0.447772
0.447041
0.446283
0.445498
0.444686
0.443848
0.442984
0.442093
0.441178
0.440238
0.439276
0.438291
0.437282
0.436251
0.435199
0.434126
0.433033
0.431922
0.430793
0.429646
0.428482
0.427303
0.426109
0.424901
0.42368
0.422448
0.421206
0.419955
0.418695
0.417428
0.416155
0.414876
0.413593
0.412308
0.411021
0.409734
0.408448
0.407164
0.405884
0.404608
0.403338
0.402075
0.400821
0.399575
0.39834
0.397116
0.395906
0.394709
0.393528
0.392362
0.391213
0.390082
0.38897
0.387878
0.386807
0.385757
0.38473
0.383727
0.382749
0.381796
0.38087
0.37997
0.379097
0.378251
0.377434
0.376644
0.375884
0.375153
0.374451
0.373781
0.37314
0.37253
0.371951
0.371402
0.370884
0.370396
0.369937
0.369509
0.369111
0.368742
0.368402
0.368091
0.367808
0.367554
0.367327
0.367128
0.366955
0.366809
0.366689
0.366595
0.366528
0.366484
0.366464
0.366466
0.366491
0.366536
0.366601
0.366686
0.366789
0.36691
0.367049
0.367203
0.367373
0.367558
0.367756
0.367968
0.368192
0.368427
0.368672
0.368926
0.369189
0.36946
0.369739
0.370024
0.370315
0.370609
0.370908
0.371211
0.371516
0.371824
0.372133
0.372442
0.372752
0.373061
0.373368
0.373675
0.373979
0.374282
0.374583
0.37488
0.375174
0.375464
0.375749
0.37603
0.376308
0.376581
0.37685
0.377114
0.377374
0.377628
0.377878
0.378124
0.378365
0.378602
0.378835
0.379063
0.379287
0.379507
0.379724
0.379938
0.380148
0.380354
0.380557
0.380759
0.380957
0.381153
0.381348
0.381541
0.381732
0.381922
0.382111
0.382301
0.382491
0.382682
0.382873
0.383066
0.383261
0.383458
0.383657
0.383859
0.384063
0.384271
0.384482
0.384698
0.384919
0.385144
0.385374
0.385608
0.385849
0.386094
0.386345
0.386602
0.386866
0.387136
0.387414
0.387699
0.387991
0.388289
0.388595
0.388909
0.38923
0.389557
0.389892
0.390234
0.390584
0.390941
0.391305
0.391676
0.392055
0.392441
0.392835
0.393237
0.393645
0.39406
0.394483
0.394912
0.395348
0.395791
0.39624
0.396694
0.397155
0.397621
0.398093
0.398571
0.399053
0.399541
0.400032
0.400529
0.40103
0.401535
0.402044
0.402556
0.403072
0.40359
0.40411
0.404634
0.405159
0.405686
0.406215
0.406745
0.407275
0.407806
0.408337
0.408868
0.409397
0.409925
0.410451
0.410975
0.411498
0.412018
0.412536
0.413051
0.413561
0.414068
0.41457
0.415068
0.415561
0.416049
0.416533
0.417012
0.417485
0.417951
0.418411
0.418865
0.419311
0.41975
0.420183
0.420608
0.421025
0.421435
0.421838
0.422233
0.422621
0.423001
0.423374
0.423739
0.424098
0.424449
0.424793
0.425129
0.425459
0.425782
0.426097
0.426405
0.426706
0.427001
0.427289
0.427571
0.427848
0.428118
0.428382
0.428641
0.428895
0.429144
0.429388
0.429627
0.429861
0.430091
0.430316
0.430538
0.430757
0.430972
0.431184
0.431394
0.431602
0.431808
0.432011
0.432212
0.432411
0.432609
0.432805
0.432999
0.433193
0.433385
0.433576
0.433765
0.433952
0.434139
0.434324
0.434508
0.43469
0.434872
0.435053
0.435234
0.435413
0.43559
0.435767
0.435941
0.436114
0.436284
0.436453
0.43662
0.436785
0.436948
0.43711
0.437269
0.437425
0.437578
0.437727
0.437873
0.438015
0.438153
0.438287
0.438417
0.438543
0.438664
0.438779
0.43889
0.438995
0.439095
0.43919
0.43928
0.439365
0.439443
0.439514
0.439579
0.439638
0.439689
0.439733
0.43977
0.439799
0.439821
0.439835
0.43984
0.439838
0.439828
0.439809
0.439782
0.439746
0.439702
0.43965
0.439589
0.439519
0.439439
0.43935
0.439252
0.439144
0.439027
0.4389
0.438765
0.43862
0.438466
0.438303
0.438131
0.437949
0.437758
0.437556
0.437345
0.437123
0.436892
0.43665
0.436398
0.436137
0.435867
0.435587
0.435298
0.434998
0.434689
0.43437
0.434042
0.433704
0.433356
0.432999
0.432632
0.432255
0.431868
0.431472
0.431066
0.430651
0.430227
0.429793
0.42935
0.428898
0.428436
0.427966
0.427486
0.426998
0.426502
0.425995
0.42548
0.424956
0.424424
0.423884
0.423336
0.42278
0.422216
0.421644
0.421066
0.420479
0.419886
0.419284
0.418676
0.418061
0.417439
0.416812
0.416178
0.415539
0.414895
0.414245
0.41359
0.41293
0.412267
0.411599
0.410928
0.410254
0.409578
0.408899
0.408218
0.407534
0.406849
0.406162
0.405474
0.404787
0.404099
0.403412
0.402726
0.402041
0.401358
0.400678
0.4
0.399325
0.398655
0.397989
0.397327
0.39667
0.396018
0.395373
0.394735
0.394104
0.393481
0.392866
0.39226
0.391663
0.391076
0.390498
0.389932
0.389376
0.388831
0.388299
0.387779
0.387272
0.386779
0.386299
0.385834
0.385383
0.384946
0.384524
0.384116
0.383723
0.383346
0.382984
0.382638
0.382307
0.381992
0.381693
0.38141
0.381142
0.380891
0.380656
0.380437
0.380233
0.380046
0.379873
0.379716
0.379573
0.379445
0.379332
0.379232
0.379145
0.379071
0.379011
0.378962
0.378926
0.378901
0.378888
0.378885
0.378894
0.378914
0.378943
0.378982
0.37903
0.379088
0.379154
0.379228
0.379311
0.379401
0.379499
0.379603
0.379715
0.379833
0.379957
0.380089
0.380226
0.380369
0.380519
0.380674
0.380836
0.381003
0.381176
0.381356
0.381542
0.381734
0.381934
0.382141
0.382355
0.382578
0.382809
0.383047
0.383294
0.38355
0.383814
0.384087
0.384369
0.38466
0.384961
0.385273
0.385595
0.385929
0.386274
0.38663
0.386998
0.387378
0.38777
0.388174
0.38859
0.389018
0.389458
0.389912
0.390377
0.390856
0.391346
0.39185
0.392366
0.392894
0.393434
0.393986
0.394551
0.395126
0.395712
0.396309
0.396917
0.397534
0.398161
0.398796
0.399439
0.400089
0.400745
0.401407
0.402073
0.402744
0.403419
0.404096
0.404776
0.405457
0.406139
0.406821
0.407501
0.408179
0.408853
0.409523
0.410189
0.410849
0.411502
0.412147
0.412783
0.413409
0.414025
0.414629
0.415221
0.415799
0.416364
0.416913
0.417446
0.417963
0.418462
0.418943
0.419406
0.419849
0.420273
0.420678
0.421063
0.421427
0.42177
0.422091
0.42239
0.422666
0.422919
0.423149
0.423355
0.423537
0.423694
0.423828
0.423937
0.424022
0.424083
0.42412
0.424132
0.424121
0.424087
0.424028
0.423945
0.423839
0.423709
0.423555
0.423378
0.423179
0.422957
0.422714
0.422449
0.422164
0.421858
0.421533
0.421189
0.420826
0.420444
0.420045
0.41963
0.419197
0.418749
0.418286
0.417807
0.417314
0.416809
0.41629
0.41576
0.415218
0.414666
0.414105
0.413535
0.412956
0.412371
0.411778
0.41118
0.410578
0.409971
0.409362
0.40875
0.408137
0.407524
0.406911
0.406299
0.405689
0.405082
0.40448
0.403882
0.403291
0.402706
0.402129
0.401559
0.400998
0.400448
0.399907
0.399379
0.398862
0.398359
0.39787
0.397396
0.396938
0.396496
0.396071
0.395665
0.395277
0.394909
0.394561
0.394233
0.393927
0.393642
0.39338
0.393141
0.392926
0.392734
0.392567
0.392425
0.392308
0.392216
0.39215
0.39211
0.392096
0.39211
0.392152
0.39222
0.392316
0.392441
0.392594
0.392774
0.392982
0.393218
0.393482
0.393771
0.394088
0.39443
0.3948
0.395195
0.395615
0.39606
0.39653
0.397025
0.397543
0.398084
0.398648
0.399235
0.399843
0.400473
0.401122
0.401791
0.402479
0.403184
0.403906
0.404645
0.405399
0.406169
0.406952
0.407748
0.408556
0.409377
0.410208
0.411049
0.411899
0.412757
0.413621
0.414492
0.415367
0.416246
0.417127
0.41801
0.418894
0.419778
0.420662
0.421543
0.422421
0.423295
0.424165
0.425029
0.425887
0.426738
0.427581
0.428415
0.429239
0.430053
0.430855
0.431644
0.432421
0.433183
0.43393
0.434662
0.435378
0.436078
0.43676
0.437423
0.438066
0.43869
0.439293
0.439874
0.440433
0.44097
0.441483
0.441973
0.44244
0.442882
0.443299
0.443692
0.444057
0.444396
0.444708
0.444992
0.44525
0.445481
0.445682
0.445855
0.445999
0.446113
0.446198
0.446253
0.446278
0.446273
0.446239
0.446175
0.446081
0.445957
0.445804
0.445621
0.445409
0.445168
0.444898
0.444599
0.444272
0.443917
0.443535
0.443125
0.442689
0.442225
0.441736
0.441222
0.440683
0.44012
0.439534
0.438925
0.438295
0.437642
0.43697
0.436279
0.43557
0.434843
0.4341
0.433341
0.432567
0.431779
0.430977
0.430163
0.429337
0.428502
0.427657
0.426805
0.425946
0.425081
0.424211
0.423337
0.422462
0.421585
0.420708
0.419832
0.418958
0.418086
0.417218
0.416356
0.415499
0.414648
0.413805
0.41297
0.412143
0.411327
0.410521
0.409726
0.408943
0.408172
0.407415
0.406672
0.405942
0.405228
0.404529
0.403846
0.403179
0.402527
0.401891
0.401272
0.400669
0.400083
0.399513
0.398959
0.398423
0.397903
0.3974
0.396914
0.396444
0.39599
0.395552
0.395129
0.394722
0.39433
0.393953
0.39359
0.393241
0.392904
0.39258
0.392269
0.39197
0.391681
0.391405
0.391139
0.390883
0.390636
0.390399
0.39017
0.389948
0.389734
0.389527
0.389326
0.389131
0.388942
0.388759
0.388581
0.388407
0.388238
0.388072
0.38791
0.387751
0.387594
0.387439
0.387287
0.387135
0.386986
0.386839
0.386691
0.386545
0.386399
0.386253
0.386109
0.385965
0.385823
0.38568
0.385537
0.385394
0.385251
0.385109
0.384967
0.384826
0.384685
0.384544
0.384404
0.384265
0.384128
0.383992
0.383857
0.383723
0.383591
0.38346
0.38333
0.383202
0.383075
0.38295
0.382828
0.382708
0.382591
0.382476
0.382363
0.382253
0.382146
0.382042
0.381941
0.381844
0.38175
0.381661
0.381576
0.381496
0.38142
0.381348
0.38128
0.381217
0.381158
0.381104
0.381055
0.381011
0.380971
0.380936
0.380905
0.380879
0.380858
0.380842
0.380831
0.380825
0.380824
0.380828
0.380837
0.38085
0.380869
0.380892
0.380921
0.380954
0.380993
0.381038
0.381088
0.381144
0.381205
0.381273
0.381347
0.381427
0.381513
0.381606
0.381706
0.381813
0.381927
0.382049
0.38218
0.382318
0.382465
0.38262
0.382785
0.382959
0.383144
0.383339
0.383544
0.383759
0.383985
0.384223
0.384472
0.384734
0.385009
0.385296
0.385597
0.38591
0.386238
0.38658
0.386937
0.387309
0.387694
0.388095
0.38851
0.38894
0.389386
0.389848
0.390328
0.390824
0.391337
0.391865
0.392409
0.392969
0.393546
0.394138
0.394746
0.395369
0.396007
0.396661
0.397329
0.398011
0.398708
0.399418
0.400142
0.400878
0.401627
0.402388
0.40316
0.403943
0.404736
0.405539
0.406351
0.407171
0.407998
0.408832
0.409672
0.410517
0.411366
0.412218
0.413073
0.41393
0.414788
0.415646
0.416504
0.41736
0.418214
0.419064
0.419911
0.420753
0.42159
0.42242
0.423243
0.424058
0.424863
0.425659
0.426444
0.427218
0.427979
0.428727
0.429462
0.430183
0.43089
0.431581
0.432257
0.432916
0.433558
0.434182
0.434789
0.435377
0.435946
0.436497
0.437029
0.437541
0.438033
0.438505
0.438957
0.439388
0.439799
0.44019
0.440559
0.440909
0.441238
0.441548
0.441836
0.442104
0.442352
0.442582
0.442792
0.442983
0.443153
0.443304
0.443436
0.443548
0.443643
0.44372
0.443779
0.443821
0.443845
0.443852
0.443843
0.443818
0.443777
0.44372
0.443649
0.443563
0.443464
0.44335
0.443222
0.443083
0.44293
0.442765
0.442589
0.442401
0.442202
0.441994
0.441775
0.441547
0.44131
0.441065
0.440812
0.440551
0.440284
0.440009
0.439729
0.439442
0.43915
0.438854
0.438553
0.43825
0.437943
0.437633
0.437321
0.437007
0.436692
0.436375
0.436057
0.435738
0.435419
0.435099
0.434779
0.434459
0.434139
0.43382
0.433501
0.433183
0.432866
0.432549
0.432235
0.431922
0.431612
0.431303
0.430996
0.430691
0.430387
0.430086
0.429786
0.429489
0.429195
0.428904
0.428615
0.428329
0.428045
0.427764
0.427485
0.427209
0.426936
0.426666
0.4264
0.426136
0.425875
0.425616
0.425361
0.425107
0.424856
0.424608
0.424363
0.424121
0.42388
0.423642
0.423406
0.423172
0.422941
0.422711
0.422483
0.422258
0.422034
0.421812
0.421591
0.421372
0.421153
0.420935
0.420718
0.420501
0.420286
0.420071
0.419856
0.419642
0.419428
0.419214
0.419
0.418787
0.418572
0.418357
0.41814
0.417923
0.417704
0.417484
0.417261
0.417036
0.416809
0.416578
0.416346
0.416112
0.415875
0.415635
0.415392
0.415145
0.414895
0.414641
0.414383
0.41412
0.413853
0.413581
0.413305
0.413024
0.412737
0.412445
0.412148
0.411848
0.411542
0.411231
0.410915
0.410594
0.410269
0.409938
0.409603
0.409263
0.408919
0.40857
0.408218
0.407863
0.407505
0.407143
0.406779
0.406411
0.406041
0.405669
0.405294
0.404918
0.40454
0.404161
0.403782
0.403402
0.403023
0.402646
0.40227
0.401896
0.401526
0.401159
0.400795
0.400437
0.400083
0.399735
0.399393
0.399056
0.398726
0.398403
0.398087
0.397779
0.39748
0.397189
0.396907
0.396635
0.396373
0.396121
0.395879
0.395649
0.395429
0.395222
0.395026
0.394843
0.394672
0.394513
0.394366
0.394232
0.394109
0.393999
0.393901
0.393815
0.393742
0.39368
0.393631
0.393594
0.393568
0.393553
0.393551
0.393559
0.393579
0.393609
0.393649
0.3937
0.39376
0.39383
0.393909
0.393997
0.394094
0.394199
0.394312
0.394433
0.394562
0.394697
0.394837
0.394984
0.395135
0.395291
0.395452
0.395616
0.395785
0.395956
0.396131
0.396308
0.396487
0.396668
0.396849
0.397031
0.397213
0.397396
0.397579
0.39776
0.397941
0.39812
0.398296
0.39847
0.398641
0.39881
0.398975
0.399136
0.399292
0.399444
0.399592
0.399734
0.399871
0.400002
0.400128
0.400248
0.400362
0.40047
0.400573
0.40067
0.400761
0.400846
0.400925
0.400998
0.401064
0.401123
0.401175
0.401221
0.401261
0.401294
0.401322
0.401343
0.401358
0.401368
0.401372
0.40137
0.401363
0.401351
0.401334
0.401313
0.401288
0.401259
0.401226
0.40119
0.401152
0.40111
0.401068
0.401024
0.40098
0.400935
0.40089
0.400844
0.4008
0.400758
0.400717
0.400679
0.400644
0.400613
0.400586
0.400565
0.400549
0.400539
0.400536
0.400541
0.400554
0.400574
0.400604
0.400644
0.400694
0.400755
0.400827
0.40091
0.401007
0.401117
0.401241
0.401379
0.401531
0.401699
0.401883
0.402082
0.402297
0.402529
0.402777
0.403043
0.403325
0.403624
0.403942
0.404277
0.404631
0.405002
0.405391
0.405798
0.406223
0.406665
0.407126
0.407605
0.408101
0.408615
0.409145
0.409693
0.410257
0.410837
0.411434
0.412046
0.412674
0.413316
0.413972
0.414642
0.415326
0.416023
0.416734
0.417456
0.41819
0.418935
0.41969
0.420454
0.421227
0.422007
0.422795
0.423589
0.424389
0.425194
0.426004
0.426818
0.427635
0.428454
0.429274
0.430095
0.430915
0.431734
0.432552
0.433368
0.43418
0.434987
0.435791
0.436589
0.437381
0.438167
0.438947
0.439718
0.44048
0.441232
0.441974
0.442704
0.443421
0.444126
0.444818
0.445495
0.446158
0.446805
0.447435
0.448049
0.448645
0.449223
0.449782
0.450322
0.450842
0.451342
0.451822
0.452279
0.452715
0.453129
0.453521
0.453888
0.454232
0.45455
0.454844
0.455111
0.455352
0.455567
0.455756
0.455917
0.456051
0.456158
0.456237
0.456287
0.456309
0.456303
0.456269
0.456206
0.456113
0.45599
0.455837
0.455654
0.455441
0.455197
0.454923
0.454618
0.454282
0.453915
0.453517
0.453088
0.452627
0.452135
0.451612
0.451059
0.450475
0.449863
0.44922
0.448547
0.447844
0.447111
0.446349
0.445557
0.444737
0.443888
0.443011
0.442105
0.441173
0.440213
0.439226
0.438213
0.437174
0.43611
0.435021
0.433907
0.43277
0.43161
0.430427
0.429222
0.427997
0.42675
0.425485
0.424201
0.422899
0.42158
0.420244
0.418892
0.417525
0.416145
0.414751
0.413346
0.41193
0.410504
0.409068
0.407623
0.406172
0.404716
0.403254
0.401788
0.400319
0.398847
0.397374
0.3959
0.394425
0.392953
0.391483
0.390016
0.388553
0.387096
0.385645
0.3842
0.382763
0.381336
0.379919
0.378514
0.37712
0.37574
0.374373
0.373021
0.371685
0.370366
0.369065
0.367783
0.366521
0.365279
0.364059
0.36286
0.361685
0.360534
0.359409
0.358309
0.357235
0.356188
0.355169
0.354178
0.353217
0.352286
0.351387
0.350518
0.34968
0.348875
0.348103
0.347364
0.346659
0.345988
0.345352
0.344752
0.344188
0.34366
0.343169
0.342716
0.342299
0.34192
0.341579
0.341277
0.341014
0.34079
0.340604
0.340458
0.34035
0.340281
0.340252
0.340262
0.340311
0.3404
0.340528
0.340696
0.340903
0.341149
0.341432
0.341754
0.342113
0.342511
0.342946
0.343418
0.343928
0.344475
0.345058
0.345678
0.346334
0.347025
0.34775
0.348511
0.349305
0.350132
0.350992
0.351884
0.352808
0.353763
0.354747
0.355761
0.356804
0.357875
0.358973
0.360099
0.361251
0.362428
0.36363
0.364854
0.366101
0.36737
0.368661
0.369973
0.371304
0.372653
0.374019
0.375402
0.3768
0.378213
0.379639
0.381077
0.382527
0.383988
0.385459
0.386939
0.388426
0.38992
0.39142
0.392923
0.394431
0.395941
0.397453
0.398966
0.400478
0.401988
0.403495
0.404998
0.406497
0.407989
0.409476
0.410955
0.412426
0.413888
0.415339
0.416779
0.418208
0.419623
0.421024
0.422411
0.423783
0.425138
0.426478
0.427801
0.429105
0.430391
0.431657
0.432904
0.434129
0.435334
0.436518
0.43768
0.438819
0.439936
0.441029
0.442098
0.443144
0.444166
0.445162
0.446133
0.447079
0.447999
0.448895
0.449764
0.450607
0.451423
0.452211
0.452971
0.453703
0.454406
0.455082
0.455728
0.456347
0.456938
0.457501
0.458035
0.45854
0.459016
0.459463
0.459882
0.460271
0.46063
0.46096
0.461261
0.461534
0.461777
0.461991
0.462176
0.462333
0.462461
0.462559
0.462629
0.46267
0.462681
0.462664
0.462619
0.462546
0.462444
0.462315
0.462158
0.461973
0.46176
0.46152
0.461253
0.46096
0.46064
0.460294
0.459923
0.459526
0.459105
0.45866
0.458192
0.457699
0.457184
0.456646
0.456086
0.455505
0.454903
0.454282
0.453642
0.452985
0.45231
0.451619
0.450912
0.450188
0.44945
0.448696
0.447928
0.447148
0.446354
0.445549
0.444732
0.443905
0.443068
0.442222
0.441369
0.440508
0.439641
0.438769
0.437892
0.43701
0.436126
0.43524
0.434352
0.433463
0.432574
0.431685
0.430798
0.429914
0.429032
0.428154
0.427281
0.426412
0.425549
0.424691
0.423839
0.422995
0.422159
0.421332
0.420514
0.419706
0.418908
0.41812
0.417344
0.416581
0.415831
0.415093
0.414369
0.413658
0.412962
0.41228
0.411614
0.410962
0.410326
0.409705
0.4091
0.408512
0.407939
0.407383
0.406844
0.406321
0.405814
0.405325
0.404852
0.404396
0.403957
0.403535
0.403129
0.402739
0.402365
0.402006
0.401662
0.401334
0.401021
0.400723
0.400439
0.40017
0.399914
0.399672
0.399443
0.399225
0.39902
0.398826
0.398644
0.398473
0.398313
0.398163
0.398022
0.397891
0.397767
0.39765
0.397538
0.397433
0.397332
0.397237
0.397145
0.397057
0.396972
0.396889
0.396807
0.396726
0.396646
0.396565
0.396483
0.3964
0.396314
0.396226
0.396134
0.396038
0.395938
0.395833
0.395723
0.395606
0.395484
0.395355
0.39522
0.395078
0.394928
0.394771
0.394605
0.394431
0.394248
0.394055
0.393855
0.393645
0.393425
0.393196
0.392958
0.39271
0.392452
0.392185
0.391909
0.391625
0.391331
0.391029
0.390719
0.390401
0.390074
0.38974
0.389399
0.389051
0.388695
0.388334
0.387966
0.387594
0.387216
0.386835
0.38645
0.386063
0.385674
0.385284
0.384892
0.384499
0.384107
0.383716
0.383326
0.382939
0.382554
0.382173
0.381796
0.381423
0.381057
0.380696
0.380343
0.379996
0.379658
0.379328
0.379008
0.378699
0.3784
0.378113
0.377837
0.377573
0.377323
0.377086
0.376863
0.376655
0.376462
0.376284
0.376122
0.375976
0.375845
0.375732
0.375635
0.375555
0.375493
0.375449
0.375422
0.375413
0.375422
0.375449
0.375494
0.375557
0.375639
0.375739
0.375857
0.375994
0.376149
0.376322
0.376513
0.376721
0.376947
0.37719
0.377451
0.377728
0.378022
0.378332
0.37866
0.379004
0.379364
0.379739
0.38013
0.380536
0.380957
0.381393
0.381842
0.382305
0.382782
0.383272
0.383775
0.38429
0.384817
0.385354
0.385903
0.386462
0.387033
0.387613
0.388204
0.388803
0.389411
0.390027
0.390652
0.391286
0.391927
0.392575
0.393229
0.39389
0.394558
0.395232
0.395911
0.396595
0.397283
0.397977
0.398673
0.399373
0.400076
0.400781
0.401488
0.402197
0.402908
0.40362
0.404334
0.405047
0.405762
0.406476
0.407189
0.407902
0.408614
0.409324
0.410031
0.410737
0.411439
0.412138
0.412835
0.413527
0.414216
0.414901
0.41558
0.416255
0.416924
0.417588
0.418247
0.418899
0.419545
0.420183
0.420815
0.421438
0.422053
0.42266
0.423259
0.423849
0.424431
0.425003
0.425566
0.426118
0.426659
0.427189
0.427708
0.428215
0.428709
0.429192
0.429662
0.43012
0.430563
0.430993
0.431408
0.43181
0.432197
0.43257
0.432927
0.43327
0.433596
0.433907
0.434202
0.434482
0.434746
0.434993
0.435223
0.435437
0.435633
0.435811
0.435972
0.436115
0.43624
0.436347
0.436436
0.436506
0.436558
0.436592
0.436607
0.436604
0.436582
0.436541
0.436482
0.436406
0.436312
0.436199
0.436069
0.435921
0.435755
0.435571
0.43537
0.435152
0.434917
0.434665
0.434396
0.43411
0.433809
0.433492
0.433159
0.432811
0.432448
0.43207
0.431679
0.431273
0.430854
0.430422
0.429979
0.429523
0.429055
0.428577
0.428088
0.427588
0.427079
0.426559
0.426031
0.425494
0.424949
0.424397
0.423838
0.423274
0.422704
0.422129
0.42155
0.420967
0.42038
0.41979
0.419197
0.418602
0.418004
0.417405
0.416805
0.416204
0.415603
0.415003
0.414403
0.413803
0.413205
0.412609
0.412015
0.411424
0.410836
0.410252
0.409673
0.409097
0.408527
0.407962
0.407403
0.406849
0.406303
0.405763
0.405229
0.404702
0.404182
0.403669
0.403164
0.402666
0.402178
0.401697
0.401224
0.400759
0.400304
0.399858
0.399421
0.398993
0.398574
0.398165
0.397767
0.397378
0.397
0.396631
0.396273
0.395924
0.395585
0.395255
0.394936
0.394626
0.394326
0.394037
0.393757
0.393489
0.393231
0.392984
0.392747
0.39252
0.392304
0.392099
0.391904
0.39172
0.391547
0.391385
0.391234
0.391094
0.390965
0.390848
0.390742
0.390648
0.390565
0.390494
0.390434
0.390386
0.39035
0.390326
0.390313
0.390312
0.390324
0.390348
0.390384
0.390433
0.390494
0.390567
0.390653
0.390751
0.390861
0.390984
0.39112
0.391268
0.391429
0.391602
0.391788
0.391985
0.392196
0.392419
0.392654
0.392901
0.393161
0.393432
0.393716
0.394012
0.394321
0.394641
0.394974
0.395318
0.395673
0.396041
0.396419
0.396807
0.397207
0.397617
0.398038
0.398469
0.398911
0.399363
0.399824
0.400296
0.400777
0.401268
0.401767
0.402277
0.402795
0.403322
0.403858
0.404402
0.404954
0.405513
0.40608
0.406655
0.407237
0.407825
0.40842
0.409021
0.409628
0.410241
0.410859
0.411482
0.412109
0.412741
0.413376
0.414014
0.414657
0.415302
0.41595
0.416601
0.417254
0.417909
0.418566
0.419224
0.419882
0.420541
0.4212
0.421859
0.422517
0.423173
0.423828
0.424481
0.42513
0.425777
0.426421
0.427061
0.427696
0.428327
0.428952
0.429571
0.430185
0.430793
0.431394
0.431988
0.432574
0.433152
0.433722
0.434283
0.434835
0.435377
0.43591
0.436432
0.436943
0.437444
0.437934
0.438411
0.438876
0.439329
0.439769
0.440197
0.440612
0.441012
0.441398
0.441767
0.442122
0.442461
0.442785
0.443091
0.44338
0.443653
0.443908
0.444145
0.444364
0.444564
0.444745
0.444907
0.445051
0.445176
0.445281
0.445367
0.445433
0.445479
0.445505
0.44551
0.445495
0.445459
0.445402
0.445323
0.445222
0.445099
0.444954
0.444786
0.444597
0.444385
0.44415
0.443893
0.443613
0.443311
0.442987
0.44264
0.442272
0.44188
0.441467
0.441032
0.440576
0.440098
0.439598
0.439077
0.438533
0.437969
0.437384
0.436779
0.436153
0.435507
0.434842
0.434157
0.433453
0.43273
0.431988
0.431228
0.43045
0.429654
0.42884
0.428009
0.427162
0.4263
0.425422
0.424531
0.423626
0.422707
0.421775
0.420831
0.419875
0.418909
0.417933
0.416947
0.415952
0.414949
0.41394
0.412924
0.411903
0.410878
0.409849
0.408817
0.407783
0.406749
0.405714
0.404679
0.403647
0.402619
0.401593
0.400571
0.399554
0.398543
0.397538
0.39654
0.395551
0.39457
0.393601
0.392642
0.391695
0.390761
0.38984
0.388935
0.388045
0.387171
0.386315
0.385476
0.384655
0.383854
0.383072
0.382311
0.381571
0.380853
0.380157
0.379485
0.378836
0.378211
0.377612
0.377039
0.376492
0.375971
0.375476
0.375009
0.374568
0.374155
0.373771
0.373414
0.373086
0.372786
0.372516
0.372275
0.372064
0.371883
0.371731
0.371609
0.371517
0.371453
0.371418
0.371412
0.371435
0.371486
0.371566
0.371675
0.371812
0.371977
0.37217
0.37239
0.372637
0.37291
0.37321
0.373535
0.373887
0.374264
0.374666
0.375092
0.375542
0.376016
0.376511
0.377029
0.377569
0.37813
0.378711
0.379312
0.379932
0.380572
0.38123
0.381906
0.382599
0.383309
0.384035
0.384777
0.385533
0.386303
0.387087
0.387884
0.388694
0.389515
0.390347
0.391189
0.392041
0.3929
0.393768
0.394644
0.395526
0.396414
0.397306
0.398203
0.399103
0.400005
0.400908
0.401812
0.402715
0.403617
0.404517
0.405415
0.406309
0.407199
0.408083
0.408963
0.409836
0.410702
0.411559
0.412406
0.413243
0.414068
0.414882
0.415684
0.416474
0.417249
0.41801
0.418756
0.419484
0.420196
0.420891
0.421566
0.422224
0.422862
0.42348
0.424079
0.424656
0.425211
0.425744
0.426255
0.426744
0.427208
0.427649
0.428066
0.428459
0.428827
0.429169
0.429487
0.429779
0.430047
0.43029
0.430508
0.4307
0.430867
0.431009
0.431126
0.431219
0.431286
0.431329
0.431348
0.431343
0.431314
0.431263
0.431189
0.431093
0.430974
0.430834
0.430673
0.430491
0.430288
0.430067
0.429826
0.429568
0.429292
0.428999
0.42869
0.428366
0.428027
0.427674
0.427307
0.426927
0.426535
0.426133
0.425721
0.425299
0.424869
0.424431
0.423985
0.423533
0.423074
0.422609
0.422139
0.421665
0.421187
0.420705
0.420221
0.419735
0.419248
0.418761
0.418274
0.417789
0.417304
0.416822
0.416342
0.415865
0.415391
0.41492
0.414454
0.413993
0.413536
0.413086
0.412641
0.412204
0.411773
0.411349
0.410932
0.410524
0.410123
0.40973
0.409345
0.40897
0.408604
0.408247
0.4079
0.407562
0.407235
0.406917
0.40661
0.406314
0.406028
0.405752
0.405487
0.405232
0.404988
0.404754
0.404532
0.404321
0.40412
0.403931
0.403753
0.403585
0.403429
0.403283
0.403148
0.403024
0.402911
0.40281
0.402721
0.402643
0.402576
0.40252
0.402474
0.402438
0.402412
0.402397
0.402392
0.402397
0.402412
0.402437
0.402471
0.402513
0.402564
0.402624
0.402692
0.402768
0.402853
0.402945
0.403045
0.403152
0.403265
0.403385
0.403511
0.403643
0.40378
0.403923
0.404071
0.404224
0.404381
0.404541
0.404705
0.404872
0.405041
0.405214
0.405389
0.405566
0.405743
0.405922
0.406101
0.406281
0.406461
0.406639
0.406816
0.406992
0.407167
0.40734
0.407509
0.407675
0.407838
0.407996
0.40815
0.408299
0.408444
0.408583
0.408715
0.408841
0.408961
0.409074
0.409179
0.409278
0.409368
0.40945
0.409525
0.409591
0.40965
0.409699
0.409739
0.409771
0.409793
0.409807
0.409811
0.409805
0.409791
0.409765
0.40973
0.409684
0.409628
0.409562
0.409485
0.409397
0.409299
0.40919
0.409071
0.408941
0.4088
0.408649
0.408487
0.408315
0.408133
0.407941
0.407738
0.407524
0.407301
0.407069
0.406828
0.406578
0.406319
0.406052
0.405776
0.405492
0.4052
0.404899
0.404592
0.404276
0.403953
0.403624
0.403289
0.402948
0.402602
0.402251
0.401896
0.401538
0.401176
0.40081
0.400442
0.400073
0.399701
0.399328
0.398955
0.398581
0.398208
0.397836
0.397467
0.3971
0.396735
0.396374
0.396015
0.395661
0.395311
0.394966
0.394626
0.394292
0.393965
0.393645
0.393334
0.393031
0.392738
0.392455
0.392182
0.391919
0.391669
0.391431
0.391206
0.390993
0.390794
0.390608
0.390437
0.390279
0.390136
0.390008
0.389896
0.389799
0.389718
0.389654
0.389606
0.389575
0.389561
0.389564
0.389583
0.389621
0.389675
0.389747
0.389836
0.389944
0.390069
0.390211
0.390371
0.390549
0.390745
0.390959
0.39119
0.391438
0.391703
0.391985
0.392283
0.392598
0.392929
0.393276
0.393638
0.394016
0.394409
0.394817
0.395239
0.395676
0.396126
0.396589
0.397066
0.397555
0.398056
0.398569
0.399094
0.399631
0.400178
0.400737
0.401304
0.401882
0.402468
0.403063
0.403667
0.40428
0.404901
0.405529
0.406165
0.406807
0.407455
0.408111
0.408771
0.409437
0.410107
0.410781
0.411459
0.41214
0.412824
0.413512
0.414201
0.414893
0.415587
0.416282
0.416979
0.417676
0.418374
0.419072
0.419769
0.420466
0.421164
0.421861
0.422557
0.42325
0.423943
0.424633
0.425321
0.426005
0.426687
0.427365
0.42804
0.428711
0.429379
0.430042
0.4307
0.431352
0.431999
0.43264
0.433276
0.433905
0.434528
0.435144
0.435752
0.436353
0.436945
0.437529
0.438103
0.438669
0.439225
0.43977
0.440305
0.440829
0.441343
0.441846
0.442337
0.442817
0.443284
0.443738
0.444178
0.444605
0.445019
0.445418
0.445804
0.446174
0.44653
0.44687
0.447194
0.447503
0.447796
0.448073
0.448335
0.44858
0.448807
0.449019
0.449213
0.449391
0.449551
0.449692
0.449816
0.449922
0.45001
0.450079
0.45013
0.450162
0.450177
0.450173
0.450151
0.450111
0.450051
0.449973
0.449876
0.449761
0.449626
0.449473
0.449302
0.449112
0.448904
0.448677
0.448432
0.448169
0.447888
0.447591
0.447275
0.446942
0.446591
0.446224
0.44584
0.445439
0.445023
0.444593
0.444147
0.443685
0.443208
0.442716
0.442209
0.441687
0.44115
0.4406
0.440036
0.439459
0.438869
0.438267
0.437651
0.437025
0.436387
0.435739
0.43508
0.434412
0.433733
0.433045
0.432349
0.431643
0.430928
0.430205
0.429476
0.428739
0.427995
0.427245
0.42649
0.42573
0.424964
0.424193
0.423417
0.422637
0.421853
0.421066
0.420277
0.419485
0.418692
0.417897
0.417101
0.416304
0.415508
0.414712
0.413918
0.413125
0.412334
0.411545
0.410757
0.409973
0.409191
0.408413
0.407639
0.406868
0.406102
0.405343
0.404588
0.40384
0.403098
0.402363
0.401636
0.400918
0.400208
0.399506
0.398813
0.398131
0.397458
0.396797
0.396147
0.395509
0.394882
0.394268
0.393666
0.393077
0.392502
0.39194
0.391393
0.390861
0.390343
0.389841
0.389355
0.388885
0.38843
0.387993
0.387573
0.38717
0.386784
0.386417
0.386067
0.385734
0.38542
0.385123
0.384845
0.384585
0.384344
0.38412
0.383916
0.383729
0.38356
0.383409
0.383277
0.383163
0.383066
0.382986
0.382923
0.382877
0.382848
0.382835
0.382838
0.382856
0.382889
0.382937
0.382999
0.383075
0.383163
0.383263
0.383375
0.383498
0.383631
0.383773
0.383925
0.384085
0.384253
0.384427
0.384607
0.384793
0.384983
0.385177
0.385373
0.385572
0.385772
0.385973
0.386174
0.386375
0.386574
0.386771
0.386966
0.387158
0.387345
0.387528
0.387704
0.387875
0.388039
0.388196
0.388345
0.388487
0.38862
0.388744
0.388858
0.388963
0.389058
0.389143
0.389217
0.38928
0.389332
0.389373
0.389403
0.389421
0.389428
0.389424
0.389409
0.389383
0.389346
0.389299
0.38924
0.389171
0.389092
0.389002
0.388902
0.388792
0.388672
0.388545
0.388408
0.388264
0.388111
0.387952
0.387785
0.387612
0.387433
0.387249
0.38706
0.386867
0.386671
0.386471
0.38627
0.386066
0.385861
0.385656
0.385452
0.385248
0.385045
0.384843
0.384643
0.384447
0.384253
0.384064
0.383878
0.383697
0.383521
0.383351
0.383187
0.38303
0.382881
0.382739
0.382606
0.382482
0.382367
0.382262
0.382168
0.382085
0.382014
0.381954
0.381907
0.381874
0.381853
0.381847
0.381855
0.381877
0.381914
0.381966
0.382034
0.382118
0.382219
0.382336
0.38247
0.38262
0.382788
0.382973
0.383177
0.383398
0.383639
0.383898
0.384176
0.384473
0.384788
0.385122
0.385474
0.385846
0.386236
0.386644
0.387071
0.387516
0.387979
0.388461
0.38896
0.389478
0.390013
0.390566
0.391136
0.391721
0.392322
0.392939
0.39357
0.394217
0.394878
0.395553
0.396242
0.396943
0.397657
0.398382
0.399117
0.399862
0.400617
0.401381
0.402153
0.402933
0.40372
0.404514
0.405313
0.406117
0.406925
0.407736
0.408549
0.409364
0.410179
0.410993
0.411807
0.41262
0.41343
0.414237
0.415039
0.415837
0.41663
0.417416
0.418196
0.418968
0.419731
0.420486
0.421231
0.421966
0.42269
0.423402
0.424102
0.424791
0.425466
0.426128
0.426776
0.427411
0.42803
0.428635
0.429224
0.429798
0.430356
0.430898
0.431424
0.431934
0.432427
0.432901
0.433358
0.433797
0.434217
0.434621
0.435007
0.435374
0.435724
0.436055
0.436369
0.436664
0.436941
0.437201
0.437443
0.437667
0.437874
0.438064
0.438236
0.438392
0.438531
0.438652
0.438758
0.438847
0.438919
0.438975
0.439015
0.43904
0.439049
0.439043
0.439021
0.438984
0.438932
0.438867
0.438787
0.438693
0.438586
0.438465
0.438332
0.438186
0.438028
0.437857
0.437673
0.437478
0.437271
0.437053
0.436824
0.436585
0.436334
0.436074
0.435802
0.435521
0.435231
0.434932
0.434624
0.434307
0.43398
0.433645
0.433302
0.43295
0.432591
0.432225
0.431853
0.431474
0.43109
0.430699
0.430301
0.429898
0.429489
0.429075
0.428656
0.428234
0.427807
0.427377
0.426942
0.426505
0.426064
0.425622
0.425177
0.424731
0.424283
0.423833
0.423383
0.422932
0.422482
0.422033
0.421585
0.421138
0.420693
0.42025
0.419811
0.419375
0.418942
0.418512
0.418088
0.417669
0.417255
0.416847
0.416444
0.416047
0.415657
0.415274
0.414898
0.414531
0.414171
0.413821
0.41348
0.413148
0.412827
0.412515
0.412213
0.411923
0.411644
0.411376
0.41112
0.410876
0.410644
0.410425
0.410218
0.410024
0.409843
0.409674
0.409519
0.409377
0.409247
0.409131
0.409029
0.408939
0.408862
0.408798
0.408747
0.40871
0.408686
0.408675
0.408677
0.408693
0.408721
0.408761
0.408814
0.408879
0.408955
0.409042
0.409141
0.409251
0.409371
0.409502
0.409644
0.409795
0.409955
0.410124
0.410302
0.410488
0.41068
0.410879
0.411084
0.411295
0.411511
0.411732
0.411956
0.412184
0.412414
0.412647
0.412882
0.413118
0.413355
0.413592
0.413829
0.414066
0.414303
0.414538
0.414771
0.415001
0.415228
0.415452
0.415672
0.415889
0.4161
0.416307
0.416507
0.416702
0.416891
0.417075
0.417252
0.417422
0.417584
0.417739
0.417886
0.418025
0.418155
0.418277
0.41839
0.418495
0.41859
0.418676
0.418752
0.418817
0.418873
0.418919
0.418954
0.41898
0.418995
0.418999
0.418993
0.418976
0.41895
0.418912
0.418865
0.418807
0.418738
0.418659
0.41857
0.41847
0.41836
0.41824
0.41811
0.417969
0.417819
0.417659
0.417489
0.417311
0.417125
0.416929
0.416724
0.416511
0.41629
0.416062
0.415826
0.415582
0.41533
0.41507
0.414804
0.41453
0.41425
0.413964
0.413672
0.413373
0.413069
0.41276
0.412445
0.412124
0.411799
0.411469
0.411135
0.410797
0.410456
0.41011
0.409762
0.40941
0.409056
0.408699
0.40834
0.407978
0.407615
0.407249
0.406882
0.406514
0.406146
0.405777
0.405408
0.40504
0.404672
0.404304
0.403937
0.403571
0.403206
0.402843
0.402481
0.402121
0.401763
0.401408
0.401055
0.400706
0.400359
0.400016
0.399676
0.399339
0.399006
0.398677
0.398351
0.398029
0.397711
0.397398
0.39709
0.396786
0.396487
0.396194
0.395907
0.395625
0.39535
0.395082
0.394819
0.394563
0.394312
0.394068
0.393831
0.3936
0.393376
0.393159
0.392949
0.392748
0.392554
0.392367
0.392188
0.392016
0.391853
0.391697
0.39155
0.391411
0.39128
0.391157
0.391042
0.390937
0.390841
0.390753
0.390675
0.390606
0.390546
0.390495
0.390454
0.390423
0.390401
0.390388
0.390386
0.390394
0.390412
0.39044
0.390479
0.390528
0.390588
0.390658
0.390739
0.390831
0.390933
0.391046
0.39117
0.391305
0.391451
0.391608
0.391776
0.391955
0.392147
0.392351
0.392566
0.392793
0.393031
0.393282
0.393545
0.39382
0.394108
0.394407
0.394719
0.395042
0.395378
0.395726
0.396086
0.396458
0.396843
0.397238
0.397646
0.398065
0.398496
0.398938
0.399391
0.399854
0.400328
0.400813
0.401309
0.401814
0.402329
0.402854
0.403388
0.403933
0.404485
0.405047
0.405617
0.406194
0.406779
0.40737
0.407969
0.408574
0.409184
0.4098
0.41042
0.411046
0.411675
0.412309
0.412945
0.413585
0.414226
0.41487
0.415514
0.416161
0.416808
0.417456
0.418103
0.418749
0.419392
0.420034
0.420672
0.421308
0.42194
0.422568
0.423191
0.423808
0.42442
0.425025
0.425622
0.426213
0.426794
0.427367
0.42793
0.428484
0.429028
0.429561
0.430083
0.430592
0.431088
0.431571
0.432041
0.432497
0.432938
0.433365
0.433775
0.43417
0.434549
0.434911
0.435256
0.435583
0.435893
0.436184
0.436458
0.436713
0.436948
0.437165
0.437362
0.43754
0.437698
0.437837
0.437957
0.438057
0.438137
0.438196
0.438234
0.438251
0.438248
0.438224
0.438179
0.438113
0.438025
0.437917
0.437788
0.437638
0.437468
0.437279
0.437068
0.436838
0.436587
0.436317
0.436028
0.435719
0.435392
0.435045
0.43468
0.434297
0.433896
0.433478
0.433042
0.43259
0.432122
0.431637
0.431137
0.430622
0.430092
0.429548
0.42899
0.42842
0.427837
0.427242
0.426636
0.426019
0.425391
0.424755
0.424109
0.423455
0.422793
0.422125
0.421451
0.420771
0.420086
0.419397
0.418703
0.418007
0.417308
0.416608
0.415906
0.415205
0.414503
0.413803
0.413104
0.412408
0.411715
0.411026
0.410342
0.409663
0.40899
0.408323
0.407662
0.407007
0.406361
0.405723
0.405095
0.404475
0.403866
0.403266
0.402676
0.402097
0.401529
0.400973
0.400428
0.399897
0.399378
0.398871
0.398376
0.397895
0.397426
0.39697
0.396527
0.396098
0.395683
0.395281
0.394894
0.39452
0.39416
0.393813
0.39348
0.393161
0.392856
0.392565
0.392286
0.39202
0.391768
0.391528
0.3913
0.391084
0.39088
0.390688
0.390507
0.390338
0.390181
0.390035
0.389899
0.389774
0.389659
0.389554
0.389459
0.389373
0.389296
0.389228
0.389168
0.389117
0.389074
0.389038
0.38901
0.388988
0.388973
0.388965
0.388964
0.388968
0.388978
0.388994
0.389015
0.389042
0.389073
0.389109
0.38915
0.389194
0.389242
0.389294
0.389349
0.389407
0.389469
0.389534
0.389601
0.38967
0.389742
0.389815
0.389891
0.389967
0.390045
0.390124
0.390204
0.390285
0.390366
0.390447
0.390529
0.390612
0.390694
0.390776
0.390857
0.390937
0.391016
0.391094
0.391171
0.391247
0.391323
0.391396
0.391469
0.391539
0.391607
0.391673
0.391738
0.3918
0.391859
0.391916
0.39197
0.39202
0.392068
0.392111
0.392152
0.392191
0.392226
0.392258
0.392286
0.392311
0.392333
0.39235
0.392365
0.392376
0.392383
0.392388
0.392389
0.392387
0.392381
0.392371
0.392358
0.392342
0.392323
0.392301
0.392275
0.392245
0.392211
0.392175
0.392134
0.392091
0.392044
0.391994
0.391942
0.391887
0.391829
0.391768
0.391704
0.391638
0.391569
0.391497
0.391423
0.391346
0.391266
0.391185
0.391101
0.391017
0.39093
0.390841
0.39075
0.390657
0.390562
0.390466
0.390368
0.390268
0.390167
0.390064
0.38996
0.389854
0.389748
0.38964
0.389532
0.389422
0.389312
0.389201
0.389089
0.388977
0.388865
0.388752
0.38864
0.38853
0.38842
0.388311
0.388202
0.388094
0.387987
0.387882
0.387777
0.387674
0.387573
0.387474
0.387378
0.387285
0.387193
0.387104
0.387019
0.386936
0.386858
0.386783
0.386712
0.386645
0.386581
0.386522
0.386468
0.386418
0.386372
0.386331
0.386294
0.386263
0.386237
0.386216
0.3862
0.38619
0.386187
0.38619
0.386198
0.386212
0.386232
0.386259
0.386292
0.386332
0.386379
0.386432
0.386493
0.386561
0.386636
0.386719
0.386808
0.386904
0.387009
0.387121
0.387241
0.387369
0.387505
0.387648
0.3878
0.387961
0.388129
0.388306
0.388492
0.388687
0.38889
0.389103
0.389325
0.389558
0.3898
0.390051
0.390313
0.390585
0.390869
0.391163
0.391469
0.391787
0.392116
0.392457
0.39281
0.393176
0.393555
0.393948
0.394353
0.394771
0.395202
0.395645
0.396103
0.396574
0.397059
0.397558
0.398069
0.398594
0.399133
0.399685
0.40025
0.400829
0.401421
0.402025
0.402643
0.403275
0.403919
0.404576
0.405244
0.405924
0.406614
0.407315
0.408028
0.40875
0.409482
0.410223
0.410972
0.41173
0.412494
0.413266
0.414043
0.414826
0.415613
0.416404
0.417199
0.417998
0.418798
0.4196
0.420403
0.421206
0.422008
0.422809
0.423608
0.424405
0.425199
0.425989
0.426774
0.427554
0.428329
0.429098
0.429861
0.430617
0.431364
0.432104
0.432836
0.433559
0.434271
0.434974
0.435665
0.436346
0.437015
0.437671
0.438316
0.438948
0.439568
0.440173
0.440765
0.441342
0.441905
0.442454
0.442988
0.443506
0.444008
0.444495
0.444966
0.445422
0.445863
0.446289
0.446699
0.447094
0.447472
0.447835
0.448182
0.448512
0.448825
0.449122
0.449402
0.449667
0.449914
0.450145
0.450359
0.450556
0.450737
0.450901
0.45105
0.451182
0.451298
0.451398
0.451483
0.451553
0.451608
0.451648
0.451674
0.451686
0.451683
0.451667
0.451638
0.451595
0.451539
0.451471
0.45139
0.451298
0.451195
0.451081
0.450956
0.450822
0.450678
0.450524
0.450361
0.450189
0.450009
0.44982
0.449623
0.449419
0.449208
0.448989
0.448764
0.448533
0.448297
0.448055
0.447808
0.447556
0.447298
0.447036
0.446771
0.446502
0.446229
0.445953
0.445675
0.445395
0.445112
0.444826
0.444538
0.444249
0.443958
0.443666
0.443373
0.443078
0.442783
0.442486
0.442189
0.44189
0.44159
0.441288
0.440986
0.440683
0.440379
0.440074
0.439768
0.43946
0.439151
0.438841
0.438529
0.438216
0.437901
0.437586
0.43727
0.436953
0.436636
0.436317
0.435998
0.435678
0.435358
0.435037
0.434716
0.434394
0.434074
0.433753
0.433433
0.433113
0.432794
0.432476
0.43216
0.431845
0.431533
0.431224
0.430919
0.430617
0.430319
0.430025
0.429735
0.42945
0.42917
0.428897
0.428629
0.428367
0.428113
0.427866
0.427627
0.427396
0.427174
0.42696
0.426754
0.426558
0.426373
0.426197
0.42603
0.425874
0.425727
0.42559
0.425462
0.425343
0.425234
0.425135
0.425045
0.424964
0.424893
0.424831
0.424778
0.424732
0.424694
0.424663
0.424639
0.42462
0.424607
0.424598
0.424593
0.424593
0.424595
0.4246
0.424606
0.424612
0.424619
0.424624
0.424628
0.42463
0.42463
0.424626
0.424618
0.424604
0.424585
0.42456
0.424527
0.424487
0.424438
0.424379
0.424311
0.424234
0.424146
0.424046
0.423934
0.42381
0.423673
0.423522
0.423357
0.423178
0.422984
0.422774
0.42255
0.422311
0.422056
0.421786
0.4215
0.421198
0.420881
0.420547
0.420198
0.419834
0.419453
0.419058
0.418647
0.418221
0.41778
0.417325
0.416856
0.416373
0.415877
0.415368
0.414847
0.414315
0.413772
0.413218
0.412655
0.412081
0.411499
0.410909
0.410311
0.409708
0.409098
0.408484
0.407865
0.407242
0.406616
0.405987
0.405357
0.404727
0.404096
0.403467
0.40284
0.402217
0.401597
0.400982
0.400374
0.399772
0.399177
0.398591
0.398014
0.397447
0.396891
0.396347
0.395815
0.395297
0.394793
0.394303
0.393829
0.39337
0.392929
0.392506
0.392101
0.391716
0.39135
0.391004
0.390678
0.390374
0.390092
0.389831
0.389593
0.389377
0.389184
0.389015
0.38887
0.388748
0.38865
0.388575
0.388525
0.388499
0.388498
0.388522
0.388569
0.38864
0.388736
0.388855
0.388998
0.389165
0.389356
0.38957
0.389806
0.390066
0.390348
0.390652
0.390978
0.391327
0.391696
0.392086
0.392495
0.392925
0.393374
0.393841
0.394326
0.394828
0.395347
0.395882
0.396434
0.397001
0.397583
0.398179
0.398788
0.39941
0.400044
0.400689
0.401345
0.402011
0.402685
0.403369
0.40406
0.404757
0.405461
0.406169
0.406881
0.407596
0.408314
0.409034
0.409754
0.410475
0.411194
0.411911
0.412626
0.413338
0.414044
0.414745
0.415441
0.416129
0.41681
0.417481
0.418142
0.418793
0.419433
0.42006
0.420675
0.421275
0.42186
0.42243
0.422983
0.423518
0.424036
0.424536
0.425016
0.425478
0.425919
0.426339
0.426737
0.427112
0.427465
0.427794
0.4281
0.428382
0.428639
0.428871
0.429076
0.429256
0.429408
0.429534
0.429633
0.429705
0.429751
0.429768
0.429758
0.429721
0.429656
0.429562
0.429441
0.429292
0.429115
0.428911
0.42868
0.428423
0.428138
0.427826
0.427487
0.427122
0.42673
0.426313
0.42587
0.425401
0.424907
0.424389
0.423846
0.423279
0.422689
0.422075
0.421439
0.420781
0.420101
0.419399
0.418677
0.417934
0.417171
0.416388
0.415587
0.414769
0.413933
0.413082
0.412215
0.411332
0.410434
0.409522
0.408597
0.40766
0.40671
0.405749
0.404777
0.403796
0.402806
0.40181
0.400805
0.399794
0.398778
0.397757
0.396732
0.395703
0.394673
0.393641
0.392608
0.391575
0.390543
0.389513
0.388486
0.387464
0.386447
0.385435
0.38443
0.383433
0.382444
0.381463
0.380493
0.379532
0.378583
0.377647
0.376723
0.375813
0.374919
0.37404
0.373178
0.372333
0.371506
0.370698
0.369909
0.369141
0.368394
0.367669
0.366967
0.366289
0.365635
0.365006
0.364403
0.363825
0.363275
0.362752
0.362258
0.361792
0.361356
0.360948
0.360571
0.360224
0.359909
0.359626
0.359374
0.359155
0.358968
0.358814
0.358693
0.358605
0.35855
0.358529
0.35854
0.358585
0.358663
0.358774
0.358918
0.359095
0.359304
0.359546
0.359821
0.360128
0.360467
0.360837
0.361237
0.361668
0.362127
0.362615
0.363132
0.363676
0.364247
0.364845
0.365469
0.366117
0.36679
0.367485
0.368203
0.368943
0.369703
0.370482
0.371281
0.372098
0.372932
0.373782
0.374648
0.375527
0.376419
0.377323
0.378238
0.379162
0.380095
0.381035
0.38198
0.382931
0.383887
0.384845
0.385807
0.386769
0.387732
0.388695
0.389656
0.390615
0.39157
0.392521
0.393466
0.394406
0.395339
0.396264
0.397181
0.398089
0.398988
0.399876
0.400753
0.401619
0.402472
0.403313
0.404141
0.404954
0.405753
0.406538
0.407309
0.408066
0.408807
0.409533
0.410243
0.410937
0.411615
0.412277
0.412923
0.413553
0.414166
0.414763
0.415344
0.415909
0.416457
0.416989
0.417506
0.418006
0.418491
0.41896
0.419413
0.419853
0.420277
0.420686
0.421081
0.421462
0.421829
0.422182
0.422522
0.42285
0.423164
0.423467
0.423758
0.424037
0.424305
0.424563
0.424811
0.425051
0.425281
0.425503
0.425717
0.425922
0.42612
0.426312
0.426498
0.426677
0.426852
0.427021
0.427186
0.427347
0.427503
0.427656
0.427805
0.427951
0.428095
0.428237
0.428377
0.428515
0.428651
0.428786
0.428921
0.429057
0.429193
0.429329
0.429465
0.429601
0.429739
0.429876
0.430015
0.430155
0.430297
0.43044
0.430584
0.430729
0.430877
0.431026
0.431177
0.43133
0.431486
0.431642
0.431801
0.431962
0.432125
0.432289
0.432455
0.432622
0.432791
0.432959
0.433128
0.433297
0.433466
0.433634
0.433802
0.433971
0.434138
0.434306
0.434472
0.434637
0.434801
0.434963
0.435123
0.43528
0.435434
0.435586
0.435736
0.435882
0.436025
0.436164
0.436299
0.43643
0.436556
0.436677
0.436793
0.436904
0.43701
0.43711
0.437204
0.437292
0.437373
0.437448
0.437516
0.437577
0.437632
0.437681
0.437724
0.437762
0.437793
0.437818
0.437836
0.437847
0.437851
0.437848
0.437838
0.43782
0.437796
0.437764
0.437725
0.43768
0.437627
0.437568
0.437502
0.43743
0.437352
0.437268
0.437178
0.437083
0.436982
0.436876
0.436764
0.436647
0.436526
0.436399
0.436268
0.436132
0.435993
0.43585
0.435704
0.435554
0.435403
0.435248
0.435091
0.434932
0.43477
0.434607
0.434442
0.434276
0.43411
0.433943
0.433775
0.433607
0.433438
0.433268
0.433098
0.432928
0.432758
0.432589
0.432421
0.432253
0.432086
0.431919
0.431753
0.431588
0.431424
0.43126
0.431098
0.430937
0.430776
0.430618
0.43046
0.430303
0.430148
0.429993
0.429838
0.429685
0.429533
0.42938
0.429228
0.429077
0.428925
0.428773
0.428621
0.428469
0.428317
0.428163
0.428009
0.427855
0.427699
0.427543
0.427384
0.427223
0.42706
0.426895
0.426727
0.426555
0.426381
0.426203
0.42602
0.425834
0.425644
0.425449
0.425249
0.425044
0.424833
0.424616
0.424392
0.42416
0.423921
0.423675
0.423421
0.423159
0.422887
0.422607
0.422317
0.422019
0.421711
0.421393
0.421064
0.420724
0.420373
0.420011
0.419637
0.419252
0.418855
0.418446
0.418024
0.417591
0.417145
0.416686
0.416213
0.415728
0.41523
0.41472
0.414197
0.413661
0.413114
0.412554
0.411983
0.411399
0.410803
0.410194
0.409573
0.408941
0.408296
0.407641
0.406974
0.406296
0.405608
0.404911
0.404203
0.403486
0.402761
0.402027
0.401286
0.400537
0.399782
0.399021
0.398254
0.397483
0.396706
0.395926
0.395143
0.394357
0.393569
0.39278
0.391991
0.391203
0.390417
0.389632
0.38885
0.388071
0.387296
0.386527
0.385764
0.385007
0.384257
0.383515
0.382783
0.38206
0.381348
0.380647
0.379959
0.379284
0.378622
0.377975
0.377342
0.376724
0.376123
0.375537
0.37497
0.37442
0.373888
0.373375
0.372881
0.372407
0.371954
0.371522
0.371111
0.370721
0.370352
0.370006
0.369682
0.36938
0.369101
0.368845
0.368611
0.368401
0.368213
0.368048
0.367906
0.367786
0.36769
0.367617
0.367567
0.36754
0.367535
0.367554
0.367594
0.367656
0.367739
0.367845
0.367972
0.36812
0.36829
0.368482
0.368695
0.36893
0.369185
0.36946
0.369756
0.370072
0.370408
0.370764
0.371139
0.371533
0.371946
0.372379
0.372831
0.373301
0.37379
0.374296
0.374822
0.375365
0.375925
0.376503
0.377098
0.377711
0.378341
0.378987
0.37965
0.380329
0.381024
0.381735
0.382462
0.383203
0.38396
0.384731
0.385517
0.386318
0.387134
0.387963
0.388806
0.389663
0.390531
0.391412
0.392305
0.39321
0.394126
0.395053
0.39599
0.396937
0.397895
0.398861
0.399837
0.40082
0.401811
0.402808
0.403812
0.404822
0.405838
0.40686
0.407886
0.408915
0.409947
0.41098
0.412015
0.413051
0.414089
0.415127
0.416164
0.4172
0.418233
0.419264
0.42029
0.421312
0.422329
0.423341
0.424347
0.425346
0.426336
0.427317
0.428289
0.429249
0.430198
0.431136
0.43206
0.432972
0.433869
0.434751
0.435618
0.436469
0.437303
0.43812
0.43892
0.439701
0.440463
0.441205
0.441926
0.442628
0.443309
0.443968
0.444606
0.445223
0.445817
0.44639
0.44694
0.447467
0.44797
0.448448
0.448901
0.44933
0.449733
0.450112
0.450464
0.450792
0.451094
0.451371
0.451621
0.451846
0.452044
0.452217
0.452364
0.452484
0.45258
0.45265
0.452695
0.452715
0.45271
0.45268
0.452626
0.452546
0.452441
0.452313
0.45216
0.451983
0.451783
0.451559
0.451313
0.451044
0.450753
0.45044
0.450105
0.449749
0.449372
0.448974
0.448554
0.448114
0.447655
0.447177
0.446679
0.446163
0.445627
0.445074
0.444503
0.443916
0.443312
0.442691
0.442054
0.441402
0.440735
0.440053
0.439356
0.438646
0.437922
0.437184
0.436433
0.43567
0.434896
0.43411
0.433314
0.432508
0.431692
0.430868
0.430035
0.429194
0.428347
0.427493
0.426631
0.425764
0.424891
0.424014
0.423134
0.42225
0.421363
0.420473
0.419582
0.41869
0.417797
0.416903
0.41601
0.415119
0.414229
0.413342
0.412458
0.411577
0.4107
0.409826
0.408958
0.408095
0.407239
0.406389
0.405548
0.404714
0.403888
0.403072
0.402264
0.401466
0.400678
0.399901
0.399134
0.398378
0.397634
0.396901
0.396179
0.395471
0.394774
0.394091
0.393422
0.392767
0.392127
0.391501
0.39089
0.390294
0.389713
0.389149
0.388599
0.388066
0.387549
0.387047
0.386562
0.386094
0.385643
0.385208
0.38479
0.38439
0.384007
0.383641
0.383293
0.382963
0.38265
0.382356
0.38208
0.381822
0.381582
0.381361
0.381158
0.380974
0.380809
0.380663
0.380536
0.380428
0.38034
0.380271
0.380221
0.380191
0.380181
0.38019
0.380219
0.380268
0.380335
0.380422
0.380528
0.380653
0.380797
0.38096
0.381141
0.381341
0.381559
0.381795
0.382047
0.382317
0.382604
0.382907
0.383226
0.38356
0.383909
0.384273
0.384649
0.385039
0.385441
0.385855
0.386279
0.386712
0.387155
0.387606
0.388065
0.388531
0.389002
0.389478
0.389958
0.390441
0.390926
0.391411
0.391896
0.392381
0.392864
0.393345
0.393821
0.394293
0.39476
0.395219
0.395671
0.396114
0.396547
0.39697
0.397382
0.397782
0.398171
0.398548
0.398911
0.399259
0.399592
0.39991
0.400211
0.400496
0.400763
0.401013
0.401247
0.401462
0.401659
0.401838
0.401998
0.40214
0.402263
0.402368
0.402455
0.402524
0.402576
0.40261
0.402627
0.402628
0.402611
0.402578
0.40253
0.402466
0.402388
0.402296
0.402191
0.402073
0.401943
0.401802
0.40165
0.401489
0.401318
0.401139
0.400953
0.40076
0.400561
0.400358
0.400151
0.39994
0.399726
0.39951
0.399293
0.399075
0.398857
0.39864
0.398425
0.398213
0.398005
0.397801
0.3976
0.397404
0.397213
0.397027
0.396848
0.396677
0.396512
0.396355
0.396206
0.396065
0.395933
0.39581
0.395696
0.395591
0.395496
0.395411
0.395335
0.39527
0.395215
0.395171
0.395137
0.395114
0.395102
0.395101
0.395111
0.395133
0.395166
0.39521
0.395264
0.395329
0.395405
0.395492
0.39559
0.395699
0.395819
0.39595
0.396091
0.396242
0.396403
0.396574
0.396756
0.396948
0.397148
0.397359
0.397578
0.397807
0.398044
0.39829
0.398544
0.398806
0.399076
0.399353
0.399638
0.39993
0.40023
0.400537
0.40085
0.401171
0.401499
0.401833
0.402174
0.402522
0.402876
0.403236
0.403603
0.403977
0.404356
0.404741
0.405131
0.405528
0.40593
0.406338
0.406752
0.407171
0.407596
0.408026
0.408462
0.408904
0.409353
0.409807
0.410267
0.410734
0.411205
0.411683
0.412167
0.412656
0.413152
0.413653
0.414161
0.414676
0.415198
0.415727
0.416262
0.416803
0.417352
0.417907
0.418469
0.419038
0.419614
0.420198
0.420789
0.421386
0.42199
0.422601
0.423219
0.423844
0.424476
0.425114
0.425759
0.426411
0.427069
0.427733
0.428404
0.429082
0.429766
0.430456
0.431152
0.431853
0.432559
0.43327
0.433985
0.434704
0.435427
0.436152
0.43688
0.437611
0.438343
0.439076
0.43981
0.440545
0.441279
0.442013
0.442746
0.443477
0.444207
0.444933
0.445656
0.446375
0.447089
0.447798
0.4485
0.449195
0.449881
0.450558
0.451226
0.451883
0.452529
0.453163
0.453785
0.454394
0.454989
0.455569
0.456134
0.456682
0.457213
0.457727
0.458221
0.458697
0.459152
0.459587
0.46
0.460392
0.460762
0.461109
0.461433
0.461732
