-6.53037
-6.53684
-6.54681
-6.55934
-6.57228
-6.58725
-6.60406
-6.62267
-6.63858
-6.65636
-6.67056
-6.68047
-6.68885
-6.69098
-6.68833
-6.67797
-6.6643
-6.64472
-6.62746
-6.60962
-6.59465
-6.58174
-6.57852
-6.58421
-6.60015
-6.62392
-6.65474
-6.68805
-6.72004
-6.74531
-6.75809
-6.75995
-6.74558
-6.71986
-6.68471
-6.64223
-6.59912
-6.55954
-6.52994
-6.51535
-6.50925
-6.5147
-6.52502
-6.54167
-6.56539
-6.58768
-6.60937
-6.62447
-6.63854
-6.64654
-6.64808
-6.6438
-6.63684
-6.63216
-6.62985
-6.63746
-6.64595
-6.66002
-6.67594
-6.69216
-6.70647
-6.71422
-6.71218
-6.70206
-6.68299
-6.6567
-6.62734
-6.59977
-6.58246
-6.57711
-6.58115
-6.59864
-6.62266
-6.64997
-6.67306
-6.68911
-6.70471
-6.71558
-6.72474
-6.73589
-6.74098
-6.73897
-6.72661
-6.70656
-6.68019
-6.65029
-6.61723
-6.58247
-6.55045
-6.52343
-6.50448
-6.49632
-6.49977
-6.51034
-6.52476
-6.53614
-6.54638
-6.55603
-6.5681
-6.58666
-6.61113
-6.63978
-6.66737
-6.6888
-6.70381
-6.70896
-6.70288
-6.69036
-6.67688
-6.66505
-6.6548
-6.64788
-6.63876
-6.63035
-6.61989
-6.60937
-6.60005
-6.59741
-6.59853
-6.60528
-6.61925
-6.63549
-6.65792
-6.67843
-6.69437
-6.70205
-6.70052
-6.68933
-6.66974
-6.64508
-6.61791
-6.59289
-6.57354
-6.56135
-6.55597
-6.55597
-6.55995
-6.56733
-6.57773
-6.58822
-6.5988
-6.60799
-6.6151
-6.61842
-6.6215
-6.62614
-6.63159
-6.6397
-6.64701
-6.66023
-6.67383
-6.68779
-6.69859
-6.71042
-6.71817
-6.72353
-6.72222
-6.71552
-6.70484
-6.69048
-6.67414
-6.65437
-6.6358
-6.62195
-6.60779
-6.59664
-6.58919
-6.58154
-6.57101
-6.56106
-6.55071
-6.54192
-6.53749
-6.53661
-6.54705
-6.56082
-6.57549
-6.5895
-6.59812
-6.60027
-6.59725
-6.58996
-6.58527
-6.58075
-6.58196
-6.58853
-6.60118
-6.6175
-6.63759
-6.66009
-6.6863
-6.71012
-6.73458
-6.75759
-6.77552
-6.78386
-6.78346
-6.76997
-6.74787
-6.71516
-6.6752
-6.62736
-6.57627
-6.5272
-6.48906
-6.46302
-6.45956
-6.47164
-6.5001
-6.54001
-6.58652
-6.63146
-6.67378
-6.69974
-6.71549
-6.71409
-6.70152
-6.67742
-6.65258
-6.63195
-6.61904
-6.61243
-6.61534
-6.62167
-6.62495
-6.62557
-6.62395
-6.61973
-6.61636
-6.60931
-6.60362
-6.59924
-6.59483
-6.59366
-6.59622
-6.59886
-6.60078
-6.59876
-6.59642
-6.5938
-6.59066
-6.58997
-6.58924
-6.59499
-6.60066
-6.60951
-6.61952
-6.63182
-6.64473
-6.65757
-6.66822
-6.67286
-6.67838
-6.68183
-6.68042
-6.67617
-6.66594
-6.65296
-6.63807
-6.6243
-6.61462
-6.60716
-6.60067
-6.59724
-6.59851
-6.60219
-6.60775
-6.61903
-6.63322
-6.64935
-6.67047
-6.68597
-6.69706
-6.70095
-6.69647
-6.68396
-6.66656
-6.65096
-6.6334
-6.61937
-6.60833
-6.60102
-6.59948
-6.60382
-6.61102
-6.62329
-6.6326
-6.63511
-6.63065
-6.61778
-6.59686
-6.57452
-6.55605
-6.54586
-6.54482
-6.55606
-6.57066
-6.5916
-6.61258
-6.63296
-6.6475
-6.66198
-6.66914
-6.67037
-6.66419
-6.65355
-6.63676
-6.61309
-6.58897
-6.56728
-6.5509
-6.54564
-6.55056
-6.5617
-6.58196
-6.60328
-6.63072
-6.65302
-6.67441
-6.6934
-6.70219
-6.708
-6.70804
-6.70851
-6.71176
-6.71344
-6.72252
-6.73047
-6.73206
-6.72784
-6.71757
-6.70246
-6.68457
-6.65971
-6.63344
-6.60645
-6.57925
-6.55469
-6.53455
-6.52309
-6.51808
-6.52019
-6.5286
-6.54329
-6.55884
-6.575
-6.59233
-6.60363
-6.60661
-6.6052
-6.60154
-6.5972
-6.59545
-6.59709
-6.60311
-6.60994
-6.61999
-6.62947
-6.63662
-6.64494
-6.64887
-6.65236
-6.65474
-6.65468
-6.65365
-6.65004
-6.6444
-6.63907
-6.6309
-6.61872
-6.60257
-6.58704
-6.57473
-6.56651
-6.56387
-6.56566
-6.57414
-6.5829
-6.59325
-6.5983
-6.59825
-6.596
-6.5916
-6.58873
-6.58656
-6.59161
-6.60101
-6.61502
-6.63229
-6.65332
-6.67434
-6.69437
-6.71007
-6.72
-6.72077
-6.71219
-6.69444
-6.67112
-6.64673
-6.62449
-6.60414
-6.5934
-6.59163
-6.60237
-6.62112
-6.64847
-6.68025
-6.70898
-6.7328
-6.74791
-6.75163
-6.74739
-6.739
-6.72078
-6.69949
-6.67441
-6.64579
-6.6179
-6.5938
-6.57355
-6.55861
-6.54779
-6.54059
-6.53578
-6.53112
-6.52331
-6.51913
-6.51687
-6.51931
-6.52646
-6.54113
-6.5625
-6.58585
-6.60603
-6.62062
-6.63151
-6.63786
-6.64174
-6.64086
-6.63933
-6.63935
-6.63584
-6.62728
-6.61804
-6.60793
-6.59422
-6.57977
-6.5664
-6.55791
-6.55941
-6.57899
-6.6116
-6.65034
-6.69101
-6.72834
-6.75024
-6.76367
-6.7641
-6.75362
-6.73314
-6.70827
-6.67808
-6.65236
-6.62857
-6.61227
-6.60295
-6.60649
-6.62314
-6.65635
-6.69409
-6.73456
-6.76822
-6.78894
-6.79529
-6.78654
-6.76498
-6.73707
-6.70764
-6.67344
-6.63671
-6.60038
-6.56423
-6.53858
-6.51919
-6.50929
-6.50605
-6.51046
-6.51335
-6.51732
-6.51955
-6.52284
-6.52854
-6.53902
-6.55306
-6.56988
-6.58863
-6.60733
-6.62101
-6.62692
-6.62578
-6.61663
-6.60023
-6.58035
-6.56014
-6.54328
-6.53153
-6.5289
-6.53672
-6.55089
-6.5692
-6.59313
-6.61685
-6.63897
-6.66066
-6.67945
-6.6944
-6.70716
-6.71515
-6.72225
-6.72848
-6.73226
-6.73196
-6.7322
-6.72937
-6.72816
-6.71936
-6.71115
-6.69938
-6.69321
-6.68753
-6.68799
-6.68727
-6.68405
-6.67723
-6.6657
-6.65153
-6.63763
-6.62123
-6.60015
-6.57821
-6.56022
-6.54616
-6.53738
-6.53768
-6.54678
-6.56524
-6.59192
-6.61936
-6.64673
-6.6701
-6.68524
-6.6889
-6.68068
-6.66325
-6.64012
-6.61399
-6.58271
-6.55306
-6.52495
-6.50576
-6.49592
-6.49628
-6.50617
-6.52376
-6.54585
-6.56708
-6.59125
-6.61373
-6.63373
-6.65225
-6.66475
-6.67131
-6.6733
-6.66626
-6.65109
-6.63297
-6.61283
-6.59415
-6.58083
-6.5721
-6.57202
-6.58063
-6.59731
-6.61625
-6.63815
-6.65368
-6.6702
-6.68331
-6.6923
-6.69627
-6.69678
-6.69587
-6.69081
-6.68387
-6.67778
-6.67193
-6.66395
-6.65244
-6.63837
-6.61784
-6.59645
-6.57977
-6.56874
-6.56351
-6.56461
-6.56924
-6.57872
-6.5902
-6.60318
-6.6219
-6.63954
-6.65153
-6.65949
-6.66277
-6.65793
-6.65222
-6.6478
-6.64493
-6.64748
-6.65467
-6.66005
-6.6699
-6.67716
-6.67658
-6.67158
-6.65986
-6.6491
-6.63627
-6.62345
-6.61279
-6.59918
-6.58525
-6.57064
-6.55745
-6.54938
-6.54208
-6.53684
-6.53373
-6.52997
-6.52625
-6.52682
-6.52616
-6.53148
-6.54183
-6.55852
-6.58112
-6.61017
-6.64022
-6.66974
-6.69957
-6.72368
-6.7406
-6.75239
-6.75655
-6.751
-6.7388
-6.71653
-6.69483
-6.672
-6.65544
-6.64336
-6.63837
-6.63668
-6.63865
-6.64537
-6.6537
-6.66635
-6.67601
-6.68689
-6.69176
-6.68563
-6.67271
-6.6514
-6.63242
-6.6128
-6.60081
-6.5973
-6.59909
-6.60929
-6.62179
-6.63752
-6.65264
-6.66665
-6.67345
-6.67513
-6.67125
-6.6622
-6.65252
-6.6422
-6.63332
-6.62758
-6.62388
-6.62433
-6.62795
-6.6287
-6.62502
-6.6195
-6.60827
-6.59794
-6.58473
-6.56977
-6.5578
-6.548
-6.5452
-6.55122
-6.56245
-6.57946
-6.60026
-6.61619
-6.63185
-6.6438
-6.65541
-6.6669
-6.67834
-6.68305
-6.68285
-6.67379
-6.65458
-6.62762
-6.59849
-6.57504
-6.56213
-6.56492
-6.57928
-6.60674
-6.63497
-6.66395
-6.68502
-6.70049
-6.7083
-6.70879
-6.70495
-6.70101
-6.69591
-6.68939
-6.68585
-6.68211
-6.67676
-6.67076
-6.66515
-6.66007
-6.65069
-6.6417
-6.63382
-6.62435
-6.61392
-6.60109
-6.59202
-6.57591
-6.55908
-6.53999
-6.52589
-6.52104
-6.52718
-6.54476
-6.57486
-6.61229
-6.65286
-6.69154
-6.72175
-6.74033
-6.752
-6.75432
-6.7524
-6.74993
-6.74213
-6.72541
-6.70286
-6.67493
-6.64572
-6.61527
-6.58632
-6.56337
-6.55139
-6.54421
-6.54602
-6.55496
-6.56703
-6.57781
-6.59262
-6.60702
-6.61627
-6.61841
-6.61688
-6.61112
-6.60218
-6.59282
-6.58637
-6.58474
-6.59281
-6.60984
-6.64042
-6.67636
-6.71241
-6.74412
-6.76773
-6.77913
-6.777
-6.76341
-6.73911
-6.70693
-6.66855
-6.62827
-6.58876
-6.55212
-6.51974
-6.4962
-6.48424
-6.48971
-6.50784
-6.54052
-6.5807
-6.62567
-6.6658
-6.69843
-6.72248
-6.73229
-6.73085
-6.71988
-6.70187
-6.67958
-6.65496
-6.62592
-6.60074
-6.57745
-6.56067
-6.5573
-6.55939
-6.57067
-6.58579
-6.60554
-6.63315
-6.66183
-6.69556
-6.72781
-6.75347
-6.77218
-6.77714
-6.76891
-6.75011
-6.71978
-6.6837
-6.65147
-6.62206
-6.60079
-6.5816
-6.57059
-6.5707
-6.57817
-6.59484
-6.61693
-6.64493
-6.6736
-6.69859
-6.71475
-6.7216
-6.71845
-6.70536
-6.68318
-6.65493
-6.62277
-6.59118
-6.5592
-6.53302
-6.51868
-6.5155
-6.51852
-6.52932
-6.54341
-6.5575
-6.57023
-6.57951
-6.58784
-6.59684
-6.60675
-6.61544
-6.62263
-6.62762
-6.63253
-6.63704
-6.64365
-6.64713
-6.65507
-6.66331
-6.67112
-6.67316
-6.67393
-6.67359
-6.6703
-6.66758
-6.66261
-6.65762
-6.65434
-6.64922
-6.64663
-6.64189
-6.64042
-6.64288
-6.64665
-6.65438
-6.66406
-6.6755
-6.68604
-6.69758
-6.69905
-6.69387
-6.67944
-6.65405
-6.62353
-6.58805
-6.55573
-6.52715
-6.51149
-6.51203
-6.52678
-6.55383
-6.5829
-6.61136
-6.6368
-6.65676
-6.6665
-6.6684
-6.66423
-6.65177
-6.6373
-6.6202
-6.60497
-6.59455
-6.58653
-6.58166
-6.58471
-6.59409
-6.60958
-6.63039
-6.65703
-6.68702
-6.7188
-6.75193
-6.78386
-6.80657
-6.81602
-6.81535
-6.8053
-6.78527
-6.75952
-6.72308
-6.6791
-6.6323
-6.58374
-6.53868
-6.50047
-6.47636
-6.46672
-6.47377
-6.49232
-6.5188
-6.54954
-6.58161
-6.61175
-6.63579
-6.65178
-6.6641
-6.67325
-6.67863
-6.683
-6.68518
-6.68473
-6.68329
-6.67802
-6.66994
-6.65895
-6.6442
-6.63152
-6.62393
-6.61775
-6.61618
-6.61683
-6.6209
-6.62506
-6.62892
-6.63009
-6.63101
-6.63135
-6.62799
-6.61899
-6.61147
-6.60291
-6.59689
-6.59534
-6.60368
-6.61424
-6.62712
-6.63632
-6.63873
-6.63364
-6.62001
-6.60217
-6.58611
-6.5718
-6.56266
