10.3532
10.3205
10.2674
10.1994
10.1243
10.0404
9.94969
9.85366
9.76485
9.677
9.60603
9.55701
9.52621
9.52517
9.55049
9.60691
9.68174
9.77654
9.86841
9.95832
10.0327
10.0868
10.0972
10.0608
9.97326
9.84359
9.68204
9.50988
9.34773
9.21883
9.14545
9.13116
9.19089
9.31261
9.48526
9.69226
9.90415
10.0974
10.2474
10.3376
10.3818
10.376
10.3388
10.2711
10.1751
10.0743
9.97287
9.89098
9.82264
9.78223
9.77026
9.781
9.80072
9.81124
9.80669
9.76784
9.71477
9.64045
9.55848
9.4794
9.4157
9.38444
9.39738
9.45226
9.54846
9.67541
9.81382
9.94068
10.0254
10.0553
10.0333
9.9548
9.84505
9.72301
9.61435
9.5292
9.45204
9.38922
9.33341
9.28004
9.25329
9.26208
9.31716
9.41202
9.53936
9.68732
9.84956
10.0176
10.1752
10.3091
10.4044
10.4499
10.4444
10.4037
10.3437
10.2863
10.23
10.1714
10.0992
10.0004
9.8763
9.73628
9.6019
9.49571
9.42713
9.407
9.4351
9.49293
9.55933
9.6217
9.67711
9.72207
9.7707
9.81828
9.87017
9.91878
9.95661
9.96704
9.95344
9.91127
9.83908
9.75216
9.64864
9.55407
9.48212
9.44732
9.4555
9.50811
9.59924
9.71519
9.84166
9.95908
10.0522
10.1138
10.1445
10.1498
10.1356
10.1053
10.0618
10.0142
9.96658
9.92615
9.89658
9.88115
9.86934
9.85334
9.83121
9.79679
9.75715
9.69843
9.63445
9.56766
9.50884
9.45228
9.41238
9.38824
9.39095
9.41863
9.46784
9.53609
9.61644
9.7075
9.79437
9.8653
9.92908
9.97878
10.0152
10.0503
10.0929
10.1363
10.181
10.2182
10.2365
10.234
10.1936
10.1365
10.0746
10.0185
9.98437
9.97701
9.99239
10.0237
10.049
10.0661
10.0577
10.0219
9.95717
9.87061
9.76437
9.64443
9.51154
9.38362
9.2597
9.15098
9.07207
9.03831
9.05101
9.12069
9.23693
9.402
9.60444
9.83823
10.0824
10.3116
10.4914
10.6061
10.6253
10.5642
10.4275
10.237
10.0167
9.79967
9.60283
9.46872
9.3921
9.39007
9.44477
9.54604
9.65576
9.74895
9.80896
9.83771
9.83326
9.81638
9.80729
9.80826
9.81884
9.83901
9.86024
9.89131
9.91968
9.94328
9.96285
9.97029
9.96541
9.95843
9.9535
9.95914
9.96752
9.97733
9.98716
9.98843
9.98486
9.96132
9.93205
9.89045
9.84184
9.785
9.72542
9.66711
9.61737
9.58694
9.56251
9.55149
9.56033
9.58438
9.62949
9.68688
9.75224
9.81594
9.8681
9.9095
9.9402
9.9542
9.9477
9.92616
9.89138
9.8355
9.76539
9.68498
9.59176
9.51585
9.46269
9.44414
9.46395
9.51782
9.59269
9.6675
9.74516
9.80999
9.86051
9.89304
9.90149
9.88507
9.8523
9.80363
9.76494
9.75371
9.77706
9.83947
9.93463
10.0369
10.122
10.1704
10.1764
10.1351
10.0707
9.98317
9.89261
9.80599
9.73929
9.68346
9.65702
9.65893
9.69328
9.75291
9.83877
9.94739
10.0575
10.1542
10.223
10.2453
10.2211
10.1608
10.0629
9.95144
9.82224
9.70657
9.60089
9.51257
9.46039
9.42782
9.4176
9.41099
9.39711
9.38172
9.34643
9.3159
9.30933
9.33109
9.38323
9.46123
9.55709
9.67608
9.80276
9.93251
10.0609
10.1774
10.2728
10.3326
10.358
10.3466
10.3029
10.2324
10.1538
10.0744
9.99929
9.94852
9.92891
9.93084
9.94564
9.96407
9.9731
9.96672
9.94125
9.90593
9.85882
9.81187
9.7718
9.7326
9.70694
9.68588
9.67013
9.66202
9.65852
9.66446
9.68074
9.70439
9.74352
9.80026
9.87228
9.94531
10.0085
10.0546
10.0768
10.0768
10.0522
10.0221
9.98943
9.97413
9.97785
9.99299
10.0151
10.0303
10.0352
10.0125
9.96733
9.89951
9.81323
9.71022
9.60381
9.50377
9.42616
9.38198
9.38326
9.43046
9.51854
9.63143
9.74967
9.857
9.94609
9.99342
9.99537
9.94202
9.84558
9.71249
9.56339
9.42682
9.3167
9.24712
9.22554
9.24323
9.28935
9.37346
9.47784
9.60035
9.73559
9.86829
9.98612
10.085
10.1605
10.2165
10.2572
10.2883
10.3165
10.349
10.3687
10.3755
10.3589
10.3159
10.2409
10.1401
10.0318
9.93597
9.86426
9.81466
9.78729
9.77427
9.77796
9.78831
9.80077
9.8267
9.86918
9.91814
9.9732
10.0386
10.1042
10.1583
10.1827
10.1562
10.057
9.90103
9.71637
9.52802
9.36158
9.2534
9.19407
9.19473
9.24829
9.34653
9.46838
9.60578
9.72778
9.83213
9.90052
9.92831
9.89728
9.80418
9.64569
9.46082
9.27182
9.11759
9.02454
9.00171
9.04975
9.15784
9.30372
9.46864
9.65245
9.84333
10.0277
10.1985
10.3268
10.4183
10.466
10.48
10.464
10.4436
10.417
10.3921
10.3625
10.3238
10.269
10.1995
10.1176
10.0287
9.94332
9.87987
9.85051
9.85647
9.89862
9.97056
10.0569
10.1427
10.2122
10.2555
10.2602
10.2226
10.1533
10.0614
9.94938
9.83635
9.73076
9.63382
9.55237
9.48804
9.43579
9.39981
9.37051
9.34649
9.3297
9.3226
9.31529
9.31748
9.32169
9.34976
9.38262
9.42445
9.44927
9.46631
9.46762
9.47652
9.50094
9.54431
9.60721
9.6827
9.76254
9.85147
9.95293
10.056
10.1457
10.2159
10.2568
10.2548
10.2085
10.119
9.99476
9.86098
9.72955
9.61898
9.5467
9.52503
9.55647
9.63316
9.74264
9.87255
10.0205
10.1644
10.2964
10.3921
10.4437
10.446
10.4024
10.3222
10.2192
10.1115
9.99583
9.88623
9.78784
9.702
9.64232
9.61225
9.61153
9.65058
9.72521
9.81909
9.92259
10.0194
10.0928
10.1381
10.1432
10.108
10.0376
9.95023
9.85102
9.76639
9.68491
9.61889
9.57099
9.54321
9.5313
9.52944
9.54192
9.56253
9.58513
9.61211
9.65066
9.70556
9.77476
9.86397
9.95557
10.0305
10.0811
10.1044
10.1002
10.0772
10.0352
9.98171
9.91916
9.84118
9.7678
9.71484
9.68302
9.67466
9.69444
9.72118
9.74378
9.75635
9.74747
9.71921
9.68911
9.64898
9.62008
9.61839
9.63854
9.68459
9.73641
9.79662
9.85842
9.91733
9.98538
10.056
10.1268
10.1892
10.2329
10.2672
10.2914
10.3078
10.3241
10.3385
10.3396
10.3361
10.3084
10.2558
10.174
10.065
9.93083
9.78799
9.64527
9.50659
9.39078
9.30642
9.2534
9.23954
9.26908
9.33204
9.42982
9.53123
9.63173
9.70874
9.76273
9.78781
9.79373
9.78141
9.74966
9.70688
9.65064
9.60276
9.56126
9.54824
9.57789
9.64003
9.73255
9.82355
9.91045
9.96814
9.99125
9.98616
9.94778
9.89274
9.82427
9.75739
9.69955
9.66851
9.66167
9.67968
9.71916
9.76574
9.81382
9.85376
9.87914
9.89292
9.89358
9.88755
9.89189
9.91263
9.94516
9.99766
10.054
10.1194
10.1871
10.2414
10.2786
10.2843
10.2527
10.1935
10.1101
10.0128
9.92648
9.84509
9.77775
9.71678
9.6615
9.61371
9.59296
9.60177
9.65359
9.75085
9.8805
10.0161
10.1238
10.18
10.1674
10.097
9.97389
9.83723
9.69998
9.59195
9.51457
9.47335
9.46373
9.47274
9.48519
9.50033
9.51855
9.53134
9.54641
9.56694
9.59097
9.61685
9.6452
9.68729
9.73331
9.78163
9.83735
9.89817
9.96711
10.0317
10.1161
10.2043
10.2938
10.3598
10.3836
10.3537
10.2664
10.1228
9.94369
9.75161
9.57087
9.42637
9.33078
9.27417
9.25814
9.26662
9.28858
9.33485
9.41557
9.52526
9.66064
9.80651
9.95393
10.088
10.1923
10.2532
10.2845
10.2789
10.2434
10.1905
10.1345
10.0696
10.0108
9.973
9.96273
9.97238
10.0009
10.0416
10.0823
10.1082
10.1065
10.0595
9.96566
9.81768
9.64209
9.46336
9.30555
9.18906
9.13089
9.13702
9.20145
9.31789
9.47357
9.65775
9.85378
10.0483
10.2285
10.3824
10.4905
10.5388
10.5096
10.4129
10.2505
10.0489
9.82888
9.62672
9.46106
9.34272
9.28731
9.28715
9.33443
9.41868
9.52872
9.65529
9.797
9.92821
10.0446
10.1283
10.1595
10.1548
10.1089
10.0368
9.94022
9.81402
9.67495
9.51811
9.36536
9.23864
9.1499
9.12221
9.15739
9.24679
9.38424
9.54603
9.70037
9.84102
9.95032
10.037
10.0848
10.086
10.0486
9.96958
9.86076
9.72792
9.5926
9.47563
9.39824
9.36774
9.3874
9.45471
9.56284
9.69885
9.85151
10.0041
10.1511
10.2712
10.3439
10.3668
10.352
10.3024
10.237
10.171
10.1119
10.0645
10.0218
9.97862
9.93416
9.89373
9.85889
9.83145
9.80612
9.78209
9.75229
9.72732
9.69126
9.6555
9.62472
9.61316
9.61197
9.61973
9.63821
9.65735
9.68179
9.70619
9.72649
9.74968
9.76477
9.78006
9.78191
9.76766
9.74259
9.70145
9.65044
9.59345
9.54162
9.49721
9.4905
9.51847
9.58876
9.70392
9.84667
10.0086
10.1607
10.2885
10.3596
10.3592
10.2928
10.174
10.0384
9.90432
9.78672
9.69724
9.64969
9.63989
9.66246
9.71851
9.78884
9.86851
9.94187
9.99792
10.0382
10.0576
10.0426
9.99495
9.91613
9.81088
9.68103
9.53414
9.37676
9.21673
9.06997
8.96411
8.91443
8.91554
8.96383
9.05759
9.1851
9.3554
9.55854
9.77795
10.0011
10.2044
10.3693
10.4721
10.5091
10.4767
10.391
10.2674
10.1229
9.97379
9.8361
9.72516
9.64793
9.59404
9.55925
9.54109
9.53039
9.52832
9.53598
9.55108
9.58099
9.62374
9.67804
9.74258
9.80023
9.83995
9.86661
9.87276
9.86586
9.84696
9.82663
9.80783
9.79706
9.7903
9.78973
9.8032
9.83462
9.8661
9.89884
9.91979
9.92043
9.88781
9.84189
9.78969
9.75351
9.748
9.77855
9.84561
9.93268
10.0167
10.0887
10.1362
