0.8
0.799923
0.799692
0.799306
0.798768
0.798076
0.797231
0.796234
0.795085
0.793784
0.792333
0.790731
0.788979
0.787079
0.785031
0.782835
0.780493
0.778007
0.775377
0.772604
0.76969
0.766635
0.763443
0.760115
0.75665
0.75305
0.749316
0.745449
0.74145
0.737322
0.733066
0.728683
0.724174
0.719541
0.714785
0.709908
0.704911
0.699796
0.694566
0.689223
0.683768
0.678203
0.67253
0.666753
0.660874
0.654895
0.64882
0.642649
0.636387
0.630035
0.623597
0.617076
0.610475
0.603799
0.59705
0.590231
0.583348
0.576402
0.569398
0.56234
0.555231
0.548075
0.540876
0.533639
0.526368
0.519067
0.51174
0.504393
0.497028
0.489652
0.482269
0.474883
0.467499
0.460122
0.452757
0.445408
0.438081
0.43078
0.42351
0.416276
0.409082
0.401935
0.394839
0.387798
0.380818
0.373903
0.367058
0.360288
0.353597
0.34699
0.340473
0.334048
0.32772
0.321493
0.315372
0.30936
0.303461
0.29768
0.292019
0.286482
0.281073
0.275795
0.270651
0.265643
0.260774
0.256048
0.251465
0.24703
0.242742
0.238605
0.234619
0.230787
0.22711
0.223588
0.220223
0.217016
0.213966
0.211074
0.20834
0.205765
0.203347
0.201087
0.198984
0.197036
0.195244
0.193606
0.192121
0.190788
0.189604
0.188569
0.18768
0.186935
0.186332
0.18587
0.185545
0.185355
0.185298
0.185371
0.185571
0.185895
0.186341
0.186905
0.187584
0.188376
0.189276
0.190283
0.191392
0.1926
0.193904
0.195301
0.196787
0.198358
0.200013
0.201746
0.203555
0.205436
0.207386
0.209402
0.21148
0.213617
0.21581
0.218055
0.220349
0.22269
0.225073
0.227497
0.229958
0.232454
0.23498
0.237535
0.240114
0.242716
0.245337
0.247975
0.250627
0.253291
0.255964
0.258643
0.261327
0.264013
0.266699
0.269383
0.272062
0.274734
0.277398
0.280052
0.282692
0.285319
0.28793
0.290524
0.293098
0.295652
0.298183
0.300691
0.303173
0.305629
0.308057
0.310456
0.312826
0.315164
0.317471
0.319743
0.321982
0.324185
0.326352
0.328482
0.330574
0.332627
0.334641
0.336614
0.338547
0.34044
0.34229
0.344099
0.345864
0.347586
0.349264
0.350897
0.352486
0.35403
0.355528
0.356981
0.358389
0.359751
0.361066
0.362336
0.36356
0.364737
0.365869
0.366955
0.367994
0.368987
0.369935
0.370837
0.371693
0.372503
0.373268
0.373988
0.374663
0.375292
0.375878
0.376419
0.376917
0.377372
0.377785
0.378156
0.378485
0.378773
0.379022
0.379233
0.379404
0.379537
0.379633
0.379692
0.379715
0.379703
0.379658
0.37958
0.379469
0.379326
0.379154
0.378953
0.378725
0.378469
0.378188
0.377882
0.377552
0.3772
0.376826
0.376432
0.376019
0.375588
0.375141
0.374679
0.374203
0.373715
0.373216
0.372707
0.37219
0.371665
0.371135
0.370601
0.370065
0.369526
0.368988
0.368452
0.367919
0.36739
0.366867
0.366351
0.365845
0.365348
0.364863
0.36439
0.363931
0.363486
0.363057
0.362645
0.362252
0.361877
0.361522
0.361189
0.360879
0.360591
0.360328
0.36009
0.359878
0.359692
0.359534
0.359403
0.359302
0.359231
0.35919
0.359179
0.359199
0.359251
0.359333
0.359448
0.359594
0.359773
0.359985
0.36023
0.360507
0.360816
0.361157
0.361531
0.361937
0.362375
0.362843
0.363343
0.363874
0.364435
0.365027
0.365648
0.366299
0.366978
0.367685
0.368419
0.36918
0.369968
0.370781
0.371619
0.37248
0.373365
0.374272
0.3752
0.376148
0.377115
0.3781
0.379102
0.38012
0.381153
0.3822
0.38326
0.384332
0.385415
0.386508
0.387611
0.388721
0.389837
0.390959
0.392086
0.393216
0.394349
0.395482
0.396616
0.397749
0.39888
0.400009
0.401135
0.402256
0.40337
0.404478
0.405579
0.406672
0.407755
0.408828
0.409891
0.410942
0.41198
0.413006
0.414018
0.415015
0.415998
0.416964
0.417914
0.418849
0.419768
0.42067
0.421554
0.42242
0.423267
0.424095
0.424905
0.425696
0.426467
0.427219
0.42795
0.428661
0.429352
0.430022
0.430673
0.431304
0.431914
0.432505
0.433075
0.433625
0.434156
0.434667
0.435158
0.43563
0.436083
0.436517
0.436933
0.437331
0.437713
0.438077
0.438424
0.438755
0.43907
0.439369
0.439654
0.439924
0.44018
0.440422
0.440652
0.440869
0.441074
0.441267
0.441451
0.441624
0.441787
0.44194
0.442084
0.44222
0.442348
0.442467
0.442579
0.442684
0.442783
0.442875
0.442963
0.443044
0.44312
0.44319
0.443256
0.443317
0.443372
0.443423
0.44347
0.443513
0.443551
0.443585
0.443614
0.443638
0.443658
0.443674
0.443684
0.44369
0.44369
0.443685
0.443674
0.443657
0.443634
0.443603
0.443566
0.44352
0.443465
0.443403
0.443331
0.44325
0.44316
0.443059
0.442948
0.442826
0.442693
0.442547
0.442389
0.442218
0.442034
0.441837
0.441626
0.4414
0.441159
0.440902
0.440628
0.440339
0.440033
0.439709
0.439368
0.439009
0.438631
0.438236
0.437822
0.437391
0.43694
0.436471
0.435984
0.435478
0.434954
0.434412
0.43385
0.433271
0.432673
0.432058
0.431425
0.430774
0.430107
0.429423
0.428722
0.428006
0.427274
0.426527
0.425767
0.424994
0.424208
0.423411
0.422601
0.42178
0.420949
0.420108
0.419259
0.418402
0.417538
0.416669
0.415795
0.414917
0.414037
0.413155
0.412273
0.411391
0.410511
0.409633
0.40876
0.407891
0.407028
0.406172
0.405324
0.404486
0.403658
0.402842
0.402039
0.401252
0.40048
0.399725
0.398988
0.39827
0.397573
0.396898
0.396246
0.395618
0.395015
0.394438
0.393888
0.393367
0.392875
0.392414
0.391984
0.391586
0.391221
0.39089
0.390595
0.390335
0.390112
0.389927
0.389779
0.38967
0.389601
0.389571
0.389581
0.389632
0.389724
0.389858
0.390034
0.390252
0.390512
0.390814
0.391158
0.391545
0.391973
0.392444
0.392957
0.393511
0.394106
0.394741
0.395417
0.396133
0.39689
0.397686
0.398519
0.39939
0.400298
0.40124
0.402218
0.403229
0.404273
0.405349
0.406456
0.407593
0.408758
0.409951
0.41117
0.412415
0.413684
0.414975
0.416287
0.41762
0.418971
0.420338
0.421721
0.423118
0.424528
0.425949
0.42738
0.428818
0.430263
0.431713
0.433167
0.434624
0.436082
0.437541
0.438998
0.44045
0.441898
0.44334
0.444774
0.4462
0.447616
0.44902
0.450411
0.451787
0.453148
0.454492
0.455818
0.457124
0.458409
0.459673
0.460915
0.462134
0.463328
0.464496
0.465638
0.466752
0.467839
0.468896
0.469923
0.470918
0.471882
0.472814
0.473714
0.474579
0.475412
0.47621
0.476973
0.477701
0.478392
0.479047
0.479664
0.480244
0.480786
0.48129
0.481757
0.482185
0.482574
0.482924
0.483235
0.483506
0.483739
0.483931
0.484085
0.484199
0.484275
0.484312
0.48431
0.484269
0.484189
0.484071
0.483915
0.483722
0.483492
0.483224
0.482919
0.482578
0.482199
0.481785
0.481335
0.480851
0.480332
0.47978
0.479195
0.478577
0.477927
0.477246
0.476535
0.475793
0.475022
0.474222
0.473393
0.472536
0.471652
0.470741
0.469804
0.468842
0.467856
0.466846
0.465813
0.464758
0.463682
0.462585
0.461469
0.460335
0.459183
0.458014
0.45683
0.455631
0.454417
0.45319
0.451951
0.4507
0.449438
0.448166
0.446885
0.445597
0.444302
0.443001
0.441694
0.440384
0.439071
0.437756
0.436439
0.435121
0.433803
0.432486
0.431171
0.429858
0.428548
0.427243
0.425944
0.42465
0.423362
0.42208
0.420806
0.419541
0.418285
0.417039
0.415804
0.414579
0.413367
0.412166
0.410978
0.409803
0.408642
0.407495
0.406364
0.405248
0.404148
0.403065
0.401998
0.400949
0.399917
0.398904
0.397908
0.396932
0.395975
0.395038
0.394121
0.393224
0.392347
0.391491
0.390656
0.389841
0.389047
0.388275
0.387523
0.386793
0.386084
0.385396
0.384729
0.384084
0.38346
0.382858
0.382277
0.381716
0.381176
0.380657
0.380158
0.379679
0.37922
0.378781
0.378362
0.377963
0.377583
0.377222
0.37688
0.376557
0.376251
0.375964
0.375694
0.37544
0.375204
0.374985
0.374782
0.374594
0.374421
0.374263
0.37412
0.373991
0.373877
0.373776
0.373688
0.373613
0.37355
0.373498
0.373459
0.373432
0.373415
0.373408
0.373412
0.373425
0.373448
0.37348
0.37352
0.373568
0.373625
0.373688
0.37376
0.373839
0.373924
0.374017
0.374117
0.374223
0.374335
0.374452
0.374574
0.374701
0.374832
0.374968
0.375108
0.375253
0.375402
0.375555
0.375712
0.375874
0.376039
0.376208
0.376381
0.376557
0.376737
0.37692
0.377107
0.377296
0.377489
0.377685
0.377884
0.378087
0.378292
0.378501
0.378713
0.378928
0.379147
0.379368
0.379592
0.37982
0.380052
0.380287
0.380525
0.380767
0.381012
0.381261
0.381513
0.381768
0.382027
0.382289
0.382554
0.382822
0.383094
0.383368
0.383646
0.383926
0.384209
0.384495
0.384783
0.385074
0.385366
0.385661
0.385958
0.386256
0.386555
0.386856
0.387157
0.38746
0.387763
0.388067
0.388371
0.388677
0.388983
0.389291
0.389599
0.389907
0.390216
0.390524
0.390831
0.391139
0.391446
0.391753
0.39206
0.392366
0.392671
0.392974
0.393276
0.393577
0.393877
0.394175
0.394471
0.394766
0.395059
0.39535
0.395639
0.395928
0.396214
0.396498
0.396781
0.397063
0.397342
0.397618
0.397892
0.398164
0.398434
0.3987
0.398964
0.399225
0.399484
0.39974
0.399993
0.400244
0.400491
0.400736
0.400977
0.401214
0.401447
0.401677
0.401903
0.402125
0.402343
0.402556
0.402765
0.402969
0.403168
0.403362
0.403551
0.403733
0.40391
0.404081
0.404246
0.404404
0.404557
0.404704
0.404845
0.404979
0.405106
0.405226
0.405338
0.405442
0.405538
0.405626
0.405706
0.405778
0.405841
0.405896
0.405941
0.405977
0.406004
0.406022
0.40603
0.406029
0.406018
0.405998
0.405969
0.405931
0.405883
0.405825
0.405757
0.405678
0.40559
0.405491
0.405384
0.405267
0.40514
0.405002
0.404855
0.404697
0.404528
0.40435
0.404163
0.403966
0.403759
0.403543
0.403317
0.403082
0.402839
0.799757
0.799238
0.798607
0.797863
0.797008
0.796041
0.794964
0.793776
0.79248
0.791078
0.789568
0.787952
0.786231
0.784406
0.782478
0.780449
0.778322
0.776097
0.773778
0.771364
0.768857
0.766261
0.763577
0.760806
0.75795
0.755011
0.751992
0.748895
0.745724
0.74248
0.739166
0.735787
0.732343
0.728839
0.725279
0.721664
0.717999
0.714287
0.71053
0.706731
0.702894
0.699024
0.695123
0.691195
0.687245
0.683277
0.679292
0.675296
0.671292
0.667284
0.663276
0.659272
0.655275
0.651291
0.647323
0.643375
0.639451
0.635553
0.631685
0.627853
0.624058
0.620305
0.616597
0.612938
0.609331
0.605781
0.602288
0.598856
0.595488
0.592187
0.588955
0.585795
0.58271
0.5797
0.576768
0.573916
0.571145
0.568457
0.565854
0.563338
0.560908
0.558566
0.556313
0.554148
0.552073
0.550086
0.54819
0.546383
0.544666
0.543039
0.541501
0.540052
0.538691
0.537417
0.536229
0.535127
0.53411
0.533175
0.532324
0.531554
0.530864
0.530253
0.529718
0.529259
0.528873
0.52856
0.528317
0.528145
0.52804
0.528001
0.528026
0.528113
0.52826
0.528466
0.528729
0.529047
0.529419
0.529842
0.530317
0.530842
0.531414
0.532032
0.532694
0.533398
0.534143
0.534927
0.53575
0.536609
0.537501
0.538427
0.539384
0.540371
0.541386
0.542428
0.543496
0.544589
0.545705
0.546843
0.548001
0.549179
0.550375
0.551588
0.552817
0.55406
0.555317
0.556587
0.557868
0.55916
0.560461
0.56177
0.563085
0.564408
0.565737
0.56707
0.568406
0.569744
0.571083
0.572423
0.573762
0.575098
0.576433
0.577763
0.57909
0.580413
0.581729
0.58304
0.584345
0.585642
0.58693
0.588208
0.589476
0.590733
0.591979
0.593213
0.594435
0.595644
0.596839
0.598021
0.599188
0.60034
0.601478
0.6026
0.603706
0.604796
0.605869
0.606925
0.607964
0.608985
0.609989
0.610975
0.611943
0.612893
0.613824
0.614737
0.615631
0.616507
0.617365
0.618204
0.619024
0.619826
0.620608
0.621372
0.622117
0.622843
0.623549
0.624236
0.624904
0.625552
0.626181
0.626791
0.627381
0.627953
0.628506
0.629041
0.629556
0.630055
0.630536
0.630999
0.631445
0.631874
0.632287
0.632684
0.633064
0.633428
0.633775
0.634107
0.634423
0.634723
0.635009
0.63528
0.635537
0.635781
0.636013
0.636234
0.636444
0.636642
0.636829
0.637006
0.637174
0.637333
0.637484
0.637629
0.637766
0.637898
0.638023
0.638143
0.63826
0.638373
0.638486
0.638599
0.638712
0.638822
0.638934
0.639047
0.63916
0.639275
0.639392
0.639512
0.639636
0.639763
0.639894
0.64003
0.640169
0.640313
0.640461
0.640614
0.640772
0.640935
0.641102
0.641274
0.64145
0.641629
0.641811
0.641998
0.642188
0.642379
0.64257
0.642763
0.642957
0.643149
0.643339
0.643526
0.643711
0.643892
0.644066
0.644234
0.644393
0.644543
0.644684
0.644814
0.644931
0.645034
0.645124
0.645198
0.645256
0.645297
0.64532
0.645322
0.645305
0.645267
0.645208
0.645127
0.645025
0.6449
0.644753
0.644583
0.644388
0.64417
0.643929
0.643664
0.643376
0.643066
0.642733
0.642378
0.642
0.6416
0.641181
0.640741
0.640282
0.639804
0.639308
0.638795
0.638266
0.637722
0.637165
0.636597
0.636017
0.635428
0.634831
0.634227
0.633617
0.633004
0.632389
0.631772
0.631156
0.630541
0.62993
0.629323
0.628723
0.628131
0.627547
0.626973
0.626412
0.625863
0.625328
0.62481
0.624308
0.623824
0.623358
0.622913
0.622488
0.622084
0.621703
0.621345
0.62101
0.620698
0.62041
0.620147
0.619909
0.619696
0.619508
0.619344
0.619205
0.619091
0.619001
0.618936
0.618894
0.618877
0.618882
0.61891
0.618959
0.619028
0.619117
0.619226
0.619352
0.619495
0.619652
0.619823
0.620008
0.620204
0.62041
0.620626
0.62085
0.621082
0.621319
0.62156
0.621804
0.62205
0.622296
0.62254
0.622782
0.623019
0.623252
0.623478
0.623697
0.623908
0.62411
0.624301
0.624481
0.624649
0.624803
0.624942
0.625066
0.625174
0.625266
0.625341
0.625399
0.625439
0.62546
0.625462
0.625445
0.625407
0.625351
0.625276
0.625183
0.625071
0.62494
0.624792
0.624625
0.62444
0.624237
0.624017
0.623781
0.623528
0.623259
0.622975
0.622675
0.622361
0.622033
0.621691
0.621335
0.620968
0.620588
0.620197
0.619795
0.619384
0.618965
0.618536
0.6181
0.617657
0.617208
0.616753
0.616293
0.615829
0.615362
0.614892
0.614421
0.613947
0.613474
0.613001
0.612529
0.61206
0.611594
0.611132
0.610674
0.61022
0.609772
0.60933
0.608894
0.608468
0.608051
0.607643
0.607244
0.606856
0.606479
0.606113
0.605759
0.605418
0.605091
0.604777
0.604479
0.604195
0.603928
0.603678
0.603445
0.60323
0.603033
0.602854
0.602693
0.602552
0.602429
0.602326
0.602243
0.602181
0.602139
0.602118
0.602118
0.602138
0.602179
0.602242
0.602326
0.60243
0.602554
0.602698
0.602861
0.603043
0.603244
0.603464
0.603701
0.603954
0.604225
0.604511
0.604812
0.605129
0.60546
0.605803
0.60616
0.606527
0.606905
0.607292
0.607688
0.608092
0.608503
0.60892
0.609342
0.609768
0.610199
0.610632
0.611067
0.611504
0.611941
0.612377
0.612812
0.613245
0.613676
0.614102
0.614523
0.614939
0.615349
0.615753
0.616149
0.616537
0.616917
0.617288
0.61765
0.618003
0.618348
0.618684
0.61901
0.619327
0.619633
0.619929
0.620215
0.62049
0.620755
0.621009
0.621252
0.621486
0.621711
0.621925
0.622129
0.622324
0.622509
0.622686
0.622855
0.623016
0.62317
0.623316
0.623455
0.623588
0.623715
0.623835
0.623951
0.624061
0.624167
0.624269
0.624368
0.624465
0.62456
0.624654
0.624747
0.62484
0.624933
0.625027
0.625123
0.62522
0.62532
0.625423
0.625531
0.625642
0.625758
0.625879
0.626004
0.626136
0.626275
0.62642
0.626572
0.62673
0.626896
0.627068
0.627248
0.627436
0.627632
0.627835
0.628046
0.628265
0.62849
0.628722
0.62896
0.629204
0.629454
0.62971
0.629971
0.630238
0.630509
0.630784
0.631063
0.631346
0.631632
0.631921
0.632211
0.632502
0.632795
0.633088
0.633382
0.633674
0.633964
0.634253
0.634539
0.634822
0.635101
0.635376
0.635645
0.63591
0.636168
0.636419
0.636664
0.636901
0.637128
0.637345
0.637552
0.637748
0.637932
0.638104
0.638263
0.638409
0.638541
0.63866
0.638765
0.638857
0.638933
0.638994
0.639039
0.639069
0.639083
0.639081
0.639062
0.639028
0.638976
0.638907
0.638821
0.638718
0.638597
0.63846
0.638305
0.638133
0.637943
0.637737
0.637514
0.637274
0.637018
0.636745
0.636456
0.636152
0.635833
0.6355
0.635153
0.634792
0.634419
0.634032
0.633633
0.633222
0.6328
0.632367
0.631924
0.631473
0.631012
0.630543
0.630066
0.629584
0.629096
0.628604
0.628108
0.627609
0.627106
0.626602
0.626096
0.62559
0.625083
0.624578
0.624075
0.623575
0.623079
0.622587
0.6221
0.621619
0.621145
0.620678
0.620218
0.619767
0.619324
0.618892
0.618471
0.618061
0.617665
0.617281
0.616909
0.616552
0.616208
0.615879
0.615563
0.615262
0.614978
0.614708
0.614454
0.614216
0.613994
0.613787
0.613597
0.613421
0.613261
0.613116
0.612987
0.612873
0.612773
0.612688
0.612616
0.612558
0.612512
0.612479
0.612458
0.61245
0.612451
0.612464
0.612487
0.612519
0.612559
0.612608
0.612665
0.612729
0.612799
0.612875
0.612955
0.61304
0.61313
0.613224
0.61332
0.613419
0.61352
0.613623
0.613727
0.61383
0.613933
0.614035
0.614136
0.614236
0.614334
0.614431
0.614526
0.614619
0.614708
0.614794
0.614877
0.614957
0.615035
0.61511
0.615183
0.615253
0.615321
0.615386
0.615449
0.61551
0.615568
0.615624
0.615679
0.615735
0.615788
0.615842
0.615895
0.615948
0.616001
0.616056
0.616111
0.616169
0.616228
0.61629
0.616355
0.616423
0.616494
0.61657
0.616651
0.616736
0.616827
0.616925
0.61703
0.617142
0.617262
0.617389
0.617524
0.617667
0.61782
0.617981
0.618151
0.618331
0.618519
0.618717
0.618926
0.619144
0.619372
0.61961
0.619858
0.620117
0.620386
0.620664
0.620952
0.62125
0.621558
0.621873
0.622198
0.622532
0.622874
0.623223
0.62358
0.623943
0.624311
0.624685
0.625064
0.625447
0.625833
0.626221
0.626611
0.627002
0.627393
0.627785
0.628176
0.628563
0.628948
0.629328
0.629704
0.630075
0.630438
0.630794
0.631141
0.63148
0.631809
0.632128
0.632434
0.632727
0.633005
0.633269
0.633517
0.633747
0.63396
0.634154
0.63433
0.634485
0.634619
0.634731
0.634821
0.634888
0.634932
0.634951
0.634946
0.634917
0.634863
0.634783
0.634677
0.634545
0.634385
0.634199
0.633986
0.633743
0.633472
0.633172
0.632843
0.632484
0.632097
0.63168
0.631233
0.630757
0.630251
0.629716
0.629151
0.628556
0.627931
0.627277
0.626593
0.62588
0.625137
0.624364
0.623561
0.622729
0.621867
0.620975
0.620055
0.619106
0.618128
0.617122
0.616087
0.615025
0.613936
0.612819
0.611676
0.610507
0.609311
0.608092
0.606849
0.605583
0.604294
0.602983
0.60165
0.600295
0.598919
0.597522
0.596105
0.59467
0.593216
0.591747
0.590261
0.588759
0.587243
0.585713
0.584172
0.582619
0.581056
0.579484
0.577904
0.576317
0.574726
0.573132
0.571537
0.569941
0.568346
0.566753
0.565166
0.563584
0.562011
0.560447
0.558894
0.557355
0.55583
0.554322
0.552831
0.551361
0.549912
0.548486
0.547085
0.54571
0.544363
0.543045
0.541757
0.540502
0.539281
0.538095
0.536945
0.535834
0.534761
0.533728
0.532735
0.531785
0.530876
0.530012
0.529191
0.528414
0.527682
0.526995
0.526353
0.525758
0.525209
0.524707
0.524253
0.523845
0.523484
0.523169
0.5229
0.522676
0.522499
0.522367
0.52228
0.522237
0.522239
0.522283
0.522371
0.5225
0.522671
0.522882
0.523134
0.523426
0.523758
0.524127
0.524535
0.52498
0.525462
0.525979
0.526531
0.527119
0.52774
0.528395
0.529083
0.529802
0.800398
0.801218
0.801989
0.802712
0.803387
0.804013
0.80459
0.805118
0.805597
0.806028
0.806412
0.806748
0.807039
0.807284
0.807485
0.807644
0.807761
0.807837
0.807873
0.807872
0.807834
0.807761
0.807655
0.807518
0.807351
0.807156
0.806935
0.806691
0.806424
0.806136
0.80583
0.805509
0.805173
0.804826
0.804469
0.804104
0.803735
0.803364
0.802992
0.802622
0.802255
0.801892
0.801537
0.80119
0.800853
0.800528
0.800215
0.799918
0.799636
0.799372
0.799126
0.7989
0.798695
0.798512
0.798352
0.798216
0.798103
0.798014
0.79795
0.797912
0.797898
0.797911
0.79795
0.798014
0.798105
0.798222
0.798364
0.798531
0.798719
0.79893
0.799161
0.799412
0.799683
0.799971
0.800276
0.800596
0.800933
0.801283
0.801646
0.80202
0.802403
0.802792
0.803187
0.803586
0.80399
0.804396
0.804801
0.805203
0.805601
0.805993
0.806377
0.806754
0.807121
0.807476
0.807818
0.808145
0.808456
0.808749
0.809023
0.809277
0.809509
0.809718
0.809905
0.810068
0.810205
0.810314
0.810396
0.810449
0.810473
0.810466
0.810429
0.810361
0.810261
0.81013
0.809966
0.809769
0.809539
0.809276
0.80898
0.808651
0.808289
0.807892
0.807463
0.807
0.806504
0.805975
0.805414
0.804822
0.804198
0.803545
0.802862
0.802149
0.801409
0.800641
0.799846
0.799025
0.798181
0.797316
0.796427
0.795517
0.794586
0.793635
0.792665
0.791677
0.790673
0.789653
0.788619
0.787572
0.786515
0.785447
0.784372
0.783289
0.7822
0.781106
0.780008
0.778906
0.777804
0.7767
0.775599
0.774499
0.773403
0.772311
0.771225
0.770146
0.769074
0.768012
0.76696
0.765919
0.764891
0.763875
0.762874
0.761888
0.760919
0.759966
0.75903
0.758112
0.757214
0.756336
0.755478
0.754641
0.753824
0.753029
0.752255
0.751503
0.750775
0.750068
0.749383
0.748722
0.748083
0.747466
0.74687
0.746295
0.745741
0.745209
0.744697
0.744205
0.743731
0.743276
0.742838
0.742417
0.742012
0.741622
0.741247
0.740887
0.74054
0.740205
0.739881
0.739566
0.739262
0.738965
0.738676
0.738394
0.738117
0.737846
0.737579
0.737315
0.737053
0.736793
0.736533
0.736273
0.736012
0.73575
0.735487
0.73522
0.73495
0.734676
0.734399
0.734117
0.73383
0.733539
0.733242
0.732941
0.732635
0.732324
0.732009
0.731689
0.731365
0.731038
0.730706
0.730371
0.730031
0.72969
0.729346
0.729001
0.728653
0.728304
0.727955
0.727606
0.727258
0.726912
0.726569
0.726229
0.725895
0.725565
0.725242
0.724925
0.724617
0.724317
0.724026
0.723745
0.723474
0.723214
0.722966
0.72273
0.722506
0.722296
0.722099
0.721918
0.721754
0.721606
0.721472
0.721354
0.721252
0.721166
0.721095
0.721041
0.721004
0.720984
0.72098
0.720993
0.721022
0.721066
0.721124
0.721196
0.721282
0.721382
0.721494
0.721619
0.721756
0.721905
0.722063
0.72223
0.722404
0.722586
0.722773
0.722966
0.723163
0.723365
0.723569
0.723775
0.723981
0.724188
0.724393
0.724597
0.724798
0.724995
0.725189
0.725377
0.725559
0.725735
0.725904
0.726065
0.726218
0.726362
0.726497
0.726624
0.726741
0.726848
0.726945
0.727033
0.727111
0.727178
0.727237
0.727287
0.727328
0.727361
0.727388
0.727408
0.727421
0.727428
0.72743
0.727428
0.727423
0.727416
0.727408
0.727402
0.727398
0.727398
0.727402
0.727413
0.727432
0.727462
0.727502
0.727555
0.727621
0.727703
0.727803
0.727921
0.728061
0.728223
0.72841
0.728622
0.728863
0.729134
0.729436
0.729772
0.730142
0.730549
0.730993
0.731476
0.731999
0.732566
0.733175
0.733829
0.734528
0.735273
0.736065
0.736905
0.737792
0.738728
0.739713
0.740746
0.741826
0.742955
0.74413
0.745352
0.746621
0.747934
0.749292
0.750694
0.752139
0.753623
0.755147
0.756707
0.758303
0.759932
0.761591
0.76328
0.764996
0.766736
0.768495
0.770273
0.772067
0.773872
0.775687
0.777507
0.77933
0.781152
0.782971
0.784784
0.786586
0.788376
0.790149
0.791902
0.793632
0.795336
0.797013
0.798659
0.800271
0.801847
0.803383
0.804876
0.806323
0.807723
0.809072
0.810368
0.811609
0.812793
0.813917
0.81498
0.81598
0.816915
0.817785
0.818588
0.819322
0.819986
0.820581
0.821106
0.82156
0.821942
0.822252
0.82249
0.822655
0.822748
0.822768
0.822718
0.822596
0.822404
0.822143
0.821814
0.821417
0.820955
0.820429
0.819841
0.819191
0.81848
0.817711
0.816885
0.816004
0.815072
0.814088
0.813057
0.811982
0.810863
0.809703
0.808504
0.807268
0.805999
0.804698
0.803368
0.802011
0.80063
0.799226
0.797803
0.796362
0.794907
0.793439
0.79196
0.790473
0.78898
0.787482
0.785982
0.784482
0.782984
0.781489
0.78
0.778516
0.777041
0.775574
0.774118
0.772673
0.771241
0.769821
0.768417
0.767028
0.765654
0.764298
0.762958
0.761635
0.760329
0.759041
0.757771
0.756519
0.755284
0.754068
0.75287
0.751691
0.75053
0.749385
0.748257
0.747147
0.746053
0.744977
0.743917
0.742874
0.741847
0.740835
0.73984
0.738861
0.737898
0.736953
0.736024
0.735111
0.734216
0.733337
0.732477
0.731635
0.730811
0.730006
0.72922
0.728453
0.727707
0.726982
0.726279
0.7256
0.724944
0.724313
0.723709
0.723132
0.722584
0.722065
0.721576
0.721119
0.720697
0.720309
0.719957
0.719643
0.719367
0.719131
0.718936
0.718784
0.718677
0.718616
0.7186
0.718633
0.718715
0.718849
0.719036
0.719275
0.719568
0.719916
0.72032
0.720781
0.7213
0.721877
0.722513
0.723207
0.72396
0.724772
0.725644
0.726575
0.727564
0.728612
0.729719
0.730882
0.732103
0.733382
0.734717
0.736109
0.737557
0.739059
0.740615
0.742222
0.743879
0.745582
0.747332
0.749125
0.750962
0.75284
0.754756
0.756709
0.758697
0.760718
0.762771
0.764854
0.766965
0.7691
0.771258
0.773437
0.775635
0.77785
0.780079
0.782321
0.784573
0.786832
0.789097
0.791366
0.793635
0.795903
0.798168
0.800426
0.802675
0.804914
0.807141
0.809354
0.811549
0.813726
0.815882
0.818017
0.820127
0.822211
0.824267
0.826294
0.82829
0.830252
0.832179
0.834067
0.835915
0.837723
0.839488
0.841209
0.842883
0.844511
0.846091
0.847621
0.8491
0.850525
0.851896
0.853211
0.854469
0.855668
0.856807
0.857886
0.858903
0.859858
0.86075
0.861579
0.862342
0.863042
0.863675
0.864241
0.864738
0.865167
0.865526
0.865814
0.866032
0.86618
0.866257
0.866264
0.866199
0.866063
0.865856
0.865577
0.865226
0.864803
0.864307
0.863738
0.863097
0.862385
0.861602
0.860747
0.859822
0.858827
0.857763
0.85663
0.855428
0.854159
0.852823
0.85142
0.849953
0.84842
0.846824
0.845166
0.843446
0.841667
0.839828
0.837932
0.835979
0.833973
0.831914
0.829803
0.827645
0.82544
0.823188
0.820892
0.818554
0.816176
0.813758
0.811303
0.808813
0.80629
0.803737
0.801154
0.798546
0.795914
0.793261
0.790588
0.787899
0.785196
0.782481
0.779755
0.777022
0.774285
0.771545
0.768806
0.76607
0.76334
0.760617
0.757905
0.755206
0.752521
0.749854
0.747207
0.744582
0.741982
0.73941
0.736868
0.73436
0.731886
0.72945
0.727052
0.724696
0.722383
0.720115
0.717896
0.715727
0.713608
0.711543
0.709533
0.707579
0.705683
0.703848
0.702073
0.70036
0.698711
0.697127
0.695609
0.694157
0.692774
0.69146
0.690214
0.689038
0.687931
0.686895
0.685929
0.685033
0.68421
0.683458
0.682777
0.682166
0.681624
0.681153
0.68075
0.680415
0.680147
0.679947
0.679812
0.679743
0.679737
0.679796
0.679917
0.680098
0.68034
0.68064
0.680998
0.681412
0.68188
0.682402
0.682975
0.683598
0.684269
0.684988
0.685753
0.686562
0.687415
0.688309
0.689241
0.690212
0.691219
0.69226
0.693335
0.694441
0.695577
0.696741
0.69793
0.699145
0.700384
0.701645
0.702926
0.704226
0.705542
0.706874
0.70822
0.709578
0.710947
0.712324
0.713708
0.715098
0.716492
0.717888
0.719285
0.720681
0.722075
0.723464
0.724847
0.726223
0.727591
0.728949
0.730295
0.731628
0.732947
0.734249
0.735533
0.736799
0.738045
0.739268
0.740469
0.741644
0.742794
0.743918
0.745014
0.746082
0.747121
0.748129
0.749104
0.750047
0.750955
0.751829
0.752668
0.753472
0.75424
0.754971
0.755663
0.756318
0.756934
0.757511
0.75805
0.758551
0.759014
0.759438
0.759824
0.760171
0.76048
0.760752
0.760987
0.761183
0.761343
0.761467
0.761554
0.761607
0.761625
0.761611
0.761565
0.761486
0.761377
0.761237
0.761069
0.760873
0.76065
0.760401
0.760127
0.75983
0.759511
0.759172
0.758813
0.758436
0.758043
0.757634
0.757213
0.756779
0.756334
0.755879
0.755415
0.754944
0.754468
0.753987
0.753504
0.75302
0.752535
0.752051
0.751571
0.751094
0.750621
0.750154
0.749695
0.749244
0.748803
0.748372
0.747954
0.747548
0.747158
0.746783
0.746424
0.746082
0.745757
0.74545
0.745162
0.744893
0.744645
0.744417
0.744209
0.744023
0.743859
0.743717
0.743596
0.743497
0.743419
0.743363
0.743329
0.743316
0.743323
0.74335
0.743398
0.743465
0.743551
0.743655
0.743776
0.743914
0.744068
0.744237
0.744421
0.744617
0.744826
0.745046
0.745275
0.745514
0.745761
0.746015
0.746275
0.746538
0.746804
0.747072
0.74734
0.747607
0.747872
0.748133
0.748389
0.748639
0.74888
0.749114
0.749337
0.749549
0.749747
0.749931
0.7501
0.750252
0.750388
0.750505
0.750602
0.75068
0.750738
0.750774
0.750789
0.75078
0.750749
0.750694
0.750616
0.750515
0.750389
0.750239
0.750065
0.749868
0.749648
0.749405
0.749139
0.74885
0.748538
0.748206
0.747854
0.747483
0.747093
0.746685
0.74626
0.74582
0.745365
0.744896
0.744415
0.743923
0.743422
0.742913
0.742397
0.741877
0.741354
0.740827
0.7403
0.739774
0.739248
0.738726
0.738208
0.737695
0.737187
0.736688
0.736199
0.73572
0.735253
0.734798
0.734357
0.733932
0.733522
0.733128
0.799727
0.799239
0.798751
0.798263
0.797777
0.797292
0.79681
0.796331
0.795856
0.795386
0.794921
0.794461
0.794007
0.793558
0.793117
0.792682
0.792256
0.791837
0.791427
0.791026
0.790635
0.790254
0.789884
0.789524
0.789177
0.788842
0.78852
0.788211
0.787916
0.787636
0.787373
0.787126
0.786897
0.786687
0.786495
0.786322
0.78617
0.786037
0.785925
0.785835
0.785767
0.785722
0.785701
0.785704
0.785733
0.785787
0.785868
0.785976
0.786109
0.78627
0.786459
0.786675
0.786919
0.78719
0.787489
0.787816
0.788171
0.788555
0.788968
0.789408
0.789878
0.790375
0.7909
0.791451
0.792028
0.792632
0.793262
0.793918
0.794597
0.795301
0.796027
0.796777
0.797549
0.798341
0.799153
0.799986
0.800838
0.801706
0.802591
0.803492
0.804407
0.805336
0.806279
0.807234
0.808201
0.809179
0.810166
0.811163
0.812169
0.813184
0.814204
0.815229
0.816258
0.81729
0.818324
0.81936
0.820397
0.821433
0.822468
0.8235
0.824529
0.825555
0.826575
0.82759
0.828598
0.829598
0.830589
0.831572
0.832543
0.833503
0.83445
0.835384
0.836304
0.837207
0.838093
0.838961
0.83981
0.840639
0.841446
0.84223
0.842991
0.843726
0.844434
0.845114
0.845764
0.846384
0.846972
0.847529
0.848051
0.848538
0.848988
0.849402
0.849777
0.850113
0.850408
0.850661
0.850873
0.851041
0.851166
0.851247
0.851283
0.851272
0.851215
0.851111
0.85096
0.850763
0.850518
0.850226
0.849887
0.849501
0.849067
0.848587
0.84806
0.847487
0.846869
0.846206
0.845499
0.844747
0.84395
0.843109
0.842227
0.841302
0.840336
0.839329
0.838284
0.8372
0.83608
0.834923
0.833731
0.832506
0.83125
0.829963
0.828647
0.827303
0.825932
0.824535
0.823113
0.821668
0.820202
0.818714
0.817209
0.815688
0.814152
0.812603
0.811043
0.809473
0.807896
0.806314
0.804727
0.803139
0.80155
0.799963
0.79838
0.796804
0.795235
0.793677
0.79213
0.790598
0.789083
0.787586
0.786108
0.784653
0.783222
0.781818
0.780441
0.779094
0.77778
0.7765
0.775254
0.774046
0.772876
0.771746
0.770657
0.769611
0.768609
0.767652
0.766742
0.765881
0.765068
0.764305
0.763593
0.762932
0.762324
0.761768
0.761265
0.760816
0.760421
0.760081
0.759795
0.759564
0.759388
0.759268
0.759203
0.759194
0.75924
0.759341
0.759497
0.759709
0.759975
0.760294
0.760665
0.761089
0.761564
0.762091
0.762668
0.763295
0.763969
0.764691
0.765459
0.766273
0.767133
0.768036
0.768981
0.769968
0.770996
0.772063
0.773169
0.774311
0.775488
0.7767
0.777943
0.779218
0.780522
0.781853
0.783211
0.784594
0.786001
0.78743
0.78888
0.790347
0.791832
0.793331
0.794843
0.796368
0.797903
0.799447
0.800997
0.802553
0.804111
0.805672
0.807232
0.80879
0.810344
0.811892
0.813433
0.814963
0.816483
0.817989
0.819479
0.820951
0.822406
0.823841
0.825252
0.826638
0.827998
0.829329
0.83063
0.8319
0.833136
0.834336
0.835498
0.836621
0.837703
0.838742
0.839737
0.840686
0.841587
0.84244
0.843243
0.843994
0.844692
0.845338
0.84593
0.846466
0.846945
0.847365
0.847728
0.848032
0.848276
0.84846
0.848584
0.848648
0.848651
0.848594
0.848476
0.848296
0.848056
0.847757
0.847398
0.846979
0.846502
0.845967
0.845376
0.844729
0.844028
0.843273
0.842466
0.841608
0.8407
0.839742
0.838738
0.837687
0.836592
0.835454
0.834276
0.833057
0.831802
0.83051
0.829183
0.827825
0.826438
0.825022
0.823579
0.822111
0.820621
0.819109
0.817579
0.816031
0.814468
0.81289
0.8113
0.8097
0.808091
0.806474
0.804852
0.803226
0.801597
0.799966
0.798335
0.796705
0.795078
0.793454
0.791835
0.790221
0.788614
0.787015
0.785426
0.783846
0.782277
0.780718
0.779172
0.777638
0.776117
0.77461
0.773117
0.771639
0.770177
0.768731
0.767302
0.76589
0.764495
0.763118
0.761758
0.760416
0.759094
0.757792
0.75651
0.755246
0.754002
0.752776
0.751571
0.750385
0.749221
0.748079
0.746958
0.745858
0.744778
0.743719
0.742682
0.741666
0.740672
0.7397
0.73875
0.737822
0.736917
0.736034
0.735175
0.73434
0.733528
0.732741
0.731977
0.731237
0.730521
0.72983
0.729164
0.728522
0.727906
0.727316
0.726752
0.726214
0.725704
0.725222
0.724768
0.724342
0.723943
0.723573
0.723231
0.722918
0.722634
0.722379
0.722154
0.721959
0.721795
0.721662
0.721559
0.721486
0.721444
0.721432
0.721452
0.721502
0.721583
0.721694
0.721836
0.722008
0.72221
0.722442
0.722704
0.722995
0.723314
0.723661
0.724036
0.724437
0.724864
0.725318
0.725798
0.726301
0.726829
0.72738
0.727952
0.728545
0.729158
0.729788
0.730436
0.731099
0.731777
0.732469
0.733173
0.733888
0.734612
0.735345
0.736085
0.73683
0.737579
0.738332
0.739087
0.739844
0.7406
0.741353
0.742103
0.742848
0.743587
0.744319
0.745042
0.745755
0.746456
0.747146
0.747823
0.748487
0.749136
0.749771
0.750391
0.750994
0.751581
0.752149
0.752701
0.753234
0.753749
0.754246
0.754726
0.755188
0.755633
0.756063
0.756477
0.756877
0.757263
0.757636
0.757997
0.758346
0.758686
0.759017
0.759342
0.759661
0.759977
0.760291
0.760606
0.760923
0.761244
0.761572
0.761909
0.762257
0.762619
0.762997
0.763395
0.763814
0.764258
0.764726
0.765223
0.76575
0.76631
0.766905
0.76754
0.768214
0.768932
0.769693
0.770503
0.771361
0.772271
0.773233
0.77425
0.775324
0.776455
0.777645
0.778896
0.780207
0.78158
0.783016
0.784516
0.78608
0.787707
0.789397
0.791151
0.792967
0.794845
0.796786
0.798787
0.800848
0.802966
0.805139
0.807366
0.809646
0.811976
0.814354
0.816777
0.819243
0.821748
0.824291
0.826868
0.829475
0.832109
0.834767
0.837444
0.840138
0.842844
0.845558
0.848278
0.850999
0.853717
0.856428
0.859128
0.861814
0.864481
0.867125
0.869742
0.872326
0.874875
0.877385
0.879852
0.882273
0.884644
0.886963
0.889226
0.891429
0.893568
0.895642
0.897649
0.899585
0.901447
0.903233
0.90494
0.906567
0.908111
0.909571
0.910944
0.912231
0.913429
0.914538
0.915558
0.916488
0.917327
0.918076
0.918733
0.919298
0.919771
0.920152
0.920441
0.920639
0.920746
0.920764
0.920693
0.920534
0.920288
0.919956
0.919539
0.919038
0.918454
0.917789
0.917045
0.916221
0.915319
0.91434
0.913287
0.912159
0.91096
0.909691
0.908353
0.906948
0.905477
0.903942
0.902346
0.90069
0.898976
0.897206
0.89538
0.893501
0.891569
0.889589
0.88756
0.885485
0.883367
0.881207
0.879009
0.876773
0.874503
0.872202
0.869871
0.867511
0.865126
0.862719
0.860292
0.857849
0.855391
0.852921
0.850442
0.847957
0.84547
0.842984
0.840503
0.838027
0.835562
0.833108
0.83067
0.828249
0.825851
0.823477
0.82113
0.818813
0.816528
0.814279
0.81207
0.809902
0.807777
0.8057
0.803674
0.801699
0.799778
0.797913
0.796107
0.79436
0.792676
0.791057
0.789502
0.788014
0.786595
0.785245
0.783966
0.782758
0.781622
0.780559
0.779569
0.778652
0.777808
0.777037
0.77634
0.775715
0.775163
0.774682
0.774271
0.77393
0.773657
0.773452
0.773313
0.773238
0.773227
0.773277
0.773387
0.773555
0.773779
0.774057
0.774386
0.774763
0.775187
0.775655
0.776166
0.776715
0.777302
0.777924
0.778579
0.779264
0.779977
0.780716
0.781479
0.782261
0.783061
0.783875
0.784702
0.785539
0.786383
0.787233
0.788085
0.78894
0.789795
0.790646
0.791493
0.792333
0.793164
0.793987
0.794799
0.795599
0.796386
0.797159
0.797917
0.798659
0.799385
0.800093
0.800783
0.801455
0.802109
0.802746
0.803363
0.803961
0.80454
0.805099
0.805638
0.806158
0.806658
0.807139
0.807602
0.808047
0.808474
0.808883
0.809276
0.809653
0.810014
0.810359
0.810691
0.811007
0.81131
0.8116
0.811877
0.81214
0.812391
0.812631
0.81286
0.813079
0.813288
0.813486
0.813674
0.813852
0.814023
0.814185
0.814339
0.814485
0.814624
0.814756
0.814881
0.815001
0.815115
0.815224
0.815329
0.815429
0.815526
0.81562
0.815711
0.8158
0.815886
0.815971
0.816055
0.816136
0.816217
0.816296
0.816376
0.816455
0.816535
0.816616
0.816698
0.816781
0.816865
0.816953
0.817044
0.817138
0.817235
0.817336
0.817443
0.817555
0.817673
0.817796
0.817924
0.818059
0.818199
0.818344
0.818497
0.818656
0.818822
0.818995
0.819175
0.819363
0.819559
0.819762
0.819973
0.820192
0.82042
0.820655
0.820898
0.821148
0.821405
0.82167
0.821942
0.822222
0.822508
0.8228
0.823098
0.823402
0.823712
0.824027
0.824348
0.824674
0.825004
0.825339
0.825679
0.826022
0.826367
0.826714
0.827063
0.827413
0.827763
0.828115
0.828467
0.828818
0.829167
0.829512
0.829855
0.830192
0.830525
0.830853
0.831176
0.831493
0.831803
0.832106
0.832401
0.832688
0.832965
0.833232
0.833489
0.833735
0.833969
0.834192
0.834401
0.834598
0.834783
0.834953
0.83511
0.835252
0.835379
0.835489
0.835582
0.835655
0.835708
0.835742
0.835755
0.835747
0.835718
0.835668
0.835594
0.835496
0.835373
0.835225
0.835052
0.834851
0.834624
0.834368
0.834085
0.833773
0.833431
0.83306
0.832657
0.832225
0.83176
0.831265
0.830736
0.830174
0.829578
0.828949
0.828287
0.827591
0.826862
0.826098
0.8253
0.824468
0.823599
0.822696
0.821758
0.820785
0.819778
0.818738
0.817666
0.816561
0.815422
0.814252
0.81305
0.811818
0.810557
0.809268
0.807952
0.806611
0.805244
0.803854
0.802442
0.801009
0.799557
0.798087
0.796601
0.7951
0.793586
0.792062
0.790527
0.788984
0.787434
0.78588
0.784325
0.782771
0.781218
0.779669
0.778127
0.776593
0.775069
0.773558
0.772063
0.770585
0.769127
0.76769
0.766277
0.76489
0.763531
0.762203
0.760907
0.759644
0.758417
0.757228
0.756079
0.754973
0.753912
0.752895
0.751925
0.751003
0.75013
0.749306
0.748532
0.747809
0.747138
0.74652
