           0           0           0
           1           0           0
           2           0           0
           3           0           0
           4           0           0
           5           0           0
           6           0           0
           7           0           0
           8           0           0
           9           0           0
          10           0           0
          11           0           0
          12           0           0
          13           0           0
          14           0           0
          15           0           0
          16           0           0
          17           0           0
          18           0           0
          19           0           0
          20           0           0
          21           0           0
          22           0           0
          23           0           0
          24           0           0
          25           0           0
          26           0           0
          27           0           0
          28           0           0
          29           0           0
          30           0           0
          31           0           0
          32           0           0
          33           0           0
          34           0           0
          35           0           0
          36           0           0
          37           0           0
          38 0.000110461 0.000109907
          39  0.00458933 0.000908303
          40   0.0590541  0.00341179
          41    0.340149  0.00803947
          42     1.07313   0.0127535
          43     2.33132     0.02261
          44     3.63681   0.0260818
          45     4.55841   0.0259929
          46     4.75313   0.0256241
          47     4.39256   0.0278831
          48     3.61585   0.0286385
          49     2.71334   0.0195802
          50     1.81898    0.017315
          51     1.14969    0.013794
          52    0.677659   0.0109594
          53    0.386419  0.00748449
          54    0.199597  0.00589061
          55   0.0915921  0.00399941
          56   0.0485628  0.00300914
          57   0.0413847  0.00269911
          58   0.0608454  0.00331462
          59     0.11223  0.00431364
          60    0.181269   0.0050097
          61    0.291254  0.00623712
          62    0.466175   0.0073102
          63    0.639062  0.00781199
          64    0.800014   0.0091573
          65    0.917194  0.00952586
          66    0.977393   0.0100102
          67    0.919146  0.00930795
          68    0.780002  0.00847237
          69    0.636925  0.00683722
          70    0.476735  0.00696765
          71    0.328679  0.00488601
          72    0.225684   0.0045463
          73    0.197249  0.00514493
          74    0.274964  0.00618403
          75    0.447845  0.00583355
          76    0.756636  0.00860737
          77     1.19412  0.00876537
          78     1.71846   0.0112966
          79     2.22329    0.011768
          80     2.56073   0.0141651
          81     2.72494   0.0140849
          82     2.53061   0.0159636
          83     2.16741   0.0128247
          84     1.69104  0.00971639
          85     1.20372  0.00956629
          86    0.812998  0.00754016
          87      0.5514  0.00704148
          88    0.454084  0.00685748
          89    0.486482  0.00619463
          90    0.596143  0.00578687
          91    0.757532  0.00545712
          92    0.904596  0.00563436
          93    0.999808  0.00774264
          94    0.998258  0.00675654
          95    0.903982  0.00699509
          96    0.780289   0.0052457
          97    0.654031  0.00462953
          98    0.583707  0.00646543
          99    0.587732  0.00541824
