17.3205
17.5686
16.5983
16.6025
15.9169
14.8574
15.7116
14.9311
14.5866
13.7266
13.3092
12.3487
12.3487
12.3487
11.2569
11.2569
11.0171
11.0171
11.0171
11.6531
11.5185
11.5185
11.7894
12.417
12.2501
11.3688
11.1091
10.9194
10.9194
10.9194
10.9194
10.9194
10.5366
10.1401
10.1401
10.8419
10.97
10.97
10.0764
9.40052
9.95022
8.87586
9.4337
9.37811
8.61051
8.21863
7.95694
7.95694
7.97347
7.86644
8.72375
8.72375
8.72375
8.15712
7.83275
8.38047
8.46141
7.62716
7.73773
7.27121
6.90059
6.90059
6.90059
7.24999
7.11105
7.11105
6.15158
5.60466
5.00697
5.47425
4.82959
3.8179
3.8179
3.8179
3.89087
4.13544
4.13544
4.66854
3.66445
3.66445
3.44913
2.81375
2.81739
2.74788
2.80757
2.80757
2.38181
2.38181
2.38181
1.46221
0.499995
0.499995
0.499995
1.38238
0.896103
1.09732
1.09732
1.24191
1.1942
0.936719
