1.3011978 0.0000000
1.3869202 0.0857224
1.3672591 0.0532541
1.4372123 0.0794446
1.4639986 0.0671146
1.4603585 0.0549196
1.4734271 0.0482202
1.4731005 0.0417612
1.5020416 0.0468405
1.4915323 0.0431934
1.5026813 0.0406295
1.4993145 0.0372420
1.4881880 0.0360193
1.4586476 0.0445498
1.4517283 0.0420468
1.4520939 0.0393329
1.4551298 0.0370713
1.4636450 0.0359735
1.4621154 0.0340619
1.4663684 0.0325926
1.4772981 0.0328720
1.4796651 0.0314315
1.4864005 0.0307798
1.4927568 0.0301471
1.4863008 0.0296280
1.4903566 0.0287532
1.4880515 0.0277636
1.4948118 0.0275946
1.4888640 0.0272823
1.4871506 0.0264128
1.4855865 0.0255944
1.4857186 0.0247821
1.4841209 0.0240724
1.4861018 0.0234375
1.4839570 0.0228589
1.4819734 0.0223032
1.4786509 0.0219450
1.4817970 0.0215902
1.4846775 0.0212257
1.4852744 0.0206968
1.4877874 0.0203416
1.4896341 0.0199370
1.4881731 0.0195226
1.4861060 0.0191854
1.4872936 0.0187918
1.4907145 0.0186944
1.4961591 0.0190854
1.4918948 0.0191640
1.4955807 0.0191274
1.4972284 0.0188132
1.4972915 0.0184407
1.5009405 0.0184471
1.4995052 0.0181525
1.4962345 0.0181110
1.4969281 0.0177922
1.4984745 0.0175399
1.4985155 0.0172295
1.5020445 0.0172937
1.5000639 0.0171130
1.4993171 0.0168420
1.5010537 0.0166544
1.5035610 0.0165743
1.5018974 0.0163937
1.5028271 0.0161623
1.5043391 0.0159834
1.5032131 0.0157796
1.5011948 0.0156728
1.5011176 0.0154408
1.5013130 0.0152166
1.5053541 0.0155325
1.5038604 0.0153849
1.5017269 0.0153190
1.4994316 0.0152811
1.5011936 0.0151758
1.5014117 0.0149737
1.5028488 0.0148451
1.5019097 0.0146811
1.5038001 0.0146144
1.5045240 0.0144464
1.5078761 0.0146532
1.5065841 0.0145288
1.5050669 0.0144305
1.5040923 0.0142888
1.5006017 0.0145428
1.5018127 0.0144217
1.5028360 0.0142897
1.5027421 0.0141248
1.5002837 0.0141781
1.5016777 0.0140870
1.5036037 0.0140621
1.5023114 0.0139667
1.5008249 0.0138938
1.5007794 0.0137436
1.4999691 0.0136208
1.4995046 0.0134846
1.4991089 0.0133493
1.4981620 0.0132448
1.4975337 0.0131240
1.4959373 0.0130885
1.4986478 0.0132374
