4.2731821 0.0000000
4.5279670 0.2547849
4.5762979 0.1548364
4.6994463 0.1647808
4.8482453 0.1960428
4.8661151 0.1610626
4.9021342 0.1408076
4.9699744 0.1395435
5.0279188 0.1360248
4.9739094 0.1331135
4.9926527 0.1218558
5.0025372 0.1116770
4.9924399 0.1032229
4.9532276 0.1032978
4.9516824 0.0961775
4.9700060 0.0918128
4.9641008 0.0864451
4.9396631 0.0850861
4.9313724 0.0809093
4.9273284 0.0768637
4.9458791 0.0754287
4.9477233 0.0719421
4.9737921 0.0735200
4.9799420 0.0706582
4.9717690 0.0682640
4.9720442 0.0655865
4.9740826 0.0631436
4.9788631 0.0610342
4.9679007 0.0599035
4.9625018 0.0581236
4.9510530 0.0573713
4.9470130 0.0556963
4.9447606 0.0540291
4.9533875 0.0531211
4.9512343 0.0516259
4.9573108 0.0505380
4.9489009 0.0498674
4.9509938 0.0485825
4.9515817 0.0473240
4.9628698 0.0474869
4.9563354 0.0467729
4.9654584 0.0465485
4.9701809 0.0456977
4.9716524 0.0446713
4.9667952 0.0439366
4.9687949 0.0430174
4.9756161 0.0426413
4.9648305 0.0431143
4.9696411 0.0424984
4.9714606 0.0416795
4.9810895 0.0419735
4.9919318 0.0425625
4.9890025 0.0418544
4.9793051 0.0422013
4.9828111 0.0415749
4.9882726 0.0411895
4.9892736 0.0404728
4.9999957 0.0411889
4.9992455 0.0404917
4.9935358 0.0402185
4.9981035 0.0398165
4.9921953 0.0396121
4.9873730 0.0392755
4.9949171 0.0393862
4.9928707 0.0388295
4.9999694 0.0388900
4.9976971 0.0383725
4.9960798 0.0378385
5.0013985 0.0376636
5.0098349 0.0380682
5.0081521 0.0375659
5.0019472 0.0375566
4.9955791 0.0375820
4.9932776 0.0371420
5.0028369 0.0378698
5.0081231 0.0377402
5.0023019 0.0376990
5.0051881 0.0373243
4.9984310 0.0374632
5.0012477 0.0370991
4.9993325 0.0366882
4.9962636 0.0363677
4.9987300 0.0360115
4.9945000 0.0358307
5.0007660 0.0359569
5.0061228 0.0359378
5.0083091 0.0355895
5.0005804 0.0360217
5.0056694 0.0359764
5.0126321 0.0362494
5.0075796 0.0362031
5.0035328 0.0360354
4.9983682 0.0360180
4.9946885 0.0358222
4.9945714 0.0354434
4.9907640 0.0352783
4.9929866 0.0349833
4.9913009 0.0346655
4.9840600 0.0350693
4.9874823 0.0348851
