1.0028692 0.0000000
1.0025218 0.0003475
1.0029743 0.0004950
1.0017046 0.0013170
1.0010375 0.0012189
1.0004542 0.0011536
1.0016577 0.0015489
1.0018625 0.0013569
1.0016108 0.0012228
1.0005392 0.0015312
1.0000050 0.0014845
1.0000859 0.0013576
1.0002526 0.0012599
1.0001611 0.0011700
1.0000648 0.0010934
1.0009683 0.0013647
1.0009027 0.0012836
1.0009355 0.0012106
1.0011135 0.0011589
1.0010292 0.0011027
1.0009970 0.0010493
1.0011756 0.0010163
1.0008579 0.0010218
1.0006293 0.0010046
1.0006656 0.0009643
1.0002631 0.0010101
1.0001929 0.0009745
1.0001115 0.0009426
1.0000958 0.0009096
1.0000731 0.0008791
0.9999284 0.0008625
0.9998719 0.0008370
0.9998885 0.0008114
0.9998821 0.0007872
1.0001074 0.0007969
1.0001545 0.0007759
1.0001902 0.0007554
1.0002639 0.0007390
1.0002078 0.0007220
1.0002410 0.0007045
1.0004031 0.0007059
1.0005296 0.0007004
1.0006106 0.0006887
1.0005662 0.0006744
1.0004601 0.0006677
1.0005189 0.0006557
1.0005413 0.0006420
1.0006025 0.0006314
1.0005432 0.0006212
1.0007170 0.0006330
1.0007171 0.0006205
1.0006655 0.0006106
1.0006032 0.0006022
1.0006551 0.0005932
1.0006131 0.0005839
1.0005943 0.0005737
1.0007331 0.0005803
1.0008579 0.0005837
1.0008711 0.0005739
1.0008711 0.0005643
1.0009348 0.0005586
1.0010448 0.0005604
1.0010726 0.0005521
1.0010455 0.0005441
1.0010823 0.0005369
1.0011229 0.0005303
1.0011749 0.0005249
1.0010347 0.0005358
1.0009729 0.0005316
1.0009551 0.0005242
1.0009504 0.0005168
1.0007580 0.0005447
1.0007358 0.0005376
1.0007369 0.0005303
1.0007502 0.0005234
1.0006952 0.0005194
1.0007177 0.0005131
1.0007769 0.0005099
1.0007878 0.0005035
1.0008697 0.0005039
1.0008371 0.0004987
1.0007239 0.0005054
1.0007135 0.0004994
1.0006319 0.0005001
1.0005712 0.0004979
1.0005532 0.0004924
1.0006145 0.0004906
1.0006388 0.0004856
1.0006179 0.0004805
1.0006285 0.0004753
1.0006604 0.0004711
1.0006134 0.0004683
1.0006406 0.0004641
1.0006277 0.0004593
1.0005899 0.0004560
1.0005883 0.0004512
1.0006564 0.0004517
1.0005839 0.0004529
1.0006787 0.0004582
1.0006556 0.0004542
