0.9889773 0.0000000
0.9885918 0.0003855
0.9878560 0.0007687
0.9921053 0.0042839
0.9947083 0.0042174
0.9966059 0.0039317
0.9921953 0.0055222
0.9920133 0.0047859
0.9937764 0.0045742
0.9979386 0.0058362
0.9995355 0.0055153
0.9992167 0.0050449
0.9984903 0.0046971
0.9989448 0.0043724
0.9989403 0.0040704
0.9956523 0.0050307
0.9960180 0.0047397
0.9959134 0.0044698
0.9951061 0.0043044
0.9955509 0.0041077
0.9958943 0.0039223
0.9955687 0.0037539
0.9966329 0.0037415
0.9974480 0.0036738
0.9972885 0.0035274
0.9986983 0.0036705
0.9989506 0.0035409
0.9991834 0.0034201
0.9992677 0.0033011
0.9994410 0.0031939
0.9999754 0.0031350
1.0000994 0.0030380
1.0001293 0.0029446
1.0001284 0.0028567
0.9991921 0.0029277
0.9991027 0.0028466
0.9990018 0.0027704
0.9987473 0.0027085
0.9989883 0.0026491
0.9988448 0.0025860
0.9983220 0.0025758
0.9978919 0.0025502
0.9975907 0.0025084
0.9976828 0.0024524
0.9980586 0.0024266
0.9979343 0.0023765
0.9979052 0.0023256
0.9975872 0.0022987
0.9977645 0.0022583
0.9971117 0.0023069
0.9971237 0.0022613
0.9972511 0.0022210
0.9974664 0.0021893
0.9972692 0.0021574
0.9974170 0.0021230
0.9974548 0.0020851
0.9968675 0.0021307
0.9963718 0.0021515
0.9962756 0.0021169
0.9963016 0.0020815
0.9961283 0.0020544
0.9956920 0.0020676
0.9955956 0.0020368
0.9956589 0.0020057
0.9955856 0.0019760
0.9954732 0.0019490
0.9952615 0.0019314
0.9957770 0.0019714
0.9959545 0.0019507
0.9960089 0.0019234
0.9960123 0.0018961
0.9967250 0.0020008
0.9968428 0.0019767
0.9968190 0.0019500
0.9967875 0.0019240
0.9970075 0.0019113
0.9969302 0.0018879
0.9967026 0.0018773
0.9966887 0.0018535
0.9963934 0.0018538
0.9965353 0.0018363
0.9970204 0.0018775
0.9970615 0.0018552
0.9973529 0.0018560
0.9975896 0.0018492
0.9976232 0.0018279
0.9974126 0.0018190
0.9972992 0.0018018
0.9973798 0.0017833
0.9973385 0.0017638
0.9971834 0.0017512
0.9974194 0.0017481
0.9973238 0.0017318
0.9973876 0.0017145
0.9975572 0.0017048
0.9975554 0.0016869
0.9972836 0.0016915
0.9975882 0.0017016
0.9972456 0.0017188
0.9973200 0.0017032
