           0           0           0
           1           0           0
           2           0           0
           3           0           0
           4           0           0
           5           0           0
           6           0           0
           7           0           0
           8           0           0
           9           0           0
          10           0           0
          11           0           0
          12           0           0
          13           0           0
          14           0           0
          15           0           0
          16           0           0
          17           0           0
          18           0           0
          19           0           0
          20           0           0
          21   0.0637487   0.0154504
          22    0.440715   0.0318596
          23      1.2754   0.0603275
          24     1.73789   0.0756371
          25     2.03595   0.0799645
          26     2.10972   0.0756375
          27     2.10225   0.0662674
          28     1.86612   0.0686765
          29     1.69846    0.068536
          30     1.62262   0.0465413
          31     1.41116   0.0566365
          32     1.28343   0.0459695
          33     1.13482   0.0457485
          34     1.16628   0.0441891
          35     1.08551   0.0454611
          36     1.10809   0.0393546
          37    0.982615   0.0427012
          38    0.994892     0.03731
          39    0.921878   0.0358301
          40    0.983309   0.0373846
          41    0.991296   0.0374454
          42     0.92833   0.0331998
          43    0.923813   0.0355842
          44    0.948619   0.0352417
          45    0.923663   0.0346087
          46     0.94829   0.0289923
          47    0.954127   0.0311197
          48    0.965995   0.0293205
          49     0.98051   0.0309512
          50     0.98777   0.0305248
          51     1.06843   0.0310724
          52     1.06437   0.0283748
          53     1.00323   0.0280272
          54     0.99968   0.0270857
          55    0.991393   0.0258175
          56    0.993253   0.0268795
          57      1.0095   0.0245327
          58     1.00899   0.0229757
          59      1.0393   0.0242846
          60     1.07204   0.0210804
          61     1.00588   0.0232417
          62    0.965453   0.0229636
          63    0.954646   0.0232849
          64     1.01084   0.0190803
          65    0.995964   0.0207433
          66    0.971267   0.0221428
          67    0.952875    0.019731
          68    0.953813   0.0206698
          69    0.957872   0.0196972
          70    0.952076   0.0176853
          71    0.984665    0.017806
          72     1.02445   0.0212041
          73       1.019   0.0199104
          74     1.02259   0.0204817
          75    0.981993    0.019545
          76    0.974272   0.0204783
          77    0.964577   0.0183916
          78     1.00391   0.0188129
          79     1.01727   0.0185774
          80    0.989289   0.0187162
          81     1.06877   0.0194395
          82     1.01417    0.020763
          83    0.995131   0.0175808
          84     1.01659   0.0177432
          85    0.996689   0.0153886
          86    0.997166   0.0174465
          87    0.985061   0.0170449
          88    0.981647    0.016331
          89    0.963273    0.015491
          90    0.937907   0.0167272
          91    0.933069   0.0159623
          92    0.935699   0.0157793
          93    0.959151   0.0148347
          94    0.947057   0.0147434
          95    0.929186    0.016603
          96    0.956996   0.0145963
          97    0.981646    0.014179
          98    0.964914   0.0155007
          99    0.979446   0.0142506
         100    0.969813   0.0162458
         101    0.984902   0.0140421
         102     1.00959   0.0127498
         103    0.989168    0.013323
         104     1.00735   0.0130181
         105    0.985795   0.0156024
         106    0.985627   0.0126682
         107     1.00634   0.0151541
         108    0.976214   0.0163014
         109    0.952937    0.014805
         110    0.989589   0.0139688
         111    0.984785    0.013213
         112     1.00204   0.0134431
         113    0.978489   0.0110187
         114    0.995643   0.0110013
         115    0.968695   0.0119819
         116    0.980845    0.012801
         117    0.987492   0.0132048
         118      1.0028   0.0128953
         119    0.995216   0.0135319
         120    0.976057   0.0119883
         121    0.972999   0.0126598
         122    0.985598   0.0120547
         123    0.978015   0.0116217
         124    0.966639   0.0115391
         125     1.00313     0.01081
         126     1.00317   0.0122183
         127    0.975641   0.0127088
         128    0.974573   0.0108094
         129     1.00329   0.0118966
         130     1.01125   0.0103437
         131    0.989582    0.010092
         132     1.00671   0.0115294
         133     1.01458   0.0127063
         134    0.996861   0.0115125
         135     1.00126   0.0107878
         136     1.00149   0.0118388
         137     1.00513   0.0113573
         138    0.990474  0.00989735
         139      1.0035    0.011275
         140    0.978431   0.0109073
         141    0.967149  0.00966538
         142    0.955924  0.00997669
         143    0.945529  0.00985294
         144    0.970244  0.00990346
         145    0.974579  0.00985073
         146    0.960657  0.00860928
         147    0.945392  0.00822079
         148    0.962412  0.00874652
         149    0.987975  0.00791318
