1     1.18834     1.18834           0
2      1.2772     1.23277   0.0314169
3     1.23743     1.23433    0.020983
4     1.27476     1.24443   0.0180085
5       1.179     1.23135    0.018563
6     1.25445      1.2352   0.0158635
7     1.26947     1.24009    0.014333
8      1.2663     1.24337   0.0129102
9     1.27349     1.24672   0.0119015
10      1.1426      1.2363   0.0145705
11      1.2798     1.24026    0.013772
12     1.23193     1.23956   0.0126418
13     1.27937     1.24263   0.0120344
14     1.18895     1.23879   0.0117698
15      1.2335     1.23844   0.0109904
16     1.31155     1.24301   0.0112133
17     1.22803     1.24213   0.0105882
18     1.17473     1.23838   0.0106416
19      1.2134     1.23707   0.0101624
20     1.35462     1.24295    0.011226
21     1.15006     1.23852   0.0115298
22     1.27241     1.24006   0.0111082
23     1.23167      1.2397   0.0106312
24     1.21288     1.23858   0.0102468
25     1.22237     1.23793   0.0098574
26     1.27837     1.23949  0.00960021
27     1.22283     1.23887  0.00926443
28     1.28214     1.24042  0.00906153
29     1.22773     1.23998  0.00875962
30     1.18683     1.23821  0.00864493
31     1.25033      1.2386   0.0083749
32     1.20433     1.23753  0.00818138
33     1.32105     1.24006  0.00831573
34     1.24096     1.24008  0.00807119
35     1.16941     1.23807  0.00808922
36     1.21801     1.23751  0.00788367
37     1.25552       1.238  0.00768562
38     1.19362     1.23683  0.00757157
39     1.20846      1.2361  0.00741229
40      1.2976     1.23764  0.00738472
41     1.25442     1.23805  0.00721594
42     1.29543     1.23941  0.00717229
43     1.14343     1.23718  0.00734462
44     1.21411     1.23666  0.00719638
45     1.21051     1.23608  0.00705988
46      1.2991     1.23745  0.00703808
47     1.25468     1.23781  0.00689789
48     1.35323     1.24022  0.00716102
49     1.14666     1.23831  0.00726493
50     1.18356     1.23721  0.00720168
51      1.1746     1.23598  0.00716437
52     1.27519     1.23674  0.00706615
53     1.32349     1.23838  0.00711989
54     1.26566     1.23888  0.00700595
55     1.18732     1.23794  0.00694101
56     1.23083     1.23782  0.00681822
57     1.16178     1.23648  0.00682785
58     1.24279     1.23659    0.006711
59     1.24182     1.23668  0.00659783
60     1.28422     1.23747  0.00653528
61     1.19372     1.23676  0.00646738
62      1.2572     1.23708  0.00637147
63     1.26448     1.23752  0.00628515
64     1.16641     1.23641   0.0062844
65     1.18853     1.23567  0.00623074
66      1.3328     1.23714  0.00630771
67     1.26479     1.23756  0.00622705
68     1.23892     1.23758  0.00613551
69     1.26324     1.23795  0.00605785
70     1.23026     1.23784   0.0059723
71     1.18296     1.23707  0.00593799
72     1.26679     1.23748  0.00586985
73     1.23015     1.23738   0.0057903
74     1.29857      1.2382   0.0057708
75     1.22892     1.23808  0.00569518
76     1.19116     1.23746  0.00565361
77     1.33713     1.23876  0.00572645
78     1.18089     1.23802  0.00570089
79     1.20925     1.23765  0.00564034
80     1.31953     1.23868  0.00566195
81     1.18554     1.23802  0.00562992
82     1.26899      1.2384  0.00557391
83     1.21297     1.23809  0.00551517
84     1.31284     1.23898  0.00552084
85     1.23514     1.23894  0.00545608
86     1.29111     1.23954  0.00542625
87     1.16254     1.23866  0.00543558
88     1.20968     1.23833  0.00538378
89     1.26842     1.23867  0.00533389
90      1.2566     1.23887  0.00527834
91     1.27769     1.23929  0.00523755
92     1.17171     1.23856  0.00523188
93     1.24063     1.23858  0.00517568
94     1.27838       1.239  0.00513791
95     1.33607     1.24002  0.00518443
96     1.13559     1.23894  0.00524331
97     1.27666     1.23933  0.00520365
98     1.23843     1.23932  0.00515056
99     1.22413     1.23916  0.00510082
100     1.21786     1.23895  0.00505426
