1    -6.57936    -6.57936           0
2    -6.66661    -6.62299   0.0308463
3    -6.63092    -6.62563   0.0206772
4    -6.66216    -6.63476   0.0174087
5     -6.5703    -6.62187   0.0180813
6    -6.64851    -6.62631   0.0156032
7    -6.66141    -6.63132   0.0141568
8    -6.66244    -6.63521   0.0129105
9    -6.66155    -6.63814   0.0118031
10    -6.52961    -6.62729   0.0147937
11    -6.67233    -6.63138   0.0140042
12     -6.6228    -6.63067   0.0128554
13    -6.66775    -6.63352   0.0121789
14    -6.57744    -6.62951   0.0119495
15    -6.62333     -6.6291     0.01116
16    -6.70338    -6.63374   0.0113873
17    -6.61512    -6.63265   0.0107701
18    -6.56213    -6.62873   0.0108608
19    -6.60135    -6.62729   0.0103844
20    -6.74441    -6.63315   0.0113973
21    -6.54031    -6.62872   0.0116805
22     -6.6645    -6.63035   0.0112622
23    -6.61977    -6.62989    0.010782
24    -6.59816    -6.62857   0.0104134
25    -6.60964    -6.62781   0.0100244
26     -6.6656    -6.62926  0.00974362
27    -6.61158    -6.62861  0.00940473
28    -6.67212    -6.63016  0.00919631
29    -6.61635    -6.62969  0.00889152
30    -6.57711    -6.62793  0.00876616
31    -6.64045    -6.62834  0.00849267
32    -6.59831     -6.6274  0.00827897
33    -6.71534    -6.63006  0.00844611
34    -6.62884    -6.63003  0.00819777
35    -6.56129    -6.62807  0.00819543
36    -6.61174    -6.62761  0.00798031
37    -6.64614    -6.62811  0.00778033
38    -6.58184    -6.62689  0.00767029
39    -6.60297    -6.62628  0.00749811
40    -6.68865    -6.62784  0.00747101
41     -6.6472    -6.62831   0.0073037
42     -6.6843    -6.62965  0.00725044
43    -6.53379    -6.62742   0.0074166
44    -6.60597    -6.62693  0.00726404
45    -6.60201    -6.62638  0.00712369
46    -6.69527    -6.62787  0.00712451
47    -6.64735    -6.62829  0.00698497
48    -6.74261    -6.63067  0.00723411
49     -6.5348    -6.62871  0.00734631
50    -6.57375    -6.62761  0.00728118
51     -6.5641    -6.62637  0.00724412
52    -6.66865    -6.62718   0.0071503
53    -6.71812     -6.6289  0.00721832
54    -6.65396    -6.62936  0.00709955
55    -6.57776    -6.62842  0.00703218
56    -6.62155     -6.6283  0.00690768
57    -6.55587    -6.62703  0.00690237
58    -6.63558    -6.62718  0.00678494
59    -6.63421     -6.6273  0.00667098
60    -6.67283    -6.62805  0.00660282
61    -6.58314    -6.62732  0.00653551
62    -6.65034    -6.62769  0.00644064
63    -6.65571    -6.62813  0.00635375
64    -6.55694    -6.62702   0.0063511
65     -6.5805    -6.62631  0.00629359
66    -6.72247    -6.62776  0.00636465
67    -6.65589    -6.62818  0.00628349
68    -6.63134    -6.62823  0.00619125
69    -6.65633    -6.62864  0.00611491
70    -6.61883     -6.6285  0.00602916
71     -6.5738    -6.62773  0.00599326
72    -6.65825    -6.62815    0.005925
73     -6.6229    -6.62808  0.00584427
74    -6.69008    -6.62892  0.00582505
75    -6.62038     -6.6288   0.0057485
76    -6.58333     -6.6282  0.00570391
77    -6.72785     -6.6295  0.00577479
78    -6.57206    -6.62876  0.00574751
79    -6.60306    -6.62844  0.00568396
80    -6.71475    -6.62952  0.00571438
81    -6.57423    -6.62883  0.00568445
82    -6.66369    -6.62926  0.00563101
83    -6.60213    -6.62893  0.00557264
84    -6.70758    -6.62987   0.0055844
85      -6.624     -6.6298  0.00551913
86     -6.6808    -6.63039  0.00548671
87     -6.5528     -6.6295  0.00549566
88    -6.60426    -6.62921  0.00544069
89    -6.66245    -6.62959  0.00539236
90    -6.65021    -6.62982  0.00533731
91    -6.66954    -6.63025  0.00529648
92    -6.56405    -6.62953  0.00528757
93    -6.63133    -6.62955  0.00523075
94    -6.67234    -6.63001  0.00519487
95    -6.72653    -6.63102   0.0052386
96    -6.52566    -6.62993  0.00529775
97    -6.67401    -6.63038  0.00526259
98    -6.63027    -6.63038  0.00520889
99    -6.61616    -6.63024  0.00515826
100     -6.6112    -6.63004  0.00511019
