1    -5.39102    -5.39102           0
2    -5.38941    -5.39021  0.00057066
3    -5.39348     -5.3913  0.00096767
4     -5.3874    -5.39033  0.00111375
5     -5.3913    -5.39052 0.000907919
6    -5.39406    -5.39111 0.000928262
7    -5.39193    -5.39123 0.000803044
8    -5.39614    -5.39184 0.000907586
9    -5.38807    -5.39142 0.000898497
10    -5.38701    -5.39098 0.000910537
11    -5.39254    -5.39112 0.000838635
12    -5.39086     -5.3911  0.00076903
13    -5.38838    -5.39089 0.000737784
14     -5.3885    -5.39072 0.000704683
15    -5.38982    -5.39066 0.000660239
16    -5.39183    -5.39074 0.000623003
17    -5.38708    -5.39052 0.000622298
18    -5.38741    -5.39035 0.000611257
19    -5.38795    -5.39022 0.000592018
20    -5.38979     -5.3902 0.000562814
21    -5.39024     -5.3902 0.000536017
22     -5.3921    -5.39029  0.00051852
23    -5.38811    -5.39019 0.000504564
24    -5.38528    -5.38999 0.000523407
25    -5.38727    -5.38988 0.000513631
26    -5.38723    -5.38978 0.000503913
27    -5.38875    -5.38974 0.000486687
28    -5.38998    -5.38975 0.000469379
29    -5.38862    -5.38971 0.000454797
30    -5.39028    -5.38973 0.000440034
31    -5.39012    -5.38974 0.000426019
32    -5.39398    -5.38987 0.000432803
33    -5.39429    -5.39001 0.000439923
34    -5.38788    -5.38994 0.000431418
35    -5.39188       -5.39 0.000422614
36    -5.39373     -5.3901 0.000423364
37    -5.39062    -5.39012 0.000412153
38    -5.38822    -5.39007 0.000404321
39    -5.39451    -5.39018 0.000409719
40    -5.39105     -5.3902 0.000400049
41    -5.39278    -5.39027 0.000395207
42    -5.38888    -5.39023 0.000387177
43    -5.39036    -5.39024 0.000378184
44    -5.39186    -5.39027 0.000371376
45     -5.3915     -5.3903 0.000364128
46    -5.39617    -5.39043 0.000377903
47    -5.39267    -5.39048 0.000372862
48    -5.38938    -5.39045  0.00036579
49    -5.38813     -5.3904 0.000361379
50    -5.39019     -5.3904 0.000354177
51    -5.38951    -5.39038 0.000347666
52    -5.39346    -5.39044 0.000345991
53    -5.39463    -5.39052 0.000348352
54    -5.38829    -5.39048 0.000344336
55    -5.39044    -5.39048 0.000338076
56    -5.39072    -5.39048 0.000332066
57    -5.39409    -5.39055 0.000332218
58    -5.39278    -5.39059 0.000328722
59    -5.39239    -5.39062 0.000324572
60     -5.3886    -5.39058 0.000320892
61    -5.38941    -5.39056 0.000316204
62    -5.39315     -5.3906 0.000313836
63    -5.39123    -5.39061 0.000309012
64    -5.39054    -5.39061 0.000304186
65    -5.39197    -5.39063 0.000300217
66    -5.38967    -5.39062 0.000296021
67     -5.3911    -5.39063 0.000291688
68    -5.39242    -5.39065 0.000288583
69     -5.3931    -5.39069 0.000286567
70    -5.38857    -5.39066 0.000284072
71    -5.39083    -5.39066 0.000280082
72    -5.39146    -5.39067  0.00027641
73    -5.39275     -5.3907 0.000274081
74    -5.39151    -5.39071 0.000270598
75    -5.39146    -5.39072 0.000267174
76    -5.39217    -5.39074 0.000264338
77    -5.39072    -5.39074 0.000260905
78    -5.39116    -5.39075 0.000257617
79    -5.39382    -5.39078 0.000257272
80    -5.39521    -5.39084 0.000259943
81    -5.38869    -5.39081 0.000258087
82     -5.3947    -5.39086 0.000259264
83    -5.38916    -5.39084 0.000256949
84    -5.39474    -5.39089 0.000258042
85    -5.38886    -5.39086 0.000256102
86    -5.38969    -5.39085 0.000253487
87    -5.39025    -5.39084 0.000250666
88    -5.39459    -5.39088   0.0002514
89    -5.39403    -5.39092 0.000251043
90    -5.39361    -5.39095 0.000250027
91    -5.39185    -5.39096 0.000247476
92    -5.39234    -5.39097 0.000245239
93     -5.3907    -5.39097  0.00024262
94    -5.39395      -5.391 0.000242104
95    -5.39046      -5.391 0.000239624
96    -5.39007    -5.39099 0.000237323
97    -5.39736    -5.39105 0.000243797
98    -5.39183    -5.39106 0.000241439
99    -5.39203    -5.39107   0.0002392
100    -5.39334    -5.39109 0.000237877
