1      10.087      10.087           0
2     9.65187     9.86941    0.153827
3      9.8197     9.85284     0.10344
4     9.60238     9.79023   0.0946526
5     10.1342     9.85902   0.0975718
6     9.72619     9.83688    0.083784
7      9.6444     9.80939   0.0761936
8     9.65046     9.78952   0.0692106
9     9.63463     9.77231   0.0636243
10     10.2993     9.82501   0.0760143
11     9.58077      9.8028   0.0722741
12     9.84437     9.80627   0.0663342
13     9.60742     9.79097   0.0629704
14     10.0455     9.80916   0.0610414
15     9.86211     9.81269    0.057074
16     9.48398     9.79214   0.0570847
17     9.89189     9.79801   0.0540275
18     10.1325     9.81659   0.0541281
19     9.96027     9.82416   0.0518047
20     9.23115     9.79451   0.0570722
21     10.2442     9.81592    0.058233
22     9.62684     9.80732   0.0562167
23      9.8261     9.80814   0.0537784
24     9.95432     9.81423   0.0518814
25     9.89137     9.81732   0.0498978
26     9.62714        9.81   0.0485118
27     9.87944     9.81257   0.0467832
28     9.57434     9.80407   0.0458796
29     9.83175     9.80502   0.0443075
30     10.0359     9.81272   0.0434935
31     9.80147     9.81235    0.042092
32     9.98149     9.81764   0.0411072
33     9.38661     9.80458   0.0418852
34     9.82045     9.80504   0.0406559
35     10.1462     9.81479   0.0406462
36     9.89631     9.81706   0.0395801
37     9.69372     9.81372   0.0386505
38     9.99961     9.81861   0.0379417
39     9.95777     9.82218   0.0371362
40     9.53999     9.81513   0.0368718
41     9.72776       9.813    0.036034
42     9.54998     9.80673   0.0357161
43     10.2915     9.81801   0.0366215
44     9.93825     9.82074    0.035891
45     9.98709     9.82444   0.0352833
46     9.51443      9.8177    0.035154
47     9.72476     9.81572   0.0344616
48     9.26865     9.80432   0.0355784
49     10.3405     9.81527    0.036496
50     10.1064     9.82109   0.0362277
51     10.1153     9.82686   0.0359736
52     9.60573      9.8226   0.0355323
53     9.36283     9.81393   0.0359052
54     9.66339     9.81114   0.0353484
55     10.0616     9.81569   0.0349977
56     9.83881     9.81611   0.0343752
57     10.1637     9.82221   0.0343088
58     9.80328     9.82188   0.0337189
59     9.85494     9.82244    0.033152
60     9.62008     9.81907   0.0327706
61      10.015     9.82228   0.0323904
62     9.72763     9.82075    0.031904
63     9.71116     9.81901   0.0314449
64     10.1933     9.82486   0.0314928
65     10.0736     9.82869   0.0312399
66     9.39866     9.82217   0.0314387
67     9.70238     9.82038   0.0310202
68     9.83217     9.82056   0.0305645
69     9.74535     9.81947    0.030141
70      9.9356     9.82113    0.029756
71     10.1469     9.82572   0.0296886
72     9.71735     9.82421   0.0293143
73     9.89155     9.82513   0.0289273
74     9.52243     9.82104   0.0288241
75     9.86275      9.8216   0.0284452
76     10.0845     9.82506   0.0282804
77     9.39683      9.8195   0.0284547
78     10.1585     9.82384   0.0284199
79     10.0319     9.82648   0.0281819
80     9.44863     9.82175   0.0282226
81     10.1125     9.82534   0.0281015
82     9.63105     9.82297   0.0278585
83     9.92798     9.82424   0.0275516
84     9.45654     9.81986   0.0275691
85     9.83398     9.82003   0.0272453
86     9.56318     9.81704   0.0270916
87     10.1859     9.82128   0.0271099
88     9.94522     9.82269   0.0268384
89     9.66467     9.82091   0.0265955
90     9.73873        9.82   0.0263157
91     9.62825     9.81789   0.0261108
92     10.1219      9.8212   0.0260352
93     9.81908     9.82117   0.0257553
94     9.61017     9.81893   0.0255789
95     9.33505     9.81384   0.0258118
96     10.2386     9.81826   0.0259194
97     9.57241     9.81573   0.0257758
98     9.80678     9.81563   0.0255129
99     9.84716     9.81595   0.0252572
100     9.88148     9.81661   0.0250132
