1    0.792227    0.792227           0
2    0.851468    0.821848   0.0209446
3    0.824955    0.822884   0.0139887
4    0.849841    0.829623   0.0120057
5    0.785997    0.820898   0.0123753
6    0.836299    0.823465   0.0105756
7    0.846314    0.826729  0.00955533
8    0.844198    0.828913  0.00860681
9    0.848991    0.831144  0.00793436
10    0.761731    0.824202  0.00971369
11    0.853199    0.826838  0.00918133
12    0.821288    0.826376  0.00842787
13    0.852911    0.828417  0.00802295
14    0.792632    0.825861   0.0078465
15    0.822335    0.825626  0.00732692
16    0.874369    0.828672  0.00747554
17    0.818689    0.828085  0.00705883
18     0.78315    0.825589  0.00709438
19    0.808935    0.824712  0.00677492
20    0.903079     0.82863  0.00748399
21    0.766709    0.825682  0.00768656
22    0.848272    0.826709  0.00740544
23     0.82111    0.826465  0.00708746
24    0.808588     0.82572  0.00683118
25    0.814913    0.825288   0.0065716
26    0.852249    0.826325  0.00640014
27    0.815223    0.825914  0.00617629
28    0.854761    0.826944  0.00604102
29    0.818488    0.826652  0.00583974
30     0.79122    0.825471  0.00576328
31    0.833554    0.825732  0.00558327
32    0.802885    0.825018  0.00545425
33    0.880699    0.826705  0.00554382
34    0.827309    0.826723  0.00538079
35    0.779608    0.825377  0.00539281
36    0.812009    0.825006  0.00525578
37    0.837014     0.82533  0.00512374
38    0.795745    0.824552  0.00504771
39    0.805637    0.824067  0.00494153
40    0.865066    0.825092  0.00492314
41    0.836281    0.825365  0.00481063
42    0.863617    0.826275  0.00478153
43    0.762288    0.824787  0.00489641
44    0.809408    0.824438  0.00479759
45    0.807007     0.82405  0.00470659
46    0.866065    0.824964  0.00469206
47    0.836456    0.825208  0.00459859
48    0.902152    0.826811  0.00477401
49    0.764443    0.825538  0.00484329
50    0.789038    0.824808  0.00480112
51    0.783064     0.82399  0.00477624
52    0.850126    0.824493  0.00471077
53    0.882329    0.825584  0.00474659
54    0.843776    0.825921  0.00467063
55    0.791547    0.825296  0.00462734
56     0.82055    0.825211  0.00454548
57    0.774521    0.824322   0.0045519
58     0.82853    0.824394    0.004474
59    0.827878    0.824453  0.00439856
60    0.856149    0.824982  0.00435685
61    0.795816    0.824503  0.00431159
62    0.838132    0.824723  0.00424764
63    0.842987    0.825013   0.0041901
64    0.777604    0.824272   0.0041896
65    0.792354    0.823781  0.00415382
66     0.88853    0.824762  0.00420514
67    0.843194    0.825037  0.00415137
68    0.825946    0.825051  0.00409034
69    0.842157    0.825299  0.00403857
70    0.820175    0.825226  0.00398154
71    0.788641     0.82471  0.00395866
72    0.844529    0.824986  0.00391324
73      0.8201    0.824919   0.0038602
74    0.865713     0.82547   0.0038472
75     0.81928    0.825387  0.00379679
76    0.794106    0.824976  0.00376907
77    0.891423    0.825839  0.00381764
78    0.787263    0.825344  0.00380059
79    0.806164    0.825101  0.00376023
80     0.87969    0.825784  0.00377463
81     0.79036    0.825346  0.00375328
82    0.845993    0.825598  0.00371594
83    0.808646    0.825394  0.00367678
84    0.875228    0.825987  0.00368056
85    0.823426    0.825957  0.00363738
86    0.860737    0.826361   0.0036175
87    0.775029    0.825771  0.00362372
88    0.806453    0.825552  0.00358918
89    0.845612    0.825777  0.00355593
90    0.837731     0.82591   0.0035189
91    0.851791    0.826195   0.0034917
92    0.781139    0.825705  0.00348792
93    0.827088     0.82572  0.00345045
94    0.852254    0.826002  0.00342527
95    0.890714    0.826683  0.00345628
96    0.757062    0.825958  0.00349554
97    0.851103    0.826217   0.0034691
98    0.825622    0.826211  0.00343371
99    0.816084    0.826109  0.00340055
100    0.811909    0.825967  0.00336951
