           2     1.35071  0.00526396
       1.985     1.37302  0.00557311
        1.97     1.39387  0.00560056
       1.955     1.41417  0.00590451
        1.94      1.4372  0.00613571
       1.925     1.45939  0.00619558
        1.91     1.48321   0.0065941
       1.895     1.50632  0.00702668
        1.88     1.53247  0.00727532
       1.865     1.55681  0.00740143
        1.85     1.58517  0.00731063
       1.835     1.61056  0.00744603
        1.82     1.63629  0.00756911
       1.805     1.66586  0.00782268
        1.79     1.69371  0.00802166
       1.775     1.72384  0.00812745
        1.76     1.75504  0.00802365
       1.745     1.78705  0.00837278
        1.73     1.81914  0.00832091
       1.715     1.85479  0.00864925
         1.7     1.88928  0.00884056
       1.685     1.93093  0.00904526
        1.67     1.97264  0.00896344
       1.655     2.01076  0.00886007
        1.64     2.05552  0.00958015
       1.625     2.09627  0.00991453
        1.61     2.14031   0.0101164
       1.595     2.18413   0.0104443
        1.58     2.23054   0.0106032
       1.565     2.27878   0.0109391
        1.55     2.33096   0.0115992
       1.535     2.37771    0.011845
        1.52     2.42883   0.0118246
       1.505     2.47694   0.0123724
        1.49     2.53795   0.0128704
       1.475      2.5996   0.0134871
        1.46      2.6672   0.0138336
       1.445     2.73502   0.0132624
        1.43     2.81287   0.0137217
       1.415     2.88094   0.0148932
         1.4      2.9563    0.014951
       1.385     3.03489    0.017158
        1.37     3.11525   0.0180447
       1.355     3.20095      0.0187
        1.34     3.28606   0.0190305
       1.325      3.3831   0.0179914
        1.31      3.4962   0.0206101
       1.295     3.60475   0.0208837
        1.28     3.71041   0.0227329
       1.265     3.81623   0.0225974
        1.25     3.95585    0.023682
       1.235     4.08302   0.0247268
        1.22     4.20196   0.0237571
       1.205     4.34267   0.0252814
        1.19     4.46802   0.0288953
       1.175     4.62169   0.0315153
        1.16     4.79455   0.0334894
       1.145     4.96024   0.0343977
        1.13     5.11657   0.0357013
       1.115     5.32305   0.0392196
         1.1     5.53544   0.0407508
       1.085     5.76765   0.0456217
        1.07     6.00595   0.0492237
       1.055     6.22996   0.0501834
        1.04     6.51216   0.0536642
       1.025     6.75369    0.056209
        1.01     7.05476   0.0623906
       0.995     7.36558   0.0715804
        0.98     7.69171   0.0744475
       0.965     8.02983   0.0770116
        0.95     8.39585   0.0788492
       0.935     8.77501    0.081234
        0.92     9.30675    0.091276
       0.905     9.79633    0.104176
        0.89       10.31    0.124975
       0.875     10.8278    0.149927
        0.86     11.4176    0.152119
       0.845     12.1276    0.166339
        0.83     13.0909    0.172147
       0.815     13.9414    0.179873
         0.8     14.9106    0.201822
       0.785     15.9724    0.224606
        0.77     16.9747     0.22508
       0.755     18.1756    0.243595
        0.74     19.7323     0.29805
       0.725     21.2005    0.348779
        0.71     22.7322    0.386061
       0.695     24.4032    0.428074
        0.68     26.6143    0.498366
       0.665     28.9946     0.54422
        0.65     31.5719     0.60402
       0.635     33.7371    0.695468
        0.62     36.8556    0.727743
       0.605     39.5028    0.894284
        0.59     42.8353     1.07104
       0.575     46.0067     1.28825
        0.56     48.9623     1.34338
       0.545     52.8869     1.49155
        0.53     56.0061     1.75397
       0.515     55.9748     2.31469
         0.5     58.8828     2.82763
