           2   -0.462059 0.000233541
       1.985   -0.465119 0.000222661
        1.97   -0.468136 0.000210626
       1.955   -0.471106 0.000218806
        1.94   -0.474275 0.000213537
       1.925   -0.477302 0.000217397
        1.91   -0.480464 0.000228849
       1.895   -0.483585  0.00022531
        1.88   -0.486846 0.000229481
       1.865    -0.49007 0.000222813
        1.85   -0.493361 0.000215688
       1.835   -0.496656  0.00022227
        1.82    -0.49994 0.000217753
       1.805   -0.503332 0.000217956
        1.79   -0.506811 0.000219145
       1.775   -0.510297 0.000234569
        1.76    -0.51382   0.0002305
       1.745   -0.517436 0.000238233
        1.73   -0.521018 0.000232114
       1.715   -0.524694 0.000240254
         1.7   -0.528405 0.000251509
       1.685   -0.532311 0.000258968
        1.67   -0.536212 0.000243843
       1.655   -0.540114  0.00024994
        1.64   -0.543985 0.000258574
       1.625   -0.548011 0.000246328
        1.61   -0.552018 0.000260614
       1.595   -0.556074 0.000272836
        1.58   -0.560232 0.000278417
       1.565   -0.564429 0.000275609
        1.55   -0.568523 0.000276334
       1.535     -0.5728 0.000285093
        1.52   -0.577012 0.000281197
       1.505   -0.581304 0.000291065
        1.49   -0.585672  0.00027757
       1.475   -0.590126 0.000267254
        1.46   -0.594705 0.000259788
       1.445    -0.59928   0.0002828
        1.43   -0.603979 0.000284572
       1.415   -0.608652 0.000281984
         1.4   -0.613527 0.000284909
       1.385   -0.618246 0.000293004
        1.37   -0.623127 0.000291834
       1.355   -0.628038 0.000312062
        1.34   -0.633077 0.000312966
       1.325   -0.638081 0.000324761
        1.31   -0.643348 0.000332111
       1.295   -0.648616 0.000346025
        1.28   -0.654009 0.000330413
       1.265   -0.659345 0.000310805
        1.25   -0.664946 0.000306896
       1.235   -0.670393  0.00028995
        1.22   -0.675691 0.000296674
       1.205   -0.681191 0.000281004
        1.19   -0.686724 0.000258961
       1.175     -0.6923 0.000241656
        1.16   -0.697813 0.000258096
       1.145   -0.703576 0.000273537
        1.13   -0.709531 0.000285943
       1.115   -0.715443 0.000310821
         1.1   -0.721412  0.00032476
       1.085   -0.727507 0.000313781
        1.07   -0.733465 0.000347853
       1.055   -0.739408 0.000356441
        1.04   -0.745666 0.000375674
       1.025   -0.751569 0.000354892
        1.01   -0.757777  0.00034876
       0.995   -0.763832 0.000329768
        0.98   -0.769979 0.000350439
       0.965   -0.776144 0.000347367
        0.95   -0.782593 0.000363949
       0.935   -0.789144 0.000388868
        0.92   -0.795829 0.000364244
       0.905    -0.80234 0.000412113
        0.89   -0.808712 0.000445437
       0.875   -0.815156 0.000462569
        0.86     -0.8215  0.00046401
       0.845     -0.8281 0.000456425
        0.83   -0.835029 0.000416621
       0.815   -0.841591 0.000442961
         0.8   -0.848182 0.000489431
       0.785   -0.854644 0.000531882
        0.77   -0.861219 0.000522378
       0.755   -0.867621 0.000506155
        0.74   -0.874709 0.000566635
       0.725   -0.881268 0.000634518
        0.71   -0.887683 0.000710205
       0.695   -0.894198 0.000693463
        0.68   -0.900777 0.000783598
       0.665   -0.907425 0.000719611
        0.65   -0.913428 0.000753667
       0.635   -0.919745 0.000708426
        0.62   -0.926958 0.000694993
       0.605   -0.932814 0.000767593
        0.59   -0.939647 0.000901399
       0.575   -0.945401   0.0009378
        0.56   -0.951506 0.000953371
       0.545   -0.956894 0.000977742
        0.53   -0.961927  0.00100999
       0.515   -0.967402  0.00100113
         0.5   -0.972349 0.000930306
