           2    0.197151 0.000461465
       1.985    0.199526 0.000445988
        1.97    0.201715 0.000467391
       1.955    0.203915 0.000454072
        1.94    0.206358 0.000476607
       1.925    0.208703 0.000461554
        1.91    0.211223 0.000479737
       1.895    0.213751 0.000472005
        1.88    0.216401 0.000486709
       1.865    0.218998 0.000507534
        1.85    0.221526 0.000540988
       1.835    0.224086 0.000544397
        1.82    0.226802 0.000537435
       1.805    0.229464 0.000579344
        1.79    0.232294  0.00060163
       1.775    0.235344 0.000575387
        1.76    0.238029 0.000577242
       1.745    0.241124 0.000617473
        1.73    0.244079 0.000631786
       1.715    0.247286 0.000632841
         1.7    0.250216 0.000656251
       1.685    0.253302 0.000617006
        1.67    0.256563  0.00060155
       1.655    0.259847 0.000607318
        1.64    0.262795 0.000626266
       1.625     0.26573 0.000614553
        1.61    0.268866 0.000621533
       1.595    0.271911 0.000610395
        1.58    0.275719 0.000643122
       1.565     0.27888 0.000670656
        1.55    0.282443  0.00066157
       1.535    0.285887 0.000665183
        1.52    0.289331 0.000664965
       1.505    0.293104 0.000690373
        1.49    0.296247 0.000717025
       1.475    0.299576 0.000733788
        1.46    0.303089 0.000802491
       1.445    0.306547 0.000823063
        1.43    0.310652 0.000873763
       1.415    0.313931 0.000851242
         1.4    0.317631  0.00081646
       1.385    0.321352 0.000883745
        1.37    0.325283 0.000898908
       1.355    0.328249   0.0009068
        1.34    0.332511 0.000952537
       1.325    0.336785 0.000999473
        1.31    0.340827  0.00110061
       1.295    0.344936  0.00108566
        1.28    0.349508  0.00108181
       1.265    0.353774  0.00108685
        1.25    0.358242  0.00106398
       1.235    0.362538  0.00104615
        1.22     0.36692  0.00117091
       1.205    0.370712  0.00121221
        1.19    0.374808   0.0012062
       1.175    0.379176  0.00116684
        1.16    0.382058  0.00119974
       1.145    0.386073  0.00123788
        1.13    0.389425  0.00122818
       1.115     0.39246  0.00128618
         1.1     0.39661   0.0011654
       1.085    0.399976  0.00129832
        1.07    0.403877   0.0013443
       1.055    0.406874  0.00139541
        1.04     0.41169  0.00143023
       1.025    0.414119  0.00155575
        1.01    0.417242  0.00140486
       0.995    0.418684  0.00152008
        0.98    0.422663  0.00151645
       0.965     0.42518  0.00169002
        0.95    0.426864  0.00197719
       0.935    0.427526  0.00212365
        0.92    0.431331  0.00194425
       0.905    0.433049  0.00178464
        0.89    0.434834   0.0016394
       0.875    0.435827  0.00195843
        0.86    0.437454   0.0018077
       0.845    0.439029  0.00226521
        0.83    0.438144  0.00251967
       0.815    0.438307  0.00259389
         0.8    0.436434  0.00261125
       0.785    0.436719  0.00276284
        0.77    0.436203  0.00282803
       0.755    0.432901  0.00289149
        0.74    0.433936  0.00333692
       0.725    0.430306  0.00349563
        0.71    0.429354  0.00318419
       0.695    0.426924  0.00369133
        0.68    0.430042  0.00397269
       0.665    0.429191  0.00415447
        0.65    0.424945  0.00378653
       0.635    0.425489  0.00437625
        0.62    0.425634  0.00449609
       0.605    0.418583  0.00435689
        0.59    0.410515  0.00323304
       0.575    0.405495   0.0031636
        0.56    0.398619  0.00345587
       0.545     0.38882  0.00360965
        0.53    0.376757  0.00513325
       0.515    0.355225  0.00664437
         0.5    0.335055  0.00749043
