           2   0.0269708  0.00103061
       1.985   0.0275094  0.00103104
        1.97     0.02781  0.00107402
       1.955   0.0283771  0.00106806
        1.94   0.0289667  0.00106802
       1.925    0.029331  0.00109079
        1.91    0.029869  0.00105745
       1.895   0.0301567  0.00104168
        1.88   0.0309155  0.00103512
       1.865   0.0312946  0.00101944
        1.85   0.0320772  0.00106374
       1.835   0.0323927   0.0010889
        1.82    0.033081  0.00111793
       1.805    0.033695  0.00109734
        1.79   0.0347038  0.00111579
       1.775   0.0350961  0.00111413
        1.76   0.0356257  0.00112635
       1.745   0.0362774  0.00115021
        1.73   0.0370477  0.00116395
       1.715    0.037791  0.00121852
         1.7   0.0386562   0.0012237
       1.685   0.0394958  0.00127948
        1.67   0.0401093  0.00129043
       1.655   0.0409062  0.00133018
        1.64   0.0416611  0.00134124
       1.625   0.0426537  0.00136172
        1.61   0.0434132  0.00137072
       1.595   0.0440274  0.00140121
        1.58   0.0450936  0.00140887
       1.565   0.0455091  0.00142328
        1.55   0.0467455  0.00148449
       1.535   0.0482694  0.00150516
        1.52   0.0493536  0.00145901
       1.505   0.0508563  0.00146476
        1.49   0.0522141  0.00151772
       1.475   0.0533686  0.00151494
        1.46   0.0544846  0.00156295
       1.445   0.0555025  0.00156804
        1.43   0.0566058  0.00157607
       1.415   0.0584293  0.00158582
         1.4   0.0598778  0.00164267
       1.385   0.0614398  0.00165803
        1.37   0.0627691  0.00173408
       1.355   0.0649261  0.00175137
        1.34    0.066319  0.00184602
       1.325   0.0687841  0.00188778
        1.31   0.0698036  0.00199462
       1.295   0.0725146  0.00198901
        1.28    0.074479  0.00205743
       1.265   0.0767832  0.00213035
        1.25   0.0792747  0.00212537
       1.235   0.0817982  0.00224485
        1.22   0.0845702  0.00221807
       1.205   0.0878818  0.00228836
        1.19   0.0911426   0.0023881
       1.175   0.0934286  0.00245967
        1.16   0.0954174   0.0025775
       1.145   0.0983259  0.00266533
        1.13    0.101405  0.00265336
       1.115    0.106799  0.00286135
         1.1    0.111001  0.00293803
       1.085    0.115289  0.00316933
        1.07    0.119144  0.00329407
       1.055     0.12397  0.00327535
        1.04    0.129147  0.00346037
       1.025     0.13577  0.00360153
        1.01    0.142444  0.00363611
       0.995    0.151072  0.00379626
        0.98    0.157187  0.00406489
       0.965    0.165483  0.00444977
        0.95    0.172499  0.00473638
       0.935    0.179785  0.00484372
        0.92    0.186755  0.00480076
       0.905    0.197528   0.0051813
        0.89    0.210376  0.00518551
       0.875    0.222267   0.0057822
        0.86    0.235815  0.00565281
       0.845    0.248083  0.00636903
        0.83    0.257818  0.00614611
       0.815    0.272786  0.00628298
         0.8    0.293408  0.00601906
       0.785    0.305345  0.00685336
        0.77    0.327614  0.00720861
       0.755    0.352957  0.00718784
        0.74    0.379162  0.00799309
       0.725    0.406581  0.00867218
        0.71    0.435844  0.00895501
       0.695    0.466977  0.00913333
        0.68    0.503672  0.00907973
       0.665    0.530627   0.0110815
        0.65    0.565605   0.0108941
       0.635    0.614654   0.0124953
        0.62    0.655373   0.0121354
       0.605    0.687414   0.0132976
        0.59    0.730153   0.0153875
       0.575    0.772141    0.014069
        0.56    0.805497   0.0157534
       0.545    0.835347   0.0147198
        0.53    0.859371   0.0117883
       0.515     0.88615    0.012306
         0.5    0.904322   0.0110444
