           2     1.36118   0.0042926
       1.985     1.38049    0.004574
        1.97     1.39816  0.00432406
       1.955     1.41895  0.00463968
        1.94     1.44716  0.00387086
       1.925     1.47139  0.00465956
        1.91     1.49518  0.00514493
       1.895     1.51172  0.00568411
        1.88     1.54379  0.00395852
       1.865     1.57346  0.00642448
        1.85      1.5979  0.00535085
       1.835     1.62438  0.00550009
        1.82     1.64705  0.00583943
       1.805     1.66966  0.00547295
        1.79     1.70807  0.00660475
       1.775     1.73917  0.00746507
        1.76     1.76724  0.00666924
       1.745     1.80225  0.00642387
        1.73     1.83607  0.00681747
       1.715     1.87685  0.00674318
         1.7     1.91577  0.00720199
       1.685     1.94084   0.0066654
        1.67     1.97232  0.00769913
       1.655     2.01342  0.00825727
        1.64     2.06923  0.00715195
       1.625     2.12468  0.00749761
        1.61     2.15132  0.00823079
       1.595     2.20292  0.00828923
        1.58     2.23813  0.00764818
       1.565     2.29988  0.00898763
        1.55     2.33933  0.00896042
       1.535     2.40541  0.00942977
        1.52     2.45216   0.0105324
       1.505     2.51301   0.0105775
        1.49     2.55353   0.0114332
       1.475     2.63063   0.0111504
        1.46     2.69102   0.0119321
       1.445     2.74533   0.0112704
        1.43     2.84954    0.013744
       1.415     2.88762   0.0114374
         1.4     2.97397   0.0113087
       1.385     3.06007   0.0146329
        1.37     3.14266   0.0147928
       1.355     3.22224    0.014065
        1.34     3.33224   0.0145054
       1.325     3.41243    0.016049
        1.31     3.47615   0.0168803
       1.295     3.58571    0.016646
        1.28     3.70859   0.0167635
       1.265     3.84826   0.0149794
        1.25     3.96704   0.0204159
       1.235     4.10327    0.018081
        1.22     4.19617   0.0234952
       1.205     4.35799   0.0213399
        1.19     4.51089   0.0264278
       1.175     4.69826   0.0246958
        1.16     4.82482   0.0264598
       1.145     4.97574   0.0257534
        1.13     5.19798   0.0259238
       1.115     5.32991    0.025094
         1.1     5.63459   0.0289133
       1.085     5.77609   0.0296509
        1.07     6.00465   0.0375351
       1.055     6.32712   0.0354509
        1.04     6.59568   0.0490194
       1.025     6.86239   0.0486621
        1.01     7.13849   0.0492245
       0.995      7.4423   0.0607503
        0.98     7.96753   0.0552311
       0.965     8.18054   0.0562562
        0.95       8.592   0.0586653
       0.935     9.15418    0.055013
        0.92     9.46938   0.0699505
       0.905     10.0793   0.0847232
        0.89     10.6572   0.0989837
       0.875     11.1382   0.0835851
        0.86     11.9369   0.0934632
       0.845     12.5614    0.101395
        0.83     13.3941    0.130669
       0.815     14.2231    0.101955
         0.8     15.1658    0.129057
       0.785     16.4794    0.133615
        0.77     17.4676    0.159116
       0.755     18.8962    0.184155
        0.74     19.9365    0.169421
       0.725     20.9926    0.221198
        0.71     23.0426    0.275271
       0.695      24.902    0.293143
        0.68     27.0945    0.282008
       0.665     29.3666    0.338055
        0.65     31.6048    0.380125
       0.635     33.6378    0.408306
        0.62     38.6188    0.451924
       0.605     41.2314    0.551511
        0.59      44.876    0.556702
       0.575     48.3006     0.75486
        0.56     53.8088     0.88877
       0.545     56.6179     1.05231
        0.53     60.1833     1.38669
       0.515     63.3459     1.55858
         0.5     67.5874     1.66179
