           2   -0.462208 0.000232149
       1.985   -0.465367 0.000225663
        1.97   -0.468407 0.000209499
       1.955   -0.471006 0.000232349
        1.94   -0.474269 0.000227366
       1.925   -0.477312   0.0002479
        1.91   -0.480269  0.00023022
       1.895   -0.483574 0.000238133
        1.88   -0.486998  0.00020248
       1.865   -0.489935  0.00026702
        1.85   -0.493511 0.000229811
       1.835   -0.496802 0.000222431
        1.82   -0.500134 0.000253028
       1.805   -0.503617 0.000272238
        1.79   -0.506807 0.000262654
       1.775   -0.510589 0.000238756
        1.76   -0.514354 0.000253716
       1.745   -0.517555 0.000294236
        1.73   -0.521012 0.000321154
       1.715   -0.525163 0.000239145
         1.7   -0.529246 0.000246923
       1.685    -0.53289 0.000253673
        1.67   -0.536298 0.000269616
       1.655   -0.540217 0.000237355
        1.64   -0.544385  0.00026008
       1.625   -0.548349 0.000278957
        1.61   -0.552121 0.000321499
       1.595   -0.556384 0.000216606
        1.58   -0.560165 0.000262528
       1.565   -0.564112 0.000270559
        1.55   -0.568224 0.000231152
       1.535   -0.572923 0.000281879
        1.52   -0.577246 0.000262172
       1.505   -0.581479 0.000278276
        1.49    -0.58566 0.000291012
       1.475   -0.590204 0.000286326
        1.46   -0.594992 0.000245814
       1.445   -0.599263 0.000250935
        1.43   -0.603798 0.000310759
       1.415   -0.608353 0.000278565
         1.4   -0.612952 0.000250913
       1.385   -0.618418 0.000233124
        1.37   -0.623364 0.000245476
       1.355    -0.62831 0.000276298
        1.34   -0.633157 0.000293335
       1.325   -0.638435 0.000307678
        1.31   -0.642896 0.000269763
       1.295    -0.64794 0.000294556
        1.28   -0.653137 0.000218233
       1.265   -0.659038 0.000267426
        1.25   -0.664063 0.000339474
       1.235   -0.669811 0.000230976
        1.22   -0.675241 0.000310767
       1.205    -0.68035  0.00032349
        1.19   -0.686445 0.000255229
       1.175   -0.692275 0.000335777
        1.16   -0.697812 0.000299946
       1.145   -0.703098 0.000310189
        1.13   -0.709124 0.000304671
       1.115   -0.714348 0.000311287
         1.1   -0.720825 0.000300955
       1.085   -0.726659 0.000315188
        1.07   -0.732945 0.000326088
       1.055   -0.739256 0.000309011
        1.04   -0.745125 0.000332235
       1.025   -0.750995 0.000375112
        1.01   -0.757435 0.000339096
       0.995   -0.763719 0.000358203
        0.98    -0.77052  0.00033878
       0.965   -0.776304 0.000377696
        0.95   -0.783442  0.00035026
       0.935   -0.789817 0.000383995
        0.92   -0.796042 0.000399296
       0.905   -0.803074  0.00038361
        0.89   -0.809585 0.000392241
       0.875   -0.815232  0.00036479
        0.86   -0.822572 0.000300603
       0.845   -0.828281 0.000326125
        0.83   -0.835116 0.000376474
       0.815   -0.841807  0.00038027
         0.8   -0.848788 0.000377057
       0.785   -0.855913  0.00038784
        0.77   -0.861594 0.000404981
       0.755   -0.869501 0.000376702
        0.74   -0.874632 0.000420478
       0.725   -0.880592 0.000460954
        0.71   -0.887296 0.000535244
       0.695    -0.89414 0.000486549
        0.68   -0.900907 0.000525673
       0.665   -0.907388  0.00051534
        0.65   -0.913044 0.000561413
       0.635   -0.918923 0.000527077
        0.62    -0.92678 0.000626597
       0.605   -0.932529 0.000648964
        0.59    -0.93895 0.000610633
       0.575   -0.945695 0.000751429
        0.56   -0.952616 0.000736173
       0.545   -0.958175 0.000894865
        0.53   -0.963515 0.000890544
       0.515   -0.968921 0.000779688
         0.5    -0.97363 0.000676083
