           2    0.196785 0.000391834
       1.985    0.199126 0.000512513
        1.97    0.201329 0.000443528
       1.955    0.203623 0.000471506
        1.94    0.205541 0.000434284
       1.925    0.208574 0.000456454
        1.91    0.210625 0.000484338
       1.895    0.212004 0.000513931
        1.88    0.216024 0.000494322
       1.865    0.218495 0.000513302
        1.85    0.221567 0.000461204
       1.835    0.224232 0.000468867
        1.82    0.225731  0.00045625
       1.805    0.228833 0.000527853
        1.79     0.23053 0.000436292
       1.775    0.234882 0.000491775
        1.76    0.237698 0.000509949
       1.745    0.239348 0.000413896
        1.73    0.243709  0.00042211
       1.715    0.246244 0.000544011
         1.7    0.249014 0.000611359
       1.685    0.252787 0.000496344
        1.67    0.256155 0.000629431
       1.655    0.257452 0.000574788
        1.64    0.261611 0.000625239
       1.625    0.265103 0.000567417
        1.61    0.268373  0.00065119
       1.595    0.271257 0.000616042
        1.58     0.27437 0.000628912
       1.565    0.279178 0.000616623
        1.55    0.281378 0.000800551
       1.535    0.285566 0.000613232
        1.52    0.288504 0.000685714
       1.505     0.29166 0.000624758
        1.49    0.295689 0.000699668
       1.475    0.299362 0.000713499
        1.46    0.304359 0.000727769
       1.445    0.306867  0.00067115
        1.43    0.310589 0.000903187
       1.415    0.315123 0.000695735
         1.4    0.318243 0.000863374
       1.385    0.322164 0.000869116
        1.37    0.324559 0.000916143
       1.355    0.330514 0.000829735
        1.34    0.333861 0.000964969
       1.325    0.338622  0.00103703
        1.31    0.341407 0.000914666
       1.295    0.344752  0.00089977
        1.28    0.348864 0.000860418
       1.265    0.353924 0.000936246
        1.25    0.357493 0.000853337
       1.235    0.361765 0.000978642
        1.22    0.364134  0.00101732
       1.205    0.372576  0.00103921
        1.19    0.372902  0.00119134
       1.175    0.376814  0.00108473
        1.16     0.37914   0.0011597
       1.145    0.383918    0.001102
        1.13    0.391103  0.00135597
       1.115    0.392111  0.00125955
         1.1    0.397606  0.00121624
       1.085    0.399924  0.00109986
        1.07    0.402681  0.00144696
       1.055    0.406138  0.00126282
        1.04     0.41478  0.00119791
       1.025     0.41427  0.00140284
        1.01    0.418183  0.00142336
       0.995    0.420905  0.00154258
        0.98    0.427227  0.00159358
       0.965    0.426827  0.00175123
        0.95    0.427232  0.00153994
       0.935    0.430042  0.00166424
        0.92    0.433283  0.00152195
       0.905    0.434417  0.00153814
        0.89    0.435904  0.00187681
       0.875    0.439728  0.00242434
        0.86    0.440805  0.00202581
       0.845    0.440074  0.00197833
        0.83    0.440729  0.00203381
       0.815    0.439316  0.00201109
         0.8    0.437376  0.00242135
       0.785    0.442991  0.00208799
        0.77    0.440561  0.00233889
       0.755    0.435428  0.00253615
        0.74    0.438092  0.00289044
       0.725    0.431856  0.00242271
        0.71    0.432206  0.00348943
       0.695    0.430262  0.00340864
        0.68    0.430632  0.00351153
       0.665    0.428278  0.00333065
        0.65    0.427412  0.00335341
       0.635    0.422937  0.00444884
        0.62    0.423849  0.00342785
       0.605    0.423589  0.00401917
        0.59    0.415603    0.003254
       0.575    0.410511   0.0034137
        0.56     0.39799  0.00338138
       0.545    0.388983  0.00397914
        0.53    0.368933  0.00472847
       0.515    0.345387  0.00499869
         0.5    0.325958  0.00504764
