           2   0.0269694 0.000766785
       1.985   0.0288408 0.000830854
        1.97   0.0292214 0.000767748
       1.955   0.0284826  0.00072898
        1.94   0.0291115 0.000657335
       1.925   0.0288248 0.000721969
        1.91   0.0298376 0.000827083
       1.895   0.0299556 0.000762924
        1.88   0.0314478 0.000975389
       1.865   0.0320158 0.000842003
        1.85   0.0325494  0.00096576
       1.835   0.0318945 0.000974319
        1.82   0.0327366 0.000933605
       1.805   0.0325362 0.000927493
        1.79   0.0343682  0.00107573
       1.775   0.0345525  0.00103086
        1.76   0.0353899 0.000852178
       1.745    0.036252 0.000925395
        1.73   0.0346546 0.000865346
       1.715   0.0388766 0.000956329
         1.7   0.0367794 0.000832155
       1.685     0.03898  0.00109004
        1.67   0.0406098   0.0010214
       1.655   0.0410986  0.00114961
        1.64   0.0403947  0.00101882
       1.625   0.0397998  0.00113614
        1.61   0.0431066  0.00107777
       1.595   0.0422942  0.00129366
        1.58   0.0446823  0.00101268
       1.565   0.0449372  0.00094763
        1.55   0.0457309  0.00130143
       1.535   0.0475611  0.00118639
        1.52   0.0490183  0.00105522
       1.505   0.0507556  0.00129747
        1.49   0.0502861  0.00128962
       1.475   0.0512513  0.00118208
        1.46   0.0548914   0.0012559
       1.445   0.0540515  0.00112609
        1.43   0.0561914  0.00138328
       1.415   0.0556862  0.00133102
         1.4   0.0628838  0.00127672
       1.385   0.0640974  0.00126275
        1.37   0.0618099  0.00158359
       1.355   0.0662134  0.00145971
        1.34   0.0678906  0.00142546
       1.325   0.0710446  0.00152206
        1.31   0.0681144  0.00168949
       1.295   0.0727698  0.00163308
        1.28   0.0728175  0.00139333
       1.265   0.0767543  0.00165234
        1.25   0.0796629  0.00158016
       1.235   0.0830376  0.00207997
        1.22   0.0848266  0.00184791
       1.205   0.0860631  0.00190357
        1.19    0.089229  0.00200001
       1.175   0.0900355  0.00199504
        1.16   0.0976226  0.00172189
       1.145    0.100686   0.0019919
        1.13    0.104494  0.00268113
       1.115    0.105957  0.00246205
         1.1    0.111713   0.0027109
       1.085    0.117088  0.00221244
        1.07    0.118752  0.00270357
       1.055    0.125401  0.00246522
        1.04     0.12922   0.0026823
       1.025    0.137635  0.00282065
        1.01     0.14365  0.00300802
       0.995    0.150628  0.00280745
        0.98    0.154693  0.00341087
       0.965     0.16394  0.00315651
        0.95    0.171083  0.00339322
       0.935    0.183752  0.00377302
        0.92      0.1816  0.00362701
       0.905    0.201853  0.00444796
        0.89    0.207456  0.00453048
       0.875    0.228722  0.00403729
        0.86    0.238906  0.00460166
       0.845    0.247593  0.00488362
        0.83    0.257264  0.00583658
       0.815    0.273991  0.00430669
         0.8    0.299616  0.00574148
       0.785    0.319221  0.00668706
        0.77    0.341216  0.00636993
       0.755    0.347272  0.00670036
        0.74    0.389106  0.00738231
       0.725     0.40091  0.00716045
        0.71    0.432866  0.00847259
       0.695    0.444076  0.00862375
        0.68    0.482442   0.0108909
       0.665     0.50461  0.00967462
        0.65    0.564403  0.00904297
       0.635    0.598803  0.00975176
        0.62    0.626807   0.0108141
       0.605    0.629958   0.0123293
        0.59    0.707002   0.0112807
       0.575    0.731178   0.0116377
        0.56    0.771108   0.0119272
       0.545    0.821424   0.0116242
        0.53    0.831292   0.0159985
       0.515    0.871054   0.0128703
         0.5    0.870466   0.0143518
