              0           0.79              0           0.62      -0.442139     0.00113515
              0           0.79              0           0.62      -0.442139     0.00113515
              0           0.79              0           0.62      -0.442139     0.00113515
              0           0.79              0           0.62      -0.442139     0.00113515
              0           0.79              1       0.624914      -0.445017      0.0011507
              0           0.79              2       0.623453      -0.445927     0.00116921
              0           0.79              2       0.623453      -0.445927     0.00116921
              0           0.79              2       0.623453      -0.445927     0.00116921
              0           0.79              2       0.623453      -0.445927     0.00116921
              0           0.79              2       0.623453      -0.445927     0.00116921
              0           0.79              2       0.623453      -0.445927     0.00116921
              0           0.79              2       0.623453      -0.445927     0.00116921
              0           0.79              2       0.623453      -0.445927     0.00116921
              0           0.79              2       0.623453      -0.445927     0.00116921
              0           0.79              2       0.623453      -0.445927     0.00116921
              0           0.79              2       0.623453      -0.445927     0.00116921
              0           0.79              2       0.623453      -0.445927     0.00116921
              0           0.79              2       0.623453      -0.445927     0.00116921
              0           0.79              2       0.623453      -0.445927     0.00116921
              0           0.79              2       0.623453      -0.445927     0.00116921
              0           0.79              2       0.623453      -0.445927     0.00116921
              0           0.79              2       0.623453      -0.445927     0.00116921
              0           0.79              2       0.623453      -0.445927     0.00116921
              0           0.79              2       0.623453      -0.445927     0.00116921
              0           0.79              2       0.623453      -0.445927     0.00116921
              0           0.79              2       0.623453      -0.445927     0.00116921
              0           0.79              2       0.623453      -0.445927     0.00116921
              0           0.79              2       0.623453      -0.445927     0.00116921
              0           0.79              2       0.623453      -0.445927     0.00116921
              0           0.79              2       0.623453      -0.445927     0.00116921
              0           0.79              2       0.623453      -0.445927     0.00116921
              0           0.79              2       0.623453      -0.445927     0.00116921
              0           0.79              2       0.623453      -0.445927     0.00116921
              0           0.79              2       0.623453      -0.445927     0.00116921
              0           0.79              2       0.623453      -0.445927     0.00116921
              0           0.79              2       0.623453      -0.445927     0.00116921
              0           0.79              2       0.623453      -0.445927     0.00116921
              0           0.79              2       0.623453      -0.445927     0.00116921
              0           0.79              2       0.623453      -0.445927     0.00116921
              0           0.79              2       0.623453      -0.445927     0.00116921
              0           0.79              2       0.623453      -0.445927     0.00116921
              0           0.79              2       0.623453      -0.445927     0.00116921
              0           0.79              2       0.623453      -0.445927     0.00116921
              0           0.79              2       0.623453      -0.445927     0.00116921
              0           0.79              2       0.623453      -0.445927     0.00116921
              0           0.79              2       0.623453      -0.445927     0.00116921
              0           0.79              2       0.623453      -0.445927     0.00116921
              0           0.79              2       0.623453      -0.445927     0.00116921
              0           0.79              2       0.623453      -0.445927     0.00116921
              0           0.79              2       0.623453      -0.445927     0.00116921
              0           0.79              2       0.623453      -0.445927     0.00116921
              0           0.79              2       0.623453      -0.445927     0.00116921
              0           0.79              2       0.623453      -0.445927     0.00116921
              0           0.79              2       0.623453      -0.445927     0.00116921
              0           0.79              2       0.623453      -0.445927     0.00116921
              0           0.79              2       0.623453      -0.445927     0.00116921
              0           0.79              2       0.623453      -0.445927     0.00116921
              0           0.79              2       0.623453      -0.445927     0.00116921
              0           0.79              2       0.623453      -0.445927     0.00116921
              0           0.79              2       0.623453      -0.445927     0.00116921
              0           0.79              2       0.623453      -0.445927     0.00116921
              0           0.79              2       0.623453      -0.445927     0.00116921
              0           0.79              2       0.623453      -0.445927     0.00116921
              0           0.79              2       0.623453      -0.445927     0.00116921
              0           0.79              2       0.623453      -0.445927     0.00116921
              0           0.79              2       0.623453      -0.445927     0.00116921
              0           0.79              2       0.623453      -0.445927     0.00116921
              0           0.79              2       0.623453      -0.445927     0.00116921
              0           0.79              2       0.623453      -0.445927     0.00116921
              0           0.79              2       0.623453      -0.445927     0.00116921
              0           0.79              2       0.623453      -0.445927     0.00116921
              0           0.79              2       0.623453      -0.445927     0.00116921
              0           0.79              2       0.623453      -0.445927     0.00116921
              0           0.79              2       0.623453      -0.445927     0.00116921
              0           0.79              2       0.623453      -0.445927     0.00116921
              0           0.79              2       0.623453      -0.445927     0.00116921
              0           0.79              2       0.623453      -0.445927     0.00116921
              0           0.79              2       0.623453      -0.445927     0.00116921
              0           0.79              2       0.623453      -0.445927     0.00116921
              0           0.79              2       0.623453      -0.445927     0.00116921
              0           0.79              2       0.623453      -0.445927     0.00116921
              0           0.79              2       0.623453      -0.445927     0.00116921
              0           0.79              2       0.623453      -0.445927     0.00116921
              0           0.79              2       0.623453      -0.445927     0.00116921
              0           0.79              2       0.623453      -0.445927     0.00116921
              0           0.79              2       0.623453      -0.445927     0.00116921
              0           0.79              2       0.623453      -0.445927     0.00116921
              0           0.79              2       0.623453      -0.445927     0.00116921
              0           0.79              2       0.623453      -0.445927     0.00116921
              0           0.79              2       0.623453      -0.445927     0.00116921
              1       0.796517              2       0.623453      -0.446245     0.00109254
              1       0.796517              2       0.623453      -0.446245     0.00109254
              1       0.796517              2       0.623453      -0.446245     0.00109254
              1       0.796517              2       0.623453      -0.446245     0.00109254
              1       0.796517              2       0.623453      -0.446245     0.00109254
              1       0.796517              2       0.623453      -0.446245     0.00109254
              1       0.796517              2       0.623453      -0.446245     0.00109254
              1       0.796517              2       0.623453      -0.446245     0.00109254
              1       0.796517              2       0.623453      -0.446245     0.00109254
              1       0.796517              2       0.623453      -0.446245     0.00109254
              1       0.796517              2       0.623453      -0.446245     0.00109254
