              0            0.1              0            0.6       0.321037      0.0048627
              0            0.1              0            0.6       0.321037      0.0048627
              0            0.1              0            0.6       0.321037      0.0048627
              1       0.139255              0            0.6       0.289361      0.0047592
              1       0.139255              0            0.6       0.289361      0.0047592
              2       0.213544              0            0.6       0.228761     0.00428391
              3       0.286006              0            0.6       0.146248     0.00396183
              3       0.286006              0            0.6       0.146248     0.00396183
              3       0.286006              0            0.6       0.146248     0.00396183
              3       0.286006              0            0.6       0.146248     0.00396183
              3       0.286006              0            0.6       0.146248     0.00396183
              3       0.286006              1       0.627394      0.0857362     0.00378486
              3       0.286006              1       0.627394      0.0857362     0.00378486
              3       0.286006              1       0.627394      0.0857362     0.00378486
              4       0.314857              1       0.627394      0.0568619     0.00361431
              4       0.314857              1       0.627394      0.0568619     0.00361431
              4       0.314857              1       0.627394      0.0568619     0.00361431
              4       0.314857              1       0.627394      0.0568619     0.00361431
              5       0.344331              1       0.627394      0.0152384     0.00333964
              5       0.344331              2       0.653287     -0.0239288     0.00316525
              5       0.344331              2       0.653287     -0.0239288     0.00316525
              5       0.344331              3        0.65425     -0.0286327     0.00317649
              6       0.403857              3        0.65425     -0.0911654      0.0028902
              6       0.403857              4        0.68047      -0.128027     0.00284925
              7       0.479367              4        0.68047      -0.206213     0.00250079
              7       0.479367              4        0.68047      -0.206213     0.00250079
              7       0.479367              4        0.68047      -0.206213     0.00250079
              8       0.571252              4        0.68047      -0.301537     0.00199013
              8       0.571252              4        0.68047      -0.301537     0.00199013
              8       0.571252              4        0.68047      -0.301537     0.00199013
              9       0.659468              4        0.68047      -0.376886     0.00158775
              9       0.659468              4        0.68047      -0.376886     0.00158775
             10       0.680498              4        0.68047      -0.386945      0.0016806
             10       0.680498              5       0.625416      -0.395819     0.00115478
             11       0.722603              5       0.625416      -0.422981     0.00103206
             11       0.722603              5       0.625416      -0.422981     0.00103206
             11       0.722603              5       0.625416      -0.422981     0.00103206
             11       0.722603              5       0.625416      -0.422981     0.00103206
             11       0.722603              5       0.625416      -0.422981     0.00103206
             11       0.722603              5       0.625416      -0.422981     0.00103206
             11       0.722603              5       0.625416      -0.422981     0.00103206
             12       0.759288              5       0.625416      -0.437906     0.00115924
             12       0.759288              5       0.625416      -0.437906     0.00115924
             12       0.759288              5       0.625416      -0.437906     0.00115924
             13       0.778422              5       0.625416      -0.443682     0.00101039
             13       0.778422              5       0.625416      -0.443682     0.00101039
             13       0.778422              5       0.625416      -0.443682     0.00101039
             13       0.778422              5       0.625416      -0.443682     0.00101039
             13       0.778422              5       0.625416      -0.443682     0.00101039
             13       0.778422              5       0.625416      -0.443682     0.00101039
             13       0.778422              5       0.625416      -0.443682     0.00101039
             13       0.778422              5       0.625416      -0.443682     0.00101039
             13       0.778422              5       0.625416      -0.443682     0.00101039
             13       0.778422              5       0.625416      -0.443682     0.00101039
             13       0.778422              5       0.625416      -0.443682     0.00101039
             13       0.778422              5       0.625416      -0.443682     0.00101039
             13       0.778422              5       0.625416      -0.443682     0.00101039
             13       0.778422              5       0.625416      -0.443682     0.00101039
             13       0.778422              5       0.625416      -0.443682     0.00101039
             13       0.778422              5       0.625416      -0.443682     0.00101039
             13       0.778422              5       0.625416      -0.443682     0.00101039
             13       0.778422              5       0.625416      -0.443682     0.00101039
             13       0.778422              5       0.625416      -0.443682     0.00101039
             13       0.778422              5       0.625416      -0.443682     0.00101039
             13       0.778422              5       0.625416      -0.443682     0.00101039
             13       0.778422              5       0.625416      -0.443682     0.00101039
             13       0.778422              5       0.625416      -0.443682     0.00101039
             13       0.778422              5       0.625416      -0.443682     0.00101039
             13       0.778422              5       0.625416      -0.443682     0.00101039
             13       0.778422              5       0.625416      -0.443682     0.00101039
             13       0.778422              5       0.625416      -0.443682     0.00101039
             13       0.778422              5       0.625416      -0.443682     0.00101039
             13       0.778422              5       0.625416      -0.443682     0.00101039
             13       0.778422              5       0.625416      -0.443682     0.00101039
             13       0.778422              5       0.625416      -0.443682     0.00101039
             13       0.778422              5       0.625416      -0.443682     0.00101039
             13       0.778422              5       0.625416      -0.443682     0.00101039
             13       0.778422              5       0.625416      -0.443682     0.00101039
             13       0.778422              5       0.625416      -0.443682     0.00101039
             14       0.803641              5       0.625416      -0.444004     0.00125606
             14       0.803641              5       0.625416      -0.444004     0.00125606
             14       0.803641              6       0.613224      -0.445413     0.00107257
             14       0.803641              6       0.613224      -0.445413     0.00107257
             14       0.803641              6       0.613224      -0.445413     0.00107257
             14       0.803641              6       0.613224      -0.445413     0.00107257
             14       0.803641              6       0.613224      -0.445413     0.00107257
             14       0.803641              6       0.613224      -0.445413     0.00107257
             14       0.803641              6       0.613224      -0.445413     0.00107257
             14       0.803641              6       0.613224      -0.445413     0.00107257
             14       0.803641              6       0.613224      -0.445413     0.00107257
             14       0.803641              6       0.613224      -0.445413     0.00107257
             14       0.803641              6       0.613224      -0.445413     0.00107257
             14       0.803641              7       0.611988      -0.446114     0.00108773
             14       0.803641              7       0.611988      -0.446114     0.00108773
             14       0.803641              7       0.611988      -0.446114     0.00108773
             14       0.803641              7       0.611988      -0.446114     0.00108773
             14       0.803641              7       0.611988      -0.446114     0.00108773
             14       0.803641              7       0.611988      -0.446114     0.00108773
             14       0.803641              7       0.611988      -0.446114     0.00108773
             14       0.803641              7       0.611988      -0.446114     0.00108773
             14       0.803641              7       0.611988      -0.446114     0.00108773
