              0            1.2              0            0.2        4.80545       0.045241
              0            1.2              1       0.243974        2.84191      0.0285244
              0            1.2              1       0.243974        2.84191      0.0285244
              0            1.2              2       0.280197        1.91962      0.0189051
              0            1.2              2       0.280197        1.91962      0.0189051
              0            1.2              2       0.280197        1.91962      0.0189051
              1        1.13642              2       0.280197        1.81872      0.0182827
              1        1.13642              3       0.378688       0.574245     0.00642215
              1        1.13642              4       0.437149       0.261847      0.0036915
              2        1.05361              4       0.437149       0.152616     0.00409228
              2        1.05361              4       0.437149       0.152616     0.00409228
              2        1.05361              5       0.484538     -0.0350711     0.00285814
              2        1.05361              5       0.484538     -0.0350711     0.00285814
              2        1.05361              5       0.484538     -0.0350711     0.00285814
              2        1.05361              6       0.526191      -0.123466     0.00200794
              2        1.05361              6       0.526191      -0.123466     0.00200794
              2        1.05361              6       0.526191      -0.123466     0.00200794
              3        1.00521              6       0.526191      -0.202912     0.00205064
              4       0.957651              6       0.526191      -0.262853     0.00222259
              4       0.957651              6       0.526191      -0.262853     0.00222259
              4       0.957651              7       0.595945      -0.342778     0.00183994
              4       0.957651              7       0.595945      -0.342778     0.00183994
              4       0.957651              7       0.595945      -0.342778     0.00183994
              4       0.957651              7       0.595945      -0.342778     0.00183994
              4       0.957651              7       0.595945      -0.342778     0.00183994
              5       0.874576              7       0.595945      -0.417952     0.00142453
              5       0.874576              8       0.631567      -0.419195     0.00185173
              6       0.874898              8       0.631567       -0.41949     0.00174448
              6       0.874898              8       0.631567       -0.41949     0.00174448
              6       0.874898              8       0.631567       -0.41949     0.00174448
              6       0.874898              8       0.631567       -0.41949     0.00174448
              7       0.851739              8       0.631567      -0.432492     0.00161763
              7       0.851739              8       0.631567      -0.432492     0.00161763
              7       0.851739              8       0.631567      -0.432492     0.00161763
              7       0.851739              8       0.631567      -0.432492     0.00161763
              7       0.851739              8       0.631567      -0.432492     0.00161763
              8       0.799917              8       0.631567      -0.441111     0.00116663
              8       0.799917              8       0.631567      -0.441111     0.00116663
              8       0.799917              8       0.631567      -0.441111     0.00116663
              8       0.799917              8       0.631567      -0.441111     0.00116663
              8       0.799917              8       0.631567      -0.441111     0.00116663
              8       0.799917              8       0.631567      -0.441111     0.00116663
              8       0.799917              8       0.631567      -0.441111     0.00116663
              8       0.799917              8       0.631567      -0.441111     0.00116663
              8       0.799917              9       0.600707      -0.444343     0.00106101
              8       0.799917              9       0.600707      -0.444343     0.00106101
              8       0.799917              9       0.600707      -0.444343     0.00106101
              8       0.799917              9       0.600707      -0.444343     0.00106101
              8       0.799917              9       0.600707      -0.444343     0.00106101
              8       0.799917              9       0.600707      -0.444343     0.00106101
              8       0.799917              9       0.600707      -0.444343     0.00106101
              8       0.799917              9       0.600707      -0.444343     0.00106101
              8       0.799917              9       0.600707      -0.444343     0.00106101
              8       0.799917              9       0.600707      -0.444343     0.00106101
              8       0.799917              9       0.600707      -0.444343     0.00106101
              8       0.799917              9       0.600707      -0.444343     0.00106101
              8       0.799917              9       0.600707      -0.444343     0.00106101
              8       0.799917              9       0.600707      -0.444343     0.00106101
              8       0.799917              9       0.600707      -0.444343     0.00106101
              8       0.799917              9       0.600707      -0.444343     0.00106101
              8       0.799917              9       0.600707      -0.444343     0.00106101
              8       0.799917              9       0.600707      -0.444343     0.00106101
              8       0.799917              9       0.600707      -0.444343     0.00106101
              8       0.799917              9       0.600707      -0.444343     0.00106101
              8       0.799917              9       0.600707      -0.444343     0.00106101
              8       0.799917              9       0.600707      -0.444343     0.00106101
              8       0.799917              9       0.600707      -0.444343     0.00106101
              8       0.799917              9       0.600707      -0.444343     0.00106101
              8       0.799917              9       0.600707      -0.444343     0.00106101
              8       0.799917              9       0.600707      -0.444343     0.00106101
              8       0.799917              9       0.600707      -0.444343     0.00106101
              8       0.799917              9       0.600707      -0.444343     0.00106101
              8       0.799917              9       0.600707      -0.444343     0.00106101
              8       0.799917              9       0.600707      -0.444343     0.00106101
              8       0.799917              9       0.600707      -0.444343     0.00106101
              8       0.799917              9       0.600707      -0.444343     0.00106101
              8       0.799917              9       0.600707      -0.444343     0.00106101
              8       0.799917              9       0.600707      -0.444343     0.00106101
              8       0.799917              9       0.600707      -0.444343     0.00106101
              8       0.799917              9       0.600707      -0.444343     0.00106101
              8       0.799917              9       0.600707      -0.444343     0.00106101
              8       0.799917              9       0.600707      -0.444343     0.00106101
              8       0.799917              9       0.600707      -0.444343     0.00106101
              8       0.799917              9       0.600707      -0.444343     0.00106101
              8       0.799917              9       0.600707      -0.444343     0.00106101
              8       0.799917              9       0.600707      -0.444343     0.00106101
              8       0.799917              9       0.600707      -0.444343     0.00106101
              8       0.799917              9       0.600707      -0.444343     0.00106101
              8       0.799917              9       0.600707      -0.444343     0.00106101
              8       0.799917              9       0.600707      -0.444343     0.00106101
              8       0.799917              9       0.600707      -0.444343     0.00106101
              8       0.799917              9       0.600707      -0.444343     0.00106101
              8       0.799917              9       0.600707      -0.444343     0.00106101
              8       0.799917              9       0.600707      -0.444343     0.00106101
              8       0.799917              9       0.600707      -0.444343     0.00106101
              8       0.799917              9       0.600707      -0.444343     0.00106101
              8       0.799917              9       0.600707      -0.444343     0.00106101
              8       0.799917             10       0.602525      -0.445291     0.00108212
              8       0.799917             10       0.602525      -0.445291     0.00108212
              8       0.799917             10       0.602525      -0.445291     0.00108212
              8       0.799917             10       0.602525      -0.445291     0.00108212
