              0           0.01              0            2.5         21.748       0.320799
              0           0.01              1        2.42712        18.9802       0.302636
              0           0.01              1        2.42712        18.9802       0.302636
              0           0.01              1        2.42712        18.9802       0.302636
              0           0.01              2        2.38346        17.6093       0.262273
              0           0.01              2        2.38346        17.6093       0.262273
              1      0.0726707              2        2.38346        17.2954       0.251024
              1      0.0726707              3        2.33196        15.2751       0.227486
              1      0.0726707              3        2.33196        15.2751       0.227486
              1      0.0726707              4          2.299        14.4211       0.213808
              1      0.0726707              4          2.299        14.4211       0.213808
              1      0.0726707              4          2.299        14.4211       0.213808
              2      0.0383058              4          2.299        14.1234        0.21722
              2      0.0383058              4          2.299        14.1234        0.21722
              2      0.0383058              4          2.299        14.1234        0.21722
              2      0.0383058              4          2.299        14.1234        0.21722
              2      0.0383058              4          2.299        14.1234        0.21722
              2      0.0383058              4          2.299        14.1234        0.21722
              2      0.0383058              5        2.20091        11.7326       0.180241
              2      0.0383058              5        2.20091        11.7326       0.180241
              2      0.0383058              5        2.20091        11.7326       0.180241
              3     -0.0398974              5        2.20091         11.453       0.168296
              3     -0.0398974              6        2.13634        10.0154       0.157654
              3     -0.0398974              7        2.07742        8.46523        0.12145
              4     -0.0120866              7        2.07742        8.36658       0.121719
              4     -0.0120866              7        2.07742        8.36658       0.121719
              4     -0.0120866              7        2.07742        8.36658       0.121719
              4     -0.0120866              7        2.07742        8.36658       0.121719
              4     -0.0120866              7        2.07742        8.36658       0.121719
              4     -0.0120866              7        2.07742        8.36658       0.121719
              4     -0.0120866              8        2.03109        7.47392       0.116838
              4     -0.0120866              8        2.03109        7.47392       0.116838
              4     -0.0120866              9        1.94257         6.0441      0.0952827
              5     -0.0429845              9        1.94257        6.04004        0.09665
              6     -0.0981029              9        1.94257        5.99759      0.0897592
              7     -0.0617142              9        1.94257        5.91942       0.089355
              8     -0.0303998              9        1.94257         5.8768       0.101048
              8     -0.0303998              9        1.94257         5.8768       0.101048
              8     -0.0303998              9        1.94257         5.8768       0.101048
              8     -0.0303998              9        1.94257         5.8768       0.101048
              8     -0.0303998              9        1.94257         5.8768       0.101048
              8     -0.0303998              9        1.94257         5.8768       0.101048
              8     -0.0303998              9        1.94257         5.8768       0.101048
              8     -0.0303998              9        1.94257         5.8768       0.101048
              8     -0.0303998              9        1.94257         5.8768       0.101048
              8     -0.0303998             10         1.8962        5.11916      0.0842127
              8     -0.0303998             10         1.8962        5.11916      0.0842127
              8     -0.0303998             10         1.8962        5.11916      0.0842127
              8     -0.0303998             10         1.8962        5.11916      0.0842127
              8     -0.0303998             10         1.8962        5.11916      0.0842127
              8     -0.0303998             10         1.8962        5.11916      0.0842127
              9     -0.0298034             10         1.8962        5.09027      0.0851836
              9     -0.0298034             10         1.8962        5.09027      0.0851836
              9     -0.0298034             10         1.8962        5.09027      0.0851836
              9     -0.0298034             11        1.82307        4.30427      0.0696008
             10     -0.0440084             11        1.82307        4.21185      0.0700738
             10     -0.0440084             11        1.82307        4.21185      0.0700738
             10     -0.0440084             11        1.82307        4.21185      0.0700738
             10     -0.0440084             11        1.82307        4.21185      0.0700738
             11     -0.0106762             11        1.82307        4.09747      0.0703388
             11     -0.0106762             12        1.75469         3.3017       0.057043
             11     -0.0106762             13        1.66375         2.3839      0.0435084
             11     -0.0106762             13        1.66375         2.3839      0.0435084
             11     -0.0106762             14         1.6353        2.12513      0.0442289
             11     -0.0106762             15        1.56846        1.60452      0.0375321
             12     -0.0757984             15        1.56846        1.54363      0.0327074
             13      0.0131653             15        1.56846        1.53183      0.0341993
             13      0.0131653             15        1.56846        1.53183      0.0341993
             13      0.0131653             15        1.56846        1.53183      0.0341993
             13      0.0131653             15        1.56846        1.53183      0.0341993
             13      0.0131653             15        1.56846        1.53183      0.0341993
             13      0.0131653             15        1.56846        1.53183      0.0341993
             13      0.0131653             15        1.56846        1.53183      0.0341993
             13      0.0131653             16        1.50502        1.09494      0.0272422
             13      0.0131653             17        1.40861       0.605586      0.0204046
             13      0.0131653             18        1.34358       0.331429      0.0158598
             14     -0.0357949             18        1.34358       0.327752      0.0150025
             15     -0.0277652             18        1.34358       0.316282      0.0157112
             15     -0.0277652             18        1.34358       0.316282      0.0157112
             15     -0.0277652             19         1.2961       0.157539      0.0148275
             15     -0.0277652             19         1.2961       0.157539      0.0148275
             15     -0.0277652             19         1.2961       0.157539      0.0148275
             15     -0.0277652             19         1.2961       0.157539      0.0148275
             15     -0.0277652             20        1.26643      0.0783878      0.0124171
             16     0.00646093             20        1.26643      0.0575158      0.0100466
             16     0.00646093             20        1.26643      0.0575158      0.0100466
             16     0.00646093             20        1.26643      0.0575158      0.0100466
             16     0.00646093             20        1.26643      0.0575158      0.0100466
             16     0.00646093             20        1.26643      0.0575158      0.0100466
             16     0.00646093             21        1.21024     -0.0435873      0.0088926
             16     0.00646093             22        1.15724      -0.141704     0.00683909
             16     0.00646093             22        1.15724      -0.141704     0.00683909
             17      0.0437521             22        1.15724      -0.151867     0.00655823
             17      0.0437521             23        1.12874      -0.172284     0.00638887
             17      0.0437521             23        1.12874      -0.172284     0.00638887
             18     0.00743743             23        1.12874      -0.192645      0.0055985
             18     0.00743743             23        1.12874      -0.192645      0.0055985
             18     0.00743743             23        1.12874      -0.192645      0.0055985
             18     0.00743743             23        1.12874      -0.192645      0.0055985
             18     0.00743743             23        1.12874      -0.192645      0.0055985
             18     0.00743743             23        1.12874      -0.192645      0.0055985
             18     0.00743743             23        1.12874      -0.192645      0.0055985
             18     0.00743743             23        1.12874      -0.192645      0.0055985
             18     0.00743743             23        1.12874      -0.192645      0.0055985
             18     0.00743743             23        1.12874      -0.192645      0.0055985
             18     0.00743743             23        1.12874      -0.192645      0.0055985
             18     0.00743743             23        1.12874      -0.192645      0.0055985
             18     0.00743743             23        1.12874      -0.192645      0.0055985
             18     0.00743743             24        1.07397      -0.222255       0.004758
             19      0.0577219             24        1.07397      -0.228352     0.00428379
             19      0.0577219             24        1.07397      -0.228352     0.00428379
             19      0.0577219             25        1.03247      -0.246776     0.00420749
             19      0.0577219             25        1.03247      -0.246776     0.00420749
             20      0.0518879             25        1.03247      -0.248499     0.00383255
             20      0.0518879             25        1.03247      -0.248499     0.00383255
             21      0.0958981             25        1.03247      -0.250474     0.00367554
             21      0.0958981             25        1.03247      -0.250474     0.00367554
             21      0.0958981             25        1.03247      -0.250474     0.00367554
             21      0.0958981             25        1.03247      -0.250474     0.00367554
             21      0.0958981             25        1.03247      -0.250474     0.00367554
             21      0.0958981             25        1.03247      -0.250474     0.00367554
             21      0.0958981             25        1.03247      -0.250474     0.00367554
             21      0.0958981             25        1.03247      -0.250474     0.00367554
             21      0.0958981             25        1.03247      -0.250474     0.00367554
             21      0.0958981             25        1.03247      -0.250474     0.00367554
             21      0.0958981             25        1.03247      -0.250474     0.00367554
             21      0.0958981             25        1.03247      -0.250474     0.00367554
             21      0.0958981             25        1.03247      -0.250474     0.00367554
             21      0.0958981             25        1.03247      -0.250474     0.00367554
             21      0.0958981             25        1.03247      -0.250474     0.00367554
             21      0.0958981             25        1.03247      -0.250474     0.00367554
             21      0.0958981             25        1.03247      -0.250474     0.00367554
             21      0.0958981             25        1.03247      -0.250474     0.00367554
             21      0.0958981             25        1.03247      -0.250474     0.00367554
             22       0.156064             25        1.03247      -0.250969     0.00378601
             22       0.156064             25        1.03247      -0.250969     0.00378601
             22       0.156064             26        1.03496       -0.25707     0.00366339
             22       0.156064             26        1.03496       -0.25707     0.00366339
             22       0.156064             26        1.03496       -0.25707     0.00366339
             22       0.156064             26        1.03496       -0.25707     0.00366339
             22       0.156064             26        1.03496       -0.25707     0.00366339
             22       0.156064             26        1.03496       -0.25707     0.00366339
             22       0.156064             26        1.03496       -0.25707     0.00366339
             22       0.156064             26        1.03496       -0.25707     0.00366339
             22       0.156064             26        1.03496       -0.25707     0.00366339
             22       0.156064             26        1.03496       -0.25707     0.00366339
             22       0.156064             26        1.03496       -0.25707     0.00366339
             22       0.156064             26        1.03496       -0.25707     0.00366339
             22       0.156064             26        1.03496       -0.25707     0.00366339
             22       0.156064             26        1.03496       -0.25707     0.00366339
             22       0.156064             26        1.03496       -0.25707     0.00366339
             22       0.156064             26        1.03496       -0.25707     0.00366339
             22       0.156064             26        1.03496       -0.25707     0.00366339
             22       0.156064             26        1.03496       -0.25707     0.00366339
             22       0.156064             26        1.03496       -0.25707     0.00366339
             22       0.156064             26        1.03496       -0.25707     0.00366339
             22       0.156064             26        1.03496       -0.25707     0.00366339
             22       0.156064             26        1.03496       -0.25707     0.00366339
             22       0.156064             26        1.03496       -0.25707     0.00366339
             22       0.156064             26        1.03496       -0.25707     0.00366339
             22       0.156064             26        1.03496       -0.25707     0.00366339
             22       0.156064             26        1.03496       -0.25707     0.00366339
             22       0.156064             26        1.03496       -0.25707     0.00366339
             22       0.156064             26        1.03496       -0.25707     0.00366339
             22       0.156064             26        1.03496       -0.25707     0.00366339
             22       0.156064             26        1.03496       -0.25707     0.00366339
             22       0.156064             26        1.03496       -0.25707     0.00366339
             22       0.156064             26        1.03496       -0.25707     0.00366339
             22       0.156064             26        1.03496       -0.25707     0.00366339
             22       0.156064             26        1.03496       -0.25707     0.00366339
             22       0.156064             26        1.03496       -0.25707     0.00366339
             22       0.156064             26        1.03496       -0.25707     0.00366339
             22       0.156064             26        1.03496       -0.25707     0.00366339
             22       0.156064             26        1.03496       -0.25707     0.00366339
             22       0.156064             26        1.03496       -0.25707     0.00366339
             22       0.156064             26        1.03496       -0.25707     0.00366339
             22       0.156064             26        1.03496       -0.25707     0.00366339
             22       0.156064             26        1.03496       -0.25707     0.00366339
             22       0.156064             26        1.03496       -0.25707     0.00366339
             22       0.156064             26        1.03496       -0.25707     0.00366339
             22       0.156064             26        1.03496       -0.25707     0.00366339
             22       0.156064             26        1.03496       -0.25707     0.00366339
             22       0.156064             26        1.03496       -0.25707     0.00366339
             22       0.156064             26        1.03496       -0.25707     0.00366339
             22       0.156064             26        1.03496       -0.25707     0.00366339
             22       0.156064             26        1.03496       -0.25707     0.00366339
             22       0.156064             26        1.03496       -0.25707     0.00366339
             22       0.156064             26        1.03496       -0.25707     0.00366339
             22       0.156064             26        1.03496       -0.25707     0.00366339
             22       0.156064             26        1.03496       -0.25707     0.00366339
             22       0.156064             26        1.03496       -0.25707     0.00366339
             22       0.156064             26        1.03496       -0.25707     0.00366339
             22       0.156064             26        1.03496       -0.25707     0.00366339
             22       0.156064             26        1.03496       -0.25707     0.00366339
             22       0.156064             26        1.03496       -0.25707     0.00366339
             22       0.156064             26        1.03496       -0.25707     0.00366339
             22       0.156064             26        1.03496       -0.25707     0.00366339
             22       0.156064             26        1.03496       -0.25707     0.00366339
             22       0.156064             26        1.03496       -0.25707     0.00366339
             22       0.156064             26        1.03496       -0.25707     0.00366339
             22       0.156064             26        1.03496       -0.25707     0.00366339
