              0            0.4              0            0.2        5.00353      0.0467123
              0            0.4              1       0.203825        4.64119      0.0420432
              0            0.4              1       0.203825        4.64119      0.0420432
              0            0.4              1       0.203825        4.64119      0.0420432
              1       0.375735              1       0.203825        4.25546      0.0404477
              1       0.375735              1       0.203825        4.25546      0.0404477
              2       0.319813              1       0.203825        3.39616      0.0420282
              2       0.319813              1       0.203825        3.39616      0.0420282
              2       0.319813              1       0.203825        3.39616      0.0420282
              2       0.319813              1       0.203825        3.39616      0.0420282
              3       0.287167              1       0.203825        2.93257      0.0344531
              4       0.221955              1       0.203825        2.51363      0.0224658
              4       0.221955              1       0.203825        2.51363      0.0224658
              4       0.221955              1       0.203825        2.51363      0.0224658
              4       0.221955              2       0.288104        1.57514      0.0107019
              4       0.221955              2       0.288104        1.57514      0.0107019
              4       0.221955              2       0.288104        1.57514      0.0107019
              4       0.221955              2       0.288104        1.57514      0.0107019
              5       0.259949              2       0.288104         1.3004      0.0095264
              6       0.309712              2       0.288104        1.10414      0.0105103
              6       0.309712              2       0.288104        1.10414      0.0105103
              6       0.309712              3       0.317837       0.911813     0.00737104
              7       0.348338              3       0.317837       0.810723     0.00777298
              7       0.348338              3       0.317837       0.810723     0.00777298
              8       0.446169              3       0.317837       0.792596      0.0111071
              9       0.381219              3       0.317837       0.755564     0.00865764
              9       0.381219              3       0.317837       0.755564     0.00865764
              9       0.381219              3       0.317837       0.755564     0.00865764
              9       0.381219              4       0.374211       0.459625     0.00488998
             10       0.378694              4       0.374211       0.449458     0.00528215
             10       0.378694              4       0.374211       0.449458     0.00528215
             10       0.378694              5        0.41075       0.359421     0.00447076
             10       0.378694              5        0.41075       0.359421     0.00447076
             10       0.378694              5        0.41075       0.359421     0.00447076
             11       0.455284              5        0.41075       0.186383     0.00440454
             12       0.484893              5        0.41075       0.141918     0.00466991
             12       0.484893              6       0.450898      0.0290923     0.00330667
             13       0.579694              6       0.450898     -0.0910669     0.00391055
             13       0.579694              6       0.450898     -0.0910669     0.00391055
             13       0.579694              6       0.450898     -0.0910669     0.00391055
             13       0.579694              6       0.450898     -0.0910669     0.00391055
             13       0.579694              6       0.450898     -0.0910669     0.00391055
             13       0.579694              6       0.450898     -0.0910669     0.00391055
             13       0.579694              7        0.46483      -0.128811     0.00336154
             14       0.646376              7        0.46483      -0.163138     0.00374326
             14       0.646376              8       0.473581      -0.186811     0.00338036
             14       0.646376              8       0.473581      -0.186811     0.00338036
             14       0.646376              8       0.473581      -0.186811     0.00338036
             15       0.646322              8       0.473581      -0.196349     0.00326572
             15       0.646322              9       0.509667      -0.283067     0.00245941
             15       0.646322              9       0.509667      -0.283067     0.00245941
             16       0.663464              9       0.509667       -0.29394     0.00248135
             16       0.663464             10       0.541633      -0.343609     0.00185832
             16       0.663464             10       0.541633      -0.343609     0.00185832
             16       0.663464             11       0.615316      -0.382004     0.00133448
             16       0.663464             11       0.615316      -0.382004     0.00133448
             16       0.663464             11       0.615316      -0.382004     0.00133448
             17       0.684318             11       0.615316       -0.39962     0.00115569
             17       0.684318             11       0.615316       -0.39962     0.00115569
             18        0.73312             11       0.615316      -0.429502     0.00103711
             18        0.73312             11       0.615316      -0.429502     0.00103711
             19       0.784624             11       0.615316      -0.444081     0.00112324
             19       0.784624             11       0.615316      -0.444081     0.00112324
             19       0.784624             11       0.615316      -0.444081     0.00112324
             19       0.784624             11       0.615316      -0.444081     0.00112324
             19       0.784624             11       0.615316      -0.444081     0.00112324
             19       0.784624             11       0.615316      -0.444081     0.00112324
             19       0.784624             11       0.615316      -0.444081     0.00112324
             19       0.784624             11       0.615316      -0.444081     0.00112324
             19       0.784624             11       0.615316      -0.444081     0.00112324
             19       0.784624             11       0.615316      -0.444081     0.00112324
             19       0.784624             11       0.615316      -0.444081     0.00112324
             19       0.784624             11       0.615316      -0.444081     0.00112324
             19       0.784624             11       0.615316      -0.444081     0.00112324
             19       0.784624             11       0.615316      -0.444081     0.00112324
             19       0.784624             11       0.615316      -0.444081     0.00112324
             19       0.784624             11       0.615316      -0.444081     0.00112324
             19       0.784624             11       0.615316      -0.444081     0.00112324
             19       0.784624             11       0.615316      -0.444081     0.00112324
             19       0.784624             11       0.615316      -0.444081     0.00112324
             19       0.784624             11       0.615316      -0.444081     0.00112324
             19       0.784624             11       0.615316      -0.444081     0.00112324
             19       0.784624             11       0.615316      -0.444081     0.00112324
             19       0.784624             11       0.615316      -0.444081     0.00112324
             19       0.784624             11       0.615316      -0.444081     0.00112324
             19       0.784624             11       0.615316      -0.444081     0.00112324
             19       0.784624             11       0.615316      -0.444081     0.00112324
             19       0.784624             11       0.615316      -0.444081     0.00112324
             19       0.784624             11       0.615316      -0.444081     0.00112324
             19       0.784624             11       0.615316      -0.444081     0.00112324
             19       0.784624             11       0.615316      -0.444081     0.00112324
             19       0.784624             11       0.615316      -0.444081     0.00112324
             19       0.784624             11       0.615316      -0.444081     0.00112324
             19       0.784624             11       0.615316      -0.444081     0.00112324
             19       0.784624             11       0.615316      -0.444081     0.00112324
             19       0.784624             11       0.615316      -0.444081     0.00112324
             19       0.784624             11       0.615316      -0.444081     0.00112324
             19       0.784624             11       0.615316      -0.444081     0.00112324
             19       0.784624             11       0.615316      -0.444081     0.00112324
             19       0.784624             11       0.615316      -0.444081     0.00112324
             19       0.784624             11       0.615316      -0.444081     0.00112324
