              0            0.5              0           -0.1        24.4114       0.219018
              1       0.558827              0           -0.1        24.1476       0.230946
              1       0.558827              1      -0.139833        12.1785      0.0903941
              1       0.558827              1      -0.139833        12.1785      0.0903941
              2       0.580148              1      -0.139833        11.8947       0.100355
              2       0.580148              1      -0.139833        11.8947       0.100355
              2       0.580148              1      -0.139833        11.8947       0.100355
              2       0.580148              1      -0.139833        11.8947       0.100355
              2       0.580148              2      -0.145787        10.9824      0.0893022
              2       0.580148              2      -0.145787        10.9824      0.0893022
              2       0.580148              2      -0.145787        10.9824      0.0893022
              2       0.580148              2      -0.145787        10.9824      0.0893022
              2       0.580148              2      -0.145787        10.9824      0.0893022
              3       0.574752              2      -0.145787        10.9771      0.0933713
              3       0.574752              2      -0.145787        10.9771      0.0933713
              3       0.574752              2      -0.145787        10.9771      0.0933713
              3       0.574752              2      -0.145787        10.9771      0.0933713
              3       0.574752              2      -0.145787        10.9771      0.0933713
              3       0.574752              2      -0.145787        10.9771      0.0933713
              3       0.574752              3      -0.234199        3.73728      0.0269913
              4       0.519115              3      -0.234199        3.62967      0.0294039
              5       0.542863              3      -0.234199        3.61521      0.0279555
              5       0.542863              4      -0.259446        2.61153      0.0216266
              5       0.542863              4      -0.259446        2.61153      0.0216266
              6       0.470073              4      -0.259446        2.29867      0.0229537
              6       0.470073              4      -0.259446        2.29867      0.0229537
              7       0.469721              4      -0.259446        2.28207      0.0236516
              7       0.469721              4      -0.259446        2.28207      0.0236516
              7       0.469721              4      -0.259446        2.28207      0.0236516
              7       0.469721              4      -0.259446        2.28207      0.0236516
              7       0.469721              5      -0.301129        1.14454      0.0138185
              7       0.469721              6      -0.336756       0.604247      0.0094956
              7       0.469721              6      -0.336756       0.604247      0.0094956
              7       0.469721              6      -0.336756       0.604247      0.0094956
              7       0.469721              6      -0.336756       0.604247      0.0094956
              7       0.469721              7      -0.409191       0.156086     0.00443361
              7       0.469721              8      -0.412349       0.155856     0.00431079
              7       0.469721              8      -0.412349       0.155856     0.00431079
              8       0.518238              8      -0.412349       0.099627     0.00466194
              8       0.518238              8      -0.412349       0.099627     0.00466194
              8       0.518238              8      -0.412349       0.099627     0.00466194
              8       0.518238              8      -0.412349       0.099627     0.00466194
              8       0.518238              8      -0.412349       0.099627     0.00466194
              8       0.518238              8      -0.412349       0.099627     0.00466194
              8       0.518238              9      -0.454875     -0.0317826      0.0035847
              8       0.518238              9      -0.454875     -0.0317826      0.0035847
              8       0.518238              9      -0.454875     -0.0317826      0.0035847
              9       0.535841              9      -0.454875     -0.0565152     0.00350568
             10       0.588316              9      -0.454875      -0.102831     0.00385036
             10       0.588316             10       -0.50738      -0.215915     0.00249925
             10       0.588316             10       -0.50738      -0.215915     0.00249925
             10       0.588316             11      -0.594159      -0.289616     0.00176755
             10       0.588316             11      -0.594159      -0.289616     0.00176755
             10       0.588316             12      -0.676186      -0.313422     0.00193175
             11       0.676539             12      -0.676186      -0.386718      0.0015134
             11       0.676539             12      -0.676186      -0.386718      0.0015134
             11       0.676539             12      -0.676186      -0.386718      0.0015134
             11       0.676539             12      -0.676186      -0.386718      0.0015134
             11       0.676539             13      -0.641302      -0.392625     0.00122216
             11       0.676539             13      -0.641302      -0.392625     0.00122216
             11       0.676539             13      -0.641302      -0.392625     0.00122216
             11       0.676539             13      -0.641302      -0.392625     0.00122216
             11       0.676539             13      -0.641302      -0.392625     0.00122216
             11       0.676539             13      -0.641302      -0.392625     0.00122216
             12       0.721678             13      -0.641302      -0.419114     0.00114685
             12       0.721678             13      -0.641302      -0.419114     0.00114685
             12       0.721678             13      -0.641302      -0.419114     0.00114685
             12       0.721678             14       -0.61638      -0.422065     0.00101823
             13       0.743929             14       -0.61638      -0.433549    0.000985076
             14       0.758209             14       -0.61638      -0.439126     0.00101638
             14       0.758209             14       -0.61638      -0.439126     0.00101638
             14       0.758209             14       -0.61638      -0.439126     0.00101638
             14       0.758209             14       -0.61638      -0.439126     0.00101638
             15       0.792616             14       -0.61638      -0.442052     0.00122813
             15       0.792616             14       -0.61638      -0.442052     0.00122813
             15       0.792616             14       -0.61638      -0.442052     0.00122813
             15       0.792616             14       -0.61638      -0.442052     0.00122813
             15       0.792616             14       -0.61638      -0.442052     0.00122813
             15       0.792616             14       -0.61638      -0.442052     0.00122813
             15       0.792616             14       -0.61638      -0.442052     0.00122813
             15       0.792616             14       -0.61638      -0.442052     0.00122813
             16       0.798115             14       -0.61638      -0.443054      0.0011416
             16       0.798115             14       -0.61638      -0.443054      0.0011416
             16       0.798115             14       -0.61638      -0.443054      0.0011416
             16       0.798115             14       -0.61638      -0.443054      0.0011416
             16       0.798115             14       -0.61638      -0.443054      0.0011416
             16       0.798115             14       -0.61638      -0.443054      0.0011416
             16       0.798115             14       -0.61638      -0.443054      0.0011416
             17       0.798495             14       -0.61638      -0.447115      0.0011015
             17       0.798495             14       -0.61638      -0.447115      0.0011015
             17       0.798495             14       -0.61638      -0.447115      0.0011015
             17       0.798495             14       -0.61638      -0.447115      0.0011015
             17       0.798495             14       -0.61638      -0.447115      0.0011015
             17       0.798495             14       -0.61638      -0.447115      0.0011015
             17       0.798495             14       -0.61638      -0.447115      0.0011015
             17       0.798495             14       -0.61638      -0.447115      0.0011015
             17       0.798495             14       -0.61638      -0.447115      0.0011015
             17       0.798495             14       -0.61638      -0.447115      0.0011015
             17       0.798495             14       -0.61638      -0.447115      0.0011015
             17       0.798495             14       -0.61638      -0.447115      0.0011015
             17       0.798495             14       -0.61638      -0.447115      0.0011015
