              0            0.5              0            2.5        23.3746       0.338954
              0            0.5              0            2.5        23.3746       0.338954
              0            0.5              0            2.5        23.3746       0.338954
              1       0.400114              0            2.5        22.3341       0.355881
              1       0.400114              0            2.5        22.3341       0.355881
              1       0.400114              0            2.5        22.3341       0.355881
              1       0.400114              0            2.5        22.3341       0.355881
              1       0.400114              0            2.5        22.3341       0.355881
              1       0.400114              0            2.5        22.3341       0.355881
              1       0.400114              1        2.44963        20.5329        0.32031
              1       0.400114              2         2.3589        17.3752       0.271779
              1       0.400114              3        2.27956        14.7265       0.208789
              1       0.400114              3        2.27956        14.7265       0.208789
              1       0.400114              3        2.27956        14.7265       0.208789
              1       0.400114              3        2.27956        14.7265       0.208789
              1       0.400114              4        2.19889        12.3865       0.191919
              1       0.400114              5        2.11575        10.6529       0.165111
              2        0.31332              5        2.11575        10.0507       0.149791
              2        0.31332              6        2.04152        8.47335        0.12948
              2        0.31332              6        2.04152        8.47335        0.12948
              3       0.287467              6        2.04152        8.23524       0.125507
              4        0.22585              6        2.04152        8.05958       0.124938
              5       0.139275              6        2.04152        7.88047       0.119928
              5       0.139275              7        1.95589        6.49086      0.0966594
              5       0.139275              7        1.95589        6.49086      0.0966594
              5       0.139275              8         1.8574        4.84984      0.0775944
              6       0.128247              8         1.8574          4.777      0.0776355
              6       0.128247              9        1.86071        4.72061      0.0700789
              6       0.128247              9        1.86071        4.72061      0.0700789
              6       0.128247             10        1.83579        4.43441      0.0762176
              6       0.128247             10        1.83579        4.43441      0.0762176
              6       0.128247             10        1.83579        4.43441      0.0762176
              6       0.128247             10        1.83579        4.43441      0.0762176
              6       0.128247             10        1.83579        4.43441      0.0762176
              6       0.128247             10        1.83579        4.43441      0.0762176
              6       0.128247             10        1.83579        4.43441      0.0762176
              6       0.128247             11        1.74627        3.33074       0.061185
              6       0.128247             11        1.74627        3.33074       0.061185
              6       0.128247             11        1.74627        3.33074       0.061185
              6       0.128247             11        1.74627        3.33074       0.061185
              6       0.128247             12        1.64888        2.32891      0.0500225
              7       0.102639             12        1.64888        2.26848      0.0462702
              7       0.102639             12        1.64888        2.26848      0.0462702
              7       0.102639             12        1.64888        2.26848      0.0462702
              8       0.126326             12        1.64888        2.25154      0.0418845
              8       0.126326             12        1.64888        2.25154      0.0418845
              9      0.0934041             12        1.64888        2.24413      0.0441692
              9      0.0934041             12        1.64888        2.24413      0.0441692
              9      0.0934041             13        1.63066        2.06421      0.0411787
             10   -0.000682507             13        1.63066        2.03798      0.0413699
             10   -0.000682507             13        1.63066        2.03798      0.0413699
             10   -0.000682507             14        1.58374        1.69053      0.0364949
             10   -0.000682507             15         1.5637        1.55762      0.0340047
             10   -0.000682507             15         1.5637        1.55762      0.0340047
             10   -0.000682507             15         1.5637        1.55762      0.0340047
             10   -0.000682507             16         1.5258        1.25773      0.0281277
             10   -0.000682507             16         1.5258        1.25773      0.0281277
             11     -0.0306335             16         1.5258        1.25705      0.0297903
             11     -0.0306335             16         1.5258        1.25705      0.0297903
             11     -0.0306335             16         1.5258        1.25705      0.0297903
             11     -0.0306335             16         1.5258        1.25705      0.0297903
             11     -0.0306335             17        1.46515       0.878271      0.0236063
             11     -0.0306335             17        1.46515       0.878271      0.0236063
             11     -0.0306335             18        1.38981       0.509522      0.0183005
             12      -0.040656             18        1.38981       0.504648      0.0207746
             13      0.0292527             18        1.38981       0.484687      0.0181772
             13      0.0292527             18        1.38981       0.484687      0.0181772
             13      0.0292527             18        1.38981       0.484687      0.0181772
             13      0.0292527             18        1.38981       0.484687      0.0181772
             13      0.0292527             18        1.38981       0.484687      0.0181772
             13      0.0292527             18        1.38981       0.484687      0.0181772
             13      0.0292527             18        1.38981       0.484687      0.0181772
             13      0.0292527             18        1.38981       0.484687      0.0181772
             13      0.0292527             18        1.38981       0.484687      0.0181772
             13      0.0292527             18        1.38981       0.484687      0.0181772
             13      0.0292527             18        1.38981       0.484687      0.0181772
             13      0.0292527             18        1.38981       0.484687      0.0181772
             13      0.0292527             19         1.3326       0.290197       0.014316
             13      0.0292527             19         1.3326       0.290197       0.014316
             13      0.0292527             19         1.3326       0.290197       0.014316
             13      0.0292527             19         1.3326       0.290197       0.014316
             14      0.0759491             19         1.3326       0.284072      0.0156917
             14      0.0759491             19         1.3326       0.284072      0.0156917
             14      0.0759491             19         1.3326       0.284072      0.0156917
             14      0.0759491             19         1.3326       0.284072      0.0156917
             14      0.0759491             19         1.3326       0.284072      0.0156917
             15      0.0419533             19         1.3326       0.283299      0.0141865
             15      0.0419533             19         1.3326       0.283299      0.0141865
             15      0.0419533             20        1.23899      0.0259378       0.010099
             15      0.0419533             20        1.23899      0.0259378       0.010099
             16      0.0484701             20        1.23899     0.00791699     0.00966647
             16      0.0484701             20        1.23899     0.00791699     0.00966647
             16      0.0484701             21        1.20607     -0.0646607     0.00902331
             16      0.0484701             21        1.20607     -0.0646607     0.00902331
             16      0.0484701             21        1.20607     -0.0646607     0.00902331
             16      0.0484701             21        1.20607     -0.0646607     0.00902331
             16      0.0484701             22        1.12754      -0.181262     0.00602677
             17     -0.0471891             22        1.12754      -0.184711     0.00606579
             17     -0.0471891             22        1.12754      -0.184711     0.00606579
             17     -0.0471891             22        1.12754      -0.184711     0.00606579
             17     -0.0471891             22        1.12754      -0.184711     0.00606579
             17     -0.0471891             22        1.12754      -0.184711     0.00606579
             17     -0.0471891             22        1.12754      -0.184711     0.00606579
             17     -0.0471891             22        1.12754      -0.184711     0.00606579
             17     -0.0471891             22        1.12754      -0.184711     0.00606579
             17     -0.0471891             22        1.12754      -0.184711     0.00606579
             17     -0.0471891             22        1.12754      -0.184711     0.00606579
             18       0.020852             22        1.12754      -0.186514     0.00605256
             18       0.020852             22        1.12754      -0.186514     0.00605256
             18       0.020852             23        1.02935      -0.256058     0.00340246
             18       0.020852             23        1.02935      -0.256058     0.00340246
             18       0.020852             23        1.02935      -0.256058     0.00340246
             18       0.020852             23        1.02935      -0.256058     0.00340246
             18       0.020852             23        1.02935      -0.256058     0.00340246
             18       0.020852             23        1.02935      -0.256058     0.00340246
             18       0.020852             23        1.02935      -0.256058     0.00340246
             18       0.020852             23        1.02935      -0.256058     0.00340246
             18       0.020852             23        1.02935      -0.256058     0.00340246
             18       0.020852             23        1.02935      -0.256058     0.00340246
             18       0.020852             23        1.02935      -0.256058     0.00340246
             18       0.020852             23        1.02935      -0.256058     0.00340246
             18       0.020852             23        1.02935      -0.256058     0.00340246
             18       0.020852             23        1.02935      -0.256058     0.00340246
             18       0.020852             23        1.02935      -0.256058     0.00340246
             18       0.020852             23        1.02935      -0.256058     0.00340246
             18       0.020852             23        1.02935      -0.256058     0.00340246
             18       0.020852             23        1.02935      -0.256058     0.00340246
             18       0.020852             23        1.02935      -0.256058     0.00340246
             18       0.020852             23        1.02935      -0.256058     0.00340246
             18       0.020852             23        1.02935      -0.256058     0.00340246
             18       0.020852             23        1.02935      -0.256058     0.00340246
             18       0.020852             23        1.02935      -0.256058     0.00340246
             18       0.020852             23        1.02935      -0.256058     0.00340246
             18       0.020852             23        1.02935      -0.256058     0.00340246
             18       0.020852             23        1.02935      -0.256058     0.00340246
             18       0.020852             23        1.02935      -0.256058     0.00340246
             18       0.020852             23        1.02935      -0.256058     0.00340246
             18       0.020852             23        1.02935      -0.256058     0.00340246
             18       0.020852             23        1.02935      -0.256058     0.00340246
             18       0.020852             23        1.02935      -0.256058     0.00340246
             18       0.020852             23        1.02935      -0.256058     0.00340246
             18       0.020852             23        1.02935      -0.256058     0.00340246
             18       0.020852             23        1.02935      -0.256058     0.00340246
             18       0.020852             23        1.02935      -0.256058     0.00340246
             18       0.020852             23        1.02935      -0.256058     0.00340246
             18       0.020852             23        1.02935      -0.256058     0.00340246
             18       0.020852             23        1.02935      -0.256058     0.00340246
             18       0.020852             23        1.02935      -0.256058     0.00340246
             18       0.020852             23        1.02935      -0.256058     0.00340246
             18       0.020852             23        1.02935      -0.256058     0.00340246
             18       0.020852             23        1.02935      -0.256058     0.00340246
             18       0.020852             23        1.02935      -0.256058     0.00340246
             18       0.020852             23        1.02935      -0.256058     0.00340246
             18       0.020852             23        1.02935      -0.256058     0.00340246
             18       0.020852             23        1.02935      -0.256058     0.00340246
             18       0.020852             23        1.02935      -0.256058     0.00340246
             18       0.020852             23        1.02935      -0.256058     0.00340246
             18       0.020852             23        1.02935      -0.256058     0.00340246
             18       0.020852             23        1.02935      -0.256058     0.00340246
             18       0.020852             23        1.02935      -0.256058     0.00340246
             18       0.020852             23        1.02935      -0.256058     0.00340246
             18       0.020852             23        1.02935      -0.256058     0.00340246
             18       0.020852             23        1.02935      -0.256058     0.00340246
             18       0.020852             23        1.02935      -0.256058     0.00340246
             18       0.020852             23        1.02935      -0.256058     0.00340246
             18       0.020852             23        1.02935      -0.256058     0.00340246
             18       0.020852             23        1.02935      -0.256058     0.00340246
             18       0.020852             23        1.02935      -0.256058     0.00340246
             18       0.020852             23        1.02935      -0.256058     0.00340246
             18       0.020852             23        1.02935      -0.256058     0.00340246
             18       0.020852             23        1.02935      -0.256058     0.00340246
             18       0.020852             23        1.02935      -0.256058     0.00340246
             18       0.020852             23        1.02935      -0.256058     0.00340246
             18       0.020852             23        1.02935      -0.256058     0.00340246
             18       0.020852             23        1.02935      -0.256058     0.00340246
             18       0.020852             23        1.02935      -0.256058     0.00340246
             18       0.020852             23        1.02935      -0.256058     0.00340246
             18       0.020852             23        1.02935      -0.256058     0.00340246
             18       0.020852             23        1.02935      -0.256058     0.00340246
             18       0.020852             23        1.02935      -0.256058     0.00340246
             18       0.020852             23        1.02935      -0.256058     0.00340246
             18       0.020852             23        1.02935      -0.256058     0.00340246
             18       0.020852             23        1.02935      -0.256058     0.00340246
             18       0.020852             23        1.02935      -0.256058     0.00340246
             18       0.020852             23        1.02935      -0.256058     0.00340246
             18       0.020852             23        1.02935      -0.256058     0.00340246
             18       0.020852             23        1.02935      -0.256058     0.00340246
             18       0.020852             23        1.02935      -0.256058     0.00340246
             18       0.020852             23        1.02935      -0.256058     0.00340246
             18       0.020852             23        1.02935      -0.256058     0.00340246
             18       0.020852             23        1.02935      -0.256058     0.00340246
             18       0.020852             23        1.02935      -0.256058     0.00340246
             18       0.020852             23        1.02935      -0.256058     0.00340246
             18       0.020852             23        1.02935      -0.256058     0.00340246
             18       0.020852             23        1.02935      -0.256058     0.00340246
             18       0.020852             23        1.02935      -0.256058     0.00340246
             18       0.020852             23        1.02935      -0.256058     0.00340246
             18       0.020852             23        1.02935      -0.256058     0.00340246
             18       0.020852             23        1.02935      -0.256058     0.00340246
             18       0.020852             23        1.02935      -0.256058     0.00340246
             18       0.020852             23        1.02935      -0.256058     0.00340246
