              0            1.3              0            2.2        24.5967       0.326394
              0            1.3              0            2.2        24.5967       0.326394
              0            1.3              0            2.2        24.5967       0.326394
              1        1.20011              0            2.2          22.36       0.346155
              1        1.20011              0            2.2          22.36       0.346155
              1        1.20011              0            2.2          22.36       0.346155
              1        1.20011              0            2.2          22.36       0.346155
              1        1.20011              0            2.2          22.36       0.346155
              1        1.20011              0            2.2          22.36       0.346155
              1        1.20011              1        2.14963        20.4509       0.283767
              1        1.20011              2         2.0589        17.9539       0.261473
              1        1.20011              3        1.97956        15.7973       0.209124
              1        1.20011              3        1.97956        15.7973       0.209124
              1        1.20011              3        1.97956        15.7973       0.209124
              2        1.19074              3        1.97956        15.7567       0.252085
              2        1.19074              4        1.89889         13.353       0.181446
              2        1.19074              5        1.81575         11.903       0.164315
              3        1.10394              5        1.81575        10.3293       0.146673
              3        1.10394              6        1.74152        9.03031       0.128266
              3        1.10394              6        1.74152        9.03031       0.128266
              4        1.07809              6        1.74152        8.57278       0.117071
              5        1.01647              6        1.74152        7.75246       0.111263
              6       0.929897              6        1.74152        6.81579       0.100671
              6       0.929897              7        1.65589        5.69516      0.0825404
              6       0.929897              7        1.65589        5.69516      0.0825404
              6       0.929897              8         1.5574        4.39561      0.0685099
              7       0.918869              8         1.5574        4.33655      0.0666404
              7       0.918869              9        1.56071        4.25908      0.0646284
              7       0.918869              9        1.56071        4.25908      0.0646284
              7       0.918869             10        1.53579        4.05338      0.0661027
              7       0.918869             11        1.54352        4.03094      0.0599877
              7       0.918869             11        1.54352        4.03094      0.0599877
              7       0.918869             11        1.54352        4.03094      0.0599877
              7       0.918869             11        1.54352        4.03094      0.0599877
              7       0.918869             11        1.54352        4.03094      0.0599877
              7       0.918869             11        1.54352        4.03094      0.0599877
              7       0.918869             12        1.45401        3.17184      0.0513846
              8       0.826253             12        1.45401        2.65587      0.0467214
              8       0.826253             12        1.45401        2.65587      0.0467214
              8       0.826253             12        1.45401        2.65587      0.0467214
              8       0.826253             13        1.35661        1.81692      0.0378052
              9       0.800645             13        1.35661         1.7041      0.0320644
              9       0.800645             13        1.35661         1.7041      0.0320644
              9       0.800645             13        1.35661         1.7041      0.0320644
              9       0.800645             13        1.35661         1.7041      0.0320644
             10        0.75852             13        1.35661        1.51636      0.0300466
             11       0.725599             13        1.35661        1.39774       0.029847
             11       0.725599             13        1.35661        1.39774       0.029847
             11       0.725599             14         1.3384        1.33687      0.0309534
             12       0.631512             14         1.3384        1.00817      0.0261966
             12       0.631512             14         1.3384        1.00817      0.0261966
             12       0.631512             15        1.29148        0.75078      0.0227962
             12       0.631512             16        1.27143       0.712246      0.0197291
             13       0.638117             16        1.27143       0.711344      0.0210539
             13       0.638117             16        1.27143       0.711344      0.0210539
             13       0.638117             17        1.23353       0.534727      0.0167391
             13       0.638117             17        1.23353       0.534727      0.0167391
             14       0.608166             17        1.23353       0.475421      0.0176986
             14       0.608166             17        1.23353       0.475421      0.0176986
             15       0.542848             17        1.23353       0.395792       0.017376
             15       0.542848             17        1.23353       0.395792       0.017376
             15       0.542848             18        1.17289       0.173045      0.0121735
             16       0.495182             18        1.17289       0.115205      0.0120189
             16       0.495182             19        1.09755     -0.0655237     0.00880835
             17        0.48516             19        1.09755     -0.0858909     0.00821561
             17        0.48516             19        1.09755     -0.0858909     0.00821561
             18       0.391276             19        1.09755      -0.134586      0.0066421
             18       0.391276             19        1.09755      -0.134586      0.0066421
             18       0.391276             20        1.09992      -0.143613     0.00654703
             18       0.391276             20        1.09992      -0.143613     0.00654703
             18       0.391276             20        1.09992      -0.143613     0.00654703
             19       0.344107             20        1.09992      -0.160771      0.0058951
             20       0.281529             20        1.09992      -0.170591     0.00642887
             20       0.281529             20        1.09992      -0.170591     0.00642887
             21       0.204512             20        1.09992       -0.19116     0.00607591
             21       0.204512             20        1.09992       -0.19116     0.00607591
             21       0.204512             20        1.09992       -0.19116     0.00607591
             21       0.204512             21        1.04271       -0.23536      0.0044978
             21       0.204512             21        1.04271       -0.23536      0.0044978
             21       0.204512             21        1.04271       -0.23536      0.0044978
             21       0.204512             21        1.04271       -0.23536      0.0044978
             21       0.204512             21        1.04271       -0.23536      0.0044978
             21       0.204512             21        1.04271       -0.23536      0.0044978
             22       0.121747             21        1.04271      -0.235688     0.00431841
             23      0.0992059             21        1.04271      -0.241508     0.00425153
             23      0.0992059             21        1.04271      -0.241508     0.00425153
             24        0.06521             21        1.04271      -0.250523     0.00418569
             24        0.06521             21        1.04271      -0.250523     0.00418569
             24        0.06521             21        1.04271      -0.250523     0.00418569
             24        0.06521             21        1.04271      -0.250523     0.00418569
             24        0.06521             21        1.04271      -0.250523     0.00418569
             24        0.06521             21        1.04271      -0.250523     0.00418569
             24        0.06521             21        1.04271      -0.250523     0.00418569
             24        0.06521             21        1.04271      -0.250523     0.00418569
             24        0.06521             21        1.04271      -0.250523     0.00418569
             24        0.06521             21        1.04271      -0.250523     0.00418569
             24        0.06521             21        1.04271      -0.250523     0.00418569
             24        0.06521             21        1.04271      -0.250523     0.00418569
             24        0.06521             21        1.04271      -0.250523     0.00418569
             24        0.06521             21        1.04271      -0.250523     0.00418569
             24        0.06521             21        1.04271      -0.250523     0.00418569
             24        0.06521             21        1.04271      -0.250523     0.00418569
             24        0.06521             21        1.04271      -0.250523     0.00418569
             24        0.06521             21        1.04271      -0.250523     0.00418569
             24        0.06521             21        1.04271      -0.250523     0.00418569
             24        0.06521             21        1.04271      -0.250523     0.00418569
             24        0.06521             21        1.04271      -0.250523     0.00418569
             24        0.06521             21        1.04271      -0.250523     0.00418569
             24        0.06521             21        1.04271      -0.250523     0.00418569
             24        0.06521             21        1.04271      -0.250523     0.00418569
             24        0.06521             21        1.04271      -0.250523     0.00418569
             24        0.06521             21        1.04271      -0.250523     0.00418569
             24        0.06521             21        1.04271      -0.250523     0.00418569
             24        0.06521             21        1.04271      -0.250523     0.00418569
             24        0.06521             21        1.04271      -0.250523     0.00418569
             24        0.06521             21        1.04271      -0.250523     0.00418569
             24        0.06521             21        1.04271      -0.250523     0.00418569
             24        0.06521             21        1.04271      -0.250523     0.00418569
             24        0.06521             21        1.04271      -0.250523     0.00418569
             24        0.06521             21        1.04271      -0.250523     0.00418569
             24        0.06521             21        1.04271      -0.250523     0.00418569
             24        0.06521             21        1.04271      -0.250523     0.00418569
             24        0.06521             21        1.04271      -0.250523     0.00418569
             24        0.06521             21        1.04271      -0.250523     0.00418569
             24        0.06521             22       0.994586      -0.258456     0.00318601
             24        0.06521             22       0.994586      -0.258456     0.00318601
             24        0.06521             22       0.994586      -0.258456     0.00318601
             24        0.06521             22       0.994586      -0.258456     0.00318601
             24        0.06521             22       0.994586      -0.258456     0.00318601
             24        0.06521             22       0.994586      -0.258456     0.00318601
             24        0.06521             22       0.994586      -0.258456     0.00318601
             24        0.06521             22       0.994586      -0.258456     0.00318601
             24        0.06521             22       0.994586      -0.258456     0.00318601
             24        0.06521             22       0.994586      -0.258456     0.00318601
             24        0.06521             22       0.994586      -0.258456     0.00318601
             24        0.06521             22       0.994586      -0.258456     0.00318601
             24        0.06521             22       0.994586      -0.258456     0.00318601
             24        0.06521             22       0.994586      -0.258456     0.00318601
             24        0.06521             22       0.994586      -0.258456     0.00318601
             24        0.06521             22       0.994586      -0.258456     0.00318601
             24        0.06521             22       0.994586      -0.258456     0.00318601
             24        0.06521             22       0.994586      -0.258456     0.00318601
             24        0.06521             22       0.994586      -0.258456     0.00318601
             24        0.06521             22       0.994586      -0.258456     0.00318601
             24        0.06521             22       0.994586      -0.258456     0.00318601
             24        0.06521             22       0.994586      -0.258456     0.00318601
             24        0.06521             22       0.994586      -0.258456     0.00318601
             24        0.06521             22       0.994586      -0.258456     0.00318601
             24        0.06521             22       0.994586      -0.258456     0.00318601
             24        0.06521             22       0.994586      -0.258456     0.00318601
             24        0.06521             22       0.994586      -0.258456     0.00318601
             24        0.06521             22       0.994586      -0.258456     0.00318601
             24        0.06521             22       0.994586      -0.258456     0.00318601
             24        0.06521             22       0.994586      -0.258456     0.00318601
             24        0.06521             22       0.994586      -0.258456     0.00318601
             24        0.06521             22       0.994586      -0.258456     0.00318601
             24        0.06521             22       0.994586      -0.258456     0.00318601
             24        0.06521             22       0.994586      -0.258456     0.00318601
             24        0.06521             22       0.994586      -0.258456     0.00318601
             24        0.06521             22       0.994586      -0.258456     0.00318601
             24        0.06521             22       0.994586      -0.258456     0.00318601
             24        0.06521             22       0.994586      -0.258456     0.00318601
             24        0.06521             22       0.994586      -0.258456     0.00318601
             24        0.06521             22       0.994586      -0.258456     0.00318601
             24        0.06521             22       0.994586      -0.258456     0.00318601
             24        0.06521             22       0.994586      -0.258456     0.00318601
             24        0.06521             22       0.994586      -0.258456     0.00318601
             24        0.06521             22       0.994586      -0.258456     0.00318601
             24        0.06521             22       0.994586      -0.258456     0.00318601
             24        0.06521             22       0.994586      -0.258456     0.00318601
             24        0.06521             22       0.994586      -0.258456     0.00318601
             24        0.06521             22       0.994586      -0.258456     0.00318601
             24        0.06521             22       0.994586      -0.258456     0.00318601
             24        0.06521             22       0.994586      -0.258456     0.00318601
             24        0.06521             22       0.994586      -0.258456     0.00318601
             24        0.06521             22       0.994586      -0.258456     0.00318601
             24        0.06521             22       0.994586      -0.258456     0.00318601
             24        0.06521             22       0.994586      -0.258456     0.00318601
             24        0.06521             22       0.994586      -0.258456     0.00318601
             24        0.06521             22       0.994586      -0.258456     0.00318601
             24        0.06521             22       0.994586      -0.258456     0.00318601
             24        0.06521             22       0.994586      -0.258456     0.00318601
             24        0.06521             22       0.994586      -0.258456     0.00318601
             24        0.06521             22       0.994586      -0.258456     0.00318601
             24        0.06521             22       0.994586      -0.258456     0.00318601
             24        0.06521             22       0.994586      -0.258456     0.00318601
             24        0.06521             22       0.994586      -0.258456     0.00318601
             24        0.06521             22       0.994586      -0.258456     0.00318601
             24        0.06521             22       0.994586      -0.258456     0.00318601
             24        0.06521             22       0.994586      -0.258456     0.00318601
             24        0.06521             22       0.994586      -0.258456     0.00318601
             24        0.06521             22       0.994586      -0.258456     0.00318601
             24        0.06521             22       0.994586      -0.258456     0.00318601
             24        0.06521             22       0.994586      -0.258456     0.00318601
             24        0.06521             22       0.994586      -0.258456     0.00318601
             24        0.06521             22       0.994586      -0.258456     0.00318601
             24        0.06521             22       0.994586      -0.258456     0.00318601
             24        0.06521             22       0.994586      -0.258456     0.00318601
             24        0.06521             22       0.994586      -0.258456     0.00318601
             24        0.06521             22       0.994586      -0.258456     0.00318601
             24        0.06521             22       0.994586      -0.258456     0.00318601
