              0            0.9              0              1       0.351711      0.0125776
              0            0.9              0              1       0.351711      0.0125776
              1       0.833505              0              1       0.203448      0.0122458
              1       0.833505              1       0.951035       0.039671     0.00841974
              1       0.833505              1       0.951035       0.039671     0.00841974
              1       0.833505              2       0.886296     -0.0827507     0.00753597
              1       0.833505              2       0.886296     -0.0827507     0.00753597
              2       0.749504              2       0.886296      -0.192297     0.00614146
              2       0.749504              2       0.886296      -0.192297     0.00614146
              2       0.749504              3       0.815688      -0.289308     0.00457956
              3       0.748809              3       0.815688      -0.294692     0.00419243
              4       0.657708              3       0.815688      -0.313408      0.0034801
              4       0.657708              3       0.815688      -0.313408      0.0034801
              4       0.657708              3       0.815688      -0.313408      0.0034801
              4       0.657708              3       0.815688      -0.313408      0.0034801
              4       0.657708              4        0.75323      -0.345937     0.00239048
              4       0.657708              5       0.653337      -0.376402     0.00133814
              4       0.657708              5       0.653337      -0.376402     0.00133814
              5        0.73352              5       0.653337      -0.421934     0.00135331
              5        0.73352              5       0.653337      -0.421934     0.00135331
              6       0.798137              5       0.653337      -0.435055     0.00160786
              6       0.798137              5       0.653337      -0.435055     0.00160786
              7       0.801028              5       0.653337       -0.43646     0.00143768
              7       0.801028              5       0.653337       -0.43646     0.00143768
              7       0.801028              5       0.653337       -0.43646     0.00143768
              7       0.801028              5       0.653337       -0.43646     0.00143768
              7       0.801028              5       0.653337       -0.43646     0.00143768
              7       0.801028              5       0.653337       -0.43646     0.00143768
              7       0.801028              5       0.653337       -0.43646     0.00143768
              7       0.801028              5       0.653337       -0.43646     0.00143768
              7       0.801028              5       0.653337       -0.43646     0.00143768
              7       0.801028              5       0.653337       -0.43646     0.00143768
              7       0.801028              5       0.653337       -0.43646     0.00143768
              7       0.801028              5       0.653337       -0.43646     0.00143768
              7       0.801028              5       0.653337       -0.43646     0.00143768
              7       0.801028              5       0.653337       -0.43646     0.00143768
              7       0.801028              5       0.653337       -0.43646     0.00143768
              7       0.801028              5       0.653337       -0.43646     0.00143768
              7       0.801028              5       0.653337       -0.43646     0.00143768
              7       0.801028              5       0.653337       -0.43646     0.00143768
              7       0.801028              5       0.653337       -0.43646     0.00143768
              7       0.801028              5       0.653337       -0.43646     0.00143768
              7       0.801028              5       0.653337       -0.43646     0.00143768
              7       0.801028              5       0.653337       -0.43646     0.00143768
              7       0.801028              6       0.622003      -0.443461     0.00116003
              7       0.801028              6       0.622003      -0.443461     0.00116003
              7       0.801028              6       0.622003      -0.443461     0.00116003
              7       0.801028              6       0.622003      -0.443461     0.00116003
              7       0.801028              6       0.622003      -0.443461     0.00116003
              7       0.801028              7       0.625669       -0.44404     0.00122472
              7       0.801028              7       0.625669       -0.44404     0.00122472
              7       0.801028              7       0.625669       -0.44404     0.00122472
              7       0.801028              7       0.625669       -0.44404     0.00122472
              7       0.801028              7       0.625669       -0.44404     0.00122472
              7       0.801028              7       0.625669       -0.44404     0.00122472
              7       0.801028              7       0.625669       -0.44404     0.00122472
              7       0.801028              7       0.625669       -0.44404     0.00122472
              7       0.801028              7       0.625669       -0.44404     0.00122472
              7       0.801028              7       0.625669       -0.44404     0.00122472
              7       0.801028              7       0.625669       -0.44404     0.00122472
              7       0.801028              7       0.625669       -0.44404     0.00122472
              7       0.801028              7       0.625669       -0.44404     0.00122472
              7       0.801028              7       0.625669       -0.44404     0.00122472
              7       0.801028              7       0.625669       -0.44404     0.00122472
              7       0.801028              7       0.625669       -0.44404     0.00122472
              7       0.801028              7       0.625669       -0.44404     0.00122472
              7       0.801028              7       0.625669       -0.44404     0.00122472
              7       0.801028              7       0.625669       -0.44404     0.00122472
              7       0.801028              7       0.625669       -0.44404     0.00122472
              7       0.801028              7       0.625669       -0.44404     0.00122472
              7       0.801028              7       0.625669       -0.44404     0.00122472
              7       0.801028              7       0.625669       -0.44404     0.00122472
              7       0.801028              7       0.625669       -0.44404     0.00122472
              7       0.801028              7       0.625669       -0.44404     0.00122472
              7       0.801028              7       0.625669       -0.44404     0.00122472
              7       0.801028              7       0.625669       -0.44404     0.00122472
              7       0.801028              7       0.625669       -0.44404     0.00122472
              7       0.801028              7       0.625669       -0.44404     0.00122472
              7       0.801028              7       0.625669       -0.44404     0.00122472
              7       0.801028              7       0.625669       -0.44404     0.00122472
              7       0.801028              7       0.625669       -0.44404     0.00122472
              7       0.801028              7       0.625669       -0.44404     0.00122472
              7       0.801028              7       0.625669       -0.44404     0.00122472
              7       0.801028              7       0.625669       -0.44404     0.00122472
              7       0.801028              7       0.625669       -0.44404     0.00122472
              7       0.801028              7       0.625669       -0.44404     0.00122472
              7       0.801028              8       0.614882      -0.444462     0.00106415
              7       0.801028              8       0.614882      -0.444462     0.00106415
              7       0.801028              8       0.614882      -0.444462     0.00106415
              7       0.801028              8       0.614882      -0.444462     0.00106415
              7       0.801028              8       0.614882      -0.444462     0.00106415
              7       0.801028              8       0.614882      -0.444462     0.00106415
              7       0.801028              8       0.614882      -0.444462     0.00106415
              7       0.801028              8       0.614882      -0.444462     0.00106415
              8       0.804541              8       0.614882      -0.445328     0.00118029
              8       0.804541              8       0.614882      -0.445328     0.00118029
              8       0.804541              8       0.614882      -0.445328     0.00118029
              8       0.804541              8       0.614882      -0.445328     0.00118029
              8       0.804541              8       0.614882      -0.445328     0.00118029
              8       0.804541              8       0.614882      -0.445328     0.00118029
              8       0.804541              8       0.614882      -0.445328     0.00118029
