              0            0.8              0            0.1        24.0335        0.23198
              0            0.8              1       0.136122        12.2578       0.100939
              0            0.8              1       0.136122        12.2578       0.100939
              0            0.8              1       0.136122        12.2578       0.100939
              0            0.8              2       0.148831        10.0369      0.0786678
              0            0.8              2       0.148831        10.0369      0.0786678
              0            0.8              2       0.148831        10.0369      0.0786678
              0            0.8              2       0.148831        10.0369      0.0786678
              0            0.8              2       0.148831        10.0369      0.0786678
              0            0.8              2       0.148831        10.0369      0.0786678
              0            0.8              3        0.23681        3.29424      0.0240905
              1       0.850181              3        0.23681         3.2399      0.0246422
              2       0.892202              3        0.23681         3.1576      0.0254138
              2       0.892202              3        0.23681         3.1576      0.0254138
              2       0.892202              4       0.310871        1.32665      0.0127164
              2       0.892202              4       0.310871        1.32665      0.0127164
              2       0.892202              4       0.310871        1.32665      0.0127164
              2       0.892202              4       0.310871        1.32665      0.0127164
              2       0.892202              4       0.310871        1.32665      0.0127164
              2       0.892202              5       0.323717        1.13707      0.0109028
              2       0.892202              5       0.323717        1.13707      0.0109028
              3       0.963673              5       0.323717        1.10347      0.0108036
              4        1.01506              5       0.323717        1.07898      0.0113934
              4        1.01506              5       0.323717        1.07898      0.0113934
              4        1.01506              5       0.323717        1.07898      0.0113934
              5       0.998806              5       0.323717        1.07042      0.0114011
              6        1.06746              5       0.323717        1.07004      0.0117766
              6        1.06746              5       0.323717        1.07004      0.0117766
              6        1.06746              5       0.323717        1.07004      0.0117766
              6        1.06746              5       0.323717        1.07004      0.0117766
              6        1.06746              5       0.323717        1.07004      0.0117766
              6        1.06746              6       0.360538       0.658736     0.00788786
              6        1.06746              6       0.360538       0.658736     0.00788786
              7        1.05086              6       0.360538       0.650884     0.00811357
              7        1.05086              7       0.429551       0.178144     0.00480016
              7        1.05086              7       0.429551       0.178144     0.00480016
              7        1.05086              8       0.464821      0.0358426     0.00325228
              7        1.05086              8       0.464821      0.0358426     0.00325228
              7        1.05086              9       0.488821     -0.0468106     0.00258387
              8       0.994129              9       0.488821      -0.119167     0.00283824
              8       0.994129             10       0.515598       -0.19915     0.00236704
              9       0.943766             10       0.515598      -0.251813     0.00236972
              9       0.943766             10       0.515598      -0.251813     0.00236972
              9       0.943766             11       0.521925      -0.264985     0.00229108
              9       0.943766             12       0.596511      -0.361904     0.00175252
              9       0.943766             12       0.596511      -0.361904     0.00175252
              9       0.943766             12       0.596511      -0.361904     0.00175252
             10       0.871846             12       0.596511      -0.421917     0.00139297
             11       0.839012             12       0.596511      -0.435497     0.00121404
             12       0.824512             12       0.596511      -0.439947     0.00126085
             12       0.824512             12       0.596511      -0.439947     0.00126085
             12       0.824512             13       0.622837      -0.444198     0.00115862
             12       0.824512             13       0.622837      -0.444198     0.00115862
             13       0.794569             13       0.622837      -0.445142     0.00111897
             13       0.794569             13       0.622837      -0.445142     0.00111897
             13       0.794569             13       0.622837      -0.445142     0.00111897
             13       0.794569             13       0.622837      -0.445142     0.00111897
             13       0.794569             13       0.622837      -0.445142     0.00111897
             13       0.794569             13       0.622837      -0.445142     0.00111897
             13       0.794569             13       0.622837      -0.445142     0.00111897
             13       0.794569             13       0.622837      -0.445142     0.00111897
             13       0.794569             13       0.622837      -0.445142     0.00111897
             13       0.794569             13       0.622837      -0.445142     0.00111897
             13       0.794569             13       0.622837      -0.445142     0.00111897
             13       0.794569             13       0.622837      -0.445142     0.00111897
             13       0.794569             13       0.622837      -0.445142     0.00111897
             13       0.794569             13       0.622837      -0.445142     0.00111897
             13       0.794569             13       0.622837      -0.445142     0.00111897
             13       0.794569             13       0.622837      -0.445142     0.00111897
             13       0.794569             13       0.622837      -0.445142     0.00111897
             13       0.794569             13       0.622837      -0.445142     0.00111897
             13       0.794569             13       0.622837      -0.445142     0.00111897
             13       0.794569             13       0.622837      -0.445142     0.00111897
             13       0.794569             13       0.622837      -0.445142     0.00111897
             14       0.797406             13       0.622837      -0.446398     0.00105998
             14       0.797406             13       0.622837      -0.446398     0.00105998
             14       0.797406             13       0.622837      -0.446398     0.00105998
             14       0.797406             13       0.622837      -0.446398     0.00105998
             14       0.797406             13       0.622837      -0.446398     0.00105998
             14       0.797406             13       0.622837      -0.446398     0.00105998
             14       0.797406             13       0.622837      -0.446398     0.00105998
             14       0.797406             13       0.622837      -0.446398     0.00105998
             14       0.797406             13       0.622837      -0.446398     0.00105998
             14       0.797406             13       0.622837      -0.446398     0.00105998
             14       0.797406             13       0.622837      -0.446398     0.00105998
             14       0.797406             13       0.622837      -0.446398     0.00105998
             14       0.797406             13       0.622837      -0.446398     0.00105998
             14       0.797406             13       0.622837      -0.446398     0.00105998
             14       0.797406             13       0.622837      -0.446398     0.00105998
             14       0.797406             13       0.622837      -0.446398     0.00105998
             14       0.797406             13       0.622837      -0.446398     0.00105998
             14       0.797406             13       0.622837      -0.446398     0.00105998
             14       0.797406             13       0.622837      -0.446398     0.00105998
             14       0.797406             13       0.622837      -0.446398     0.00105998
             14       0.797406             13       0.622837      -0.446398     0.00105998
             14       0.797406             13       0.622837      -0.446398     0.00105998
             14       0.797406             13       0.622837      -0.446398     0.00105998
             14       0.797406             13       0.622837      -0.446398     0.00105998
             14       0.797406             13       0.622837      -0.446398     0.00105998
             14       0.797406             13       0.622837      -0.446398     0.00105998
             14       0.797406             13       0.622837      -0.446398     0.00105998
