              0            1.5              0            1.5        11.6362       0.127027
              0            1.5              0            1.5        11.6362       0.127027
              0            1.5              1        1.43307        10.7986       0.111224
              0            1.5              1        1.43307        10.7986       0.111224
              1        1.46186              1        1.43307        9.88847      0.0982844
              1        1.46186              1        1.43307        9.88847      0.0982844
              2        1.45619              1        1.43307        9.70155       0.101174
              2        1.45619              2        1.42273        9.56165      0.0894621
              2        1.45619              3        1.34206        8.30073      0.0895298
              2        1.45619              3        1.34206        8.30073      0.0895298
              2        1.45619              4        1.33057        8.21533      0.0843072
              3        1.45583              4        1.33057        8.06913      0.0859369
              3        1.45583              4        1.33057        8.06913      0.0859369
              3        1.45583              4        1.33057        8.06913      0.0859369
              3        1.45583              4        1.33057        8.06913      0.0859369
              3        1.45583              4        1.33057        8.06913      0.0859369
              4        1.44751              4        1.33057        8.03655      0.0850995
              4        1.44751              4        1.33057        8.03655      0.0850995
              4        1.44751              5        1.27824        7.38318      0.0659807
              4        1.44751              5        1.27824        7.38318      0.0659807
              4        1.44751              5        1.27824        7.38318      0.0659807
              4        1.44751              5        1.27824        7.38318      0.0659807
              4        1.44751              5        1.27824        7.38318      0.0659807
              4        1.44751              5        1.27824        7.38318      0.0659807
              4        1.44751              5        1.27824        7.38318      0.0659807
              4        1.44751              5        1.27824        7.38318      0.0659807
              4        1.44751              5        1.27824        7.38318      0.0659807
              4        1.44751              6        1.25617        7.11775      0.0689305
              4        1.44751              6        1.25617        7.11775      0.0689305
              5        1.38606              6        1.25617        6.09418      0.0608977
              6        1.33603              6        1.25617        5.29421       0.053657
              6        1.33603              6        1.25617        5.29421       0.053657
              7        1.27478              6        1.25617        4.56948      0.0524241
              7        1.27478              7         1.1707        3.78547      0.0450847
              7        1.27478              7         1.1707        3.78547      0.0450847
              7        1.27478              7         1.1707        3.78547      0.0450847
              8         1.2339              7         1.1707        3.34043      0.0396411
              8         1.2339              8        1.08229        2.64777      0.0314317
              9         1.1862              8        1.08229        2.29368      0.0298725
             10        1.12077              8        1.08229        1.76814      0.0260801
             10        1.12077              9       0.993975        1.29631       0.021588
             10        1.12077              9       0.993975        1.29631       0.021588
             10        1.12077              9       0.993975        1.29631       0.021588
             10        1.12077              9       0.993975        1.29631       0.021588
             11        1.02424              9       0.993975       0.774103      0.0158318
             11        1.02424              9       0.993975       0.774103      0.0158318
             12       0.928318              9       0.993975       0.414099       0.013502
             12       0.928318             10       0.948061       0.275568      0.0123255
             12       0.928318             11       0.910564       0.150883      0.0108025
             12       0.928318             12       0.815552      -0.093111     0.00666981
             13       0.844993             12       0.815552      -0.218918     0.00530731
             13       0.844993             12       0.815552      -0.218918     0.00530731
             13       0.844993             13        0.76604      -0.304292     0.00397777
             13       0.844993             13        0.76604      -0.304292     0.00397777
             13       0.844993             13        0.76604      -0.304292     0.00397777
             13       0.844993             14         0.7115      -0.372254     0.00312588
             13       0.844993             14         0.7115      -0.372254     0.00312588
             13       0.844993             15       0.698793      -0.390797     0.00260017
             14       0.752204             15       0.698793      -0.403892     0.00198372
             14       0.752204             15       0.698793      -0.403892     0.00198372
             15        0.79271             15       0.698793      -0.403939     0.00245321
             15        0.79271             16       0.642384      -0.441796     0.00127244
             15        0.79271             16       0.642384      -0.441796     0.00127244
             15        0.79271             16       0.642384      -0.441796     0.00127244
             15        0.79271             17       0.631497      -0.443472     0.00113546
             15        0.79271             17       0.631497      -0.443472     0.00113546
             15        0.79271             17       0.631497      -0.443472     0.00113546
             15        0.79271             17       0.631497      -0.443472     0.00113546
             15        0.79271             18       0.620161      -0.444802     0.00107045
             15        0.79271             18       0.620161      -0.444802     0.00107045
             15        0.79271             18       0.620161      -0.444802     0.00107045
             15        0.79271             18       0.620161      -0.444802     0.00107045
             15        0.79271             18       0.620161      -0.444802     0.00107045
             15        0.79271             18       0.620161      -0.444802     0.00107045
             15        0.79271             18       0.620161      -0.444802     0.00107045
             15        0.79271             18       0.620161      -0.444802     0.00107045
             15        0.79271             18       0.620161      -0.444802     0.00107045
             15        0.79271             18       0.620161      -0.444802     0.00107045
             15        0.79271             18       0.620161      -0.444802     0.00107045
             15        0.79271             18       0.620161      -0.444802     0.00107045
             15        0.79271             18       0.620161      -0.444802     0.00107045
             15        0.79271             18       0.620161      -0.444802     0.00107045
             15        0.79271             18       0.620161      -0.444802     0.00107045
             15        0.79271             18       0.620161      -0.444802     0.00107045
             15        0.79271             18       0.620161      -0.444802     0.00107045
             15        0.79271             18       0.620161      -0.444802     0.00107045
             15        0.79271             18       0.620161      -0.444802     0.00107045
             15        0.79271             18       0.620161      -0.444802     0.00107045
             15        0.79271             18       0.620161      -0.444802     0.00107045
             15        0.79271             18       0.620161      -0.444802     0.00107045
             15        0.79271             18       0.620161      -0.444802     0.00107045
             15        0.79271             18       0.620161      -0.444802     0.00107045
             15        0.79271             18       0.620161      -0.444802     0.00107045
             15        0.79271             18       0.620161      -0.444802     0.00107045
             15        0.79271             18       0.620161      -0.444802     0.00107045
             15        0.79271             18       0.620161      -0.444802     0.00107045
             15        0.79271             18       0.620161      -0.444802     0.00107045
             15        0.79271             18       0.620161      -0.444802     0.00107045
             15        0.79271             18       0.620161      -0.444802     0.00107045
             15        0.79271             18       0.620161      -0.444802     0.00107045
             15        0.79271             18       0.620161      -0.444802     0.00107045
