              0            0.1              0            0.1        11.5305       0.142533
              0            0.1              1       0.194889        4.99603      0.0425234
              0            0.1              2       0.282337        2.67328      0.0204945
              0            0.1              2       0.282337        2.67328      0.0204945
              0            0.1              2       0.282337        2.67328      0.0204945
              1       0.104498              2       0.282337        2.61333      0.0216747
              2       0.149365              2       0.282337        2.26438      0.0175595
              2       0.149365              2       0.282337        2.26438      0.0175595
              2       0.149365              2       0.282337        2.26438      0.0175595
              2       0.149365              2       0.282337        2.26438      0.0175595
              2       0.149365              2       0.282337        2.26438      0.0175595
              2       0.149365              3       0.318303         1.8331      0.0133747
              3       0.201254              3       0.318303        1.51034      0.0110975
              3       0.201254              4       0.320686        1.49266     0.00979451
              4       0.267926              4       0.320686        1.08057     0.00769125
              5       0.316756              4       0.320686       0.854828     0.00713442
              5       0.316756              5       0.407337       0.566966     0.00505473
              5       0.316756              5       0.407337       0.566966     0.00505473
              5       0.316756              6       0.443734       0.452327     0.00483338
              5       0.316756              6       0.443734       0.452327     0.00483338
              6       0.397985              6       0.443734       0.224671     0.00396745
              6       0.397985              6       0.443734       0.224671     0.00396745
              7       0.476283              6       0.443734      0.0604504      0.0035103
              7       0.476283              7       0.456009      0.0313354     0.00346462
              7       0.476283              8       0.512527     -0.0480167     0.00294227
              8       0.535763              8       0.512527      -0.153379     0.00237334
              8       0.535763              8       0.512527      -0.153379     0.00237334
              9       0.541523              8       0.512527      -0.165768     0.00236264
              9       0.541523              8       0.512527      -0.165768     0.00236264
              9       0.541523              8       0.512527      -0.165768     0.00236264
              9       0.541523              8       0.512527      -0.165768     0.00236264
              9       0.541523              8       0.512527      -0.165768     0.00236264
              9       0.541523              8       0.512527      -0.165768     0.00236264
              9       0.541523              9       0.519481      -0.170827     0.00232613
             10         0.6243              9       0.519481      -0.275687     0.00233566
             10         0.6243              9       0.519481      -0.275687     0.00233566
             10         0.6243              9       0.519481      -0.275687     0.00233566
             11         0.6847              9       0.519481      -0.321779     0.00244595
             11         0.6847              9       0.519481      -0.321779     0.00244595
             11         0.6847              9       0.519481      -0.321779     0.00244595
             12       0.690064              9       0.519481      -0.329934     0.00233561
             12       0.690064              9       0.519481      -0.329934     0.00233561
             13       0.750122              9       0.519481      -0.350937     0.00233103
             13       0.750122              9       0.519481      -0.350937     0.00233103
             13       0.750122              9       0.519481      -0.350937     0.00233103
             13       0.750122             10       0.527859      -0.363142     0.00226922
             13       0.750122             10       0.527859      -0.363142     0.00226922
             13       0.750122             10       0.527859      -0.363142     0.00226922
             13       0.750122             10       0.527859      -0.363142     0.00226922
             13       0.750122             10       0.527859      -0.363142     0.00226922
             13       0.750122             10       0.527859      -0.363142     0.00226922
             13       0.750122             10       0.527859      -0.363142     0.00226922
             13       0.750122             11       0.614663      -0.434676     0.00109843
             13       0.750122             11       0.614663      -0.434676     0.00109843
             13       0.750122             11       0.614663      -0.434676     0.00109843
             13       0.750122             11       0.614663      -0.434676     0.00109843
             13       0.750122             11       0.614663      -0.434676     0.00109843
             13       0.750122             11       0.614663      -0.434676     0.00109843
             14       0.799986             11       0.614663      -0.444204      0.0011106
             14       0.799986             11       0.614663      -0.444204      0.0011106
             14       0.799986             11       0.614663      -0.444204      0.0011106
             14       0.799986             11       0.614663      -0.444204      0.0011106
             14       0.799986             11       0.614663      -0.444204      0.0011106
             14       0.799986             12       0.611859      -0.444864     0.00103979
             14       0.799986             12       0.611859      -0.444864     0.00103979
             14       0.799986             12       0.611859      -0.444864     0.00103979
             14       0.799986             12       0.611859      -0.444864     0.00103979
             14       0.799986             12       0.611859      -0.444864     0.00103979
             14       0.799986             12       0.611859      -0.444864     0.00103979
             14       0.799986             12       0.611859      -0.444864     0.00103979
             14       0.799986             12       0.611859      -0.444864     0.00103979
             14       0.799986             12       0.611859      -0.444864     0.00103979
             14       0.799986             12       0.611859      -0.444864     0.00103979
             14       0.799986             12       0.611859      -0.444864     0.00103979
             14       0.799986             12       0.611859      -0.444864     0.00103979
             14       0.799986             12       0.611859      -0.444864     0.00103979
             14       0.799986             12       0.611859      -0.444864     0.00103979
             14       0.799986             12       0.611859      -0.444864     0.00103979
             14       0.799986             12       0.611859      -0.444864     0.00103979
             14       0.799986             12       0.611859      -0.444864     0.00103979
             14       0.799986             12       0.611859      -0.444864     0.00103979
             14       0.799986             12       0.611859      -0.444864     0.00103979
             14       0.799986             12       0.611859      -0.444864     0.00103979
             14       0.799986             12       0.611859      -0.444864     0.00103979
             14       0.799986             12       0.611859      -0.444864     0.00103979
             14       0.799986             12       0.611859      -0.444864     0.00103979
             14       0.799986             12       0.611859      -0.444864     0.00103979
             14       0.799986             12       0.611859      -0.444864     0.00103979
             14       0.799986             12       0.611859      -0.444864     0.00103979
             14       0.799986             12       0.611859      -0.444864     0.00103979
             14       0.799986             12       0.611859      -0.444864     0.00103979
             14       0.799986             12       0.611859      -0.444864     0.00103979
             14       0.799986             12       0.611859      -0.444864     0.00103979
             14       0.799986             12       0.611859      -0.444864     0.00103979
             14       0.799986             12       0.611859      -0.444864     0.00103979
             14       0.799986             12       0.611859      -0.444864     0.00103979
             14       0.799986             12       0.611859      -0.444864     0.00103979
             14       0.799986             12       0.611859      -0.444864     0.00103979
             14       0.799986             12       0.611859      -0.444864     0.00103979
             14       0.799986             12       0.611859      -0.444864     0.00103979
             14       0.799986             12       0.611859      -0.444864     0.00103979
