              0              1              0            0.2        4.88472      0.0410352
              1        0.97303              0            0.2        4.81505      0.0402161
              1        0.97303              0            0.2        4.81505      0.0402161
              1        0.97303              0            0.2        4.81505      0.0402161
              1        0.97303              0            0.2        4.81505      0.0402161
              2        1.00051              0            0.2        4.79983      0.0389618
              2        1.00051              0            0.2        4.79983      0.0389618
              3        1.04416              0            0.2        4.75017      0.0395119
              3        1.04416              0            0.2        4.75017      0.0395119
              3        1.04416              0            0.2        4.75017      0.0395119
              3        1.04416              1       0.206795        4.41537      0.0378078
              4        1.09006              1       0.206795        4.34489      0.0363175
              4        1.09006              1       0.206795        4.34489      0.0363175
              4        1.09006              1       0.206795        4.34489      0.0363175
              4        1.09006              1       0.206795        4.34489      0.0363175
              4        1.09006              1       0.206795        4.34489      0.0363175
              4        1.09006              1       0.206795        4.34489      0.0363175
              4        1.09006              1       0.206795        4.34489      0.0363175
              4        1.09006              1       0.206795        4.34489      0.0363175
              4        1.09006              1       0.206795        4.34489      0.0363175
              4        1.09006              1       0.206795        4.34489      0.0363175
              4        1.09006              1       0.206795        4.34489      0.0363175
              4        1.09006              1       0.206795        4.34489      0.0363175
              4        1.09006              1       0.206795        4.34489      0.0363175
              4        1.09006              1       0.206795        4.34489      0.0363175
              4        1.09006              2       0.252708        2.52695      0.0221125
              5        1.02362              2       0.252708        2.52103      0.0231276
              5        1.02362              2       0.252708        2.52103      0.0231276
              5        1.02362              3       0.284458        1.74755      0.0165117
              5        1.02362              4       0.294627        1.53622      0.0141349
              5        1.02362              5       0.299123        1.45124      0.0136238
              5        1.02362              5       0.299123        1.45124      0.0136238
              6        1.02612              5       0.299123        1.44691      0.0134588
              6        1.02612              5       0.299123        1.44691      0.0134588
              6        1.02612              5       0.299123        1.44691      0.0134588
              6        1.02612              6       0.319725        1.12842      0.0119963
              6        1.02612              7        0.33226       0.942348     0.00992221
              6        1.02612              7        0.33226       0.942348     0.00992221
              6        1.02612              7        0.33226       0.942348     0.00992221
              6        1.02612              7        0.33226       0.942348     0.00992221
              6        1.02612              7        0.33226       0.942348     0.00992221
              6        1.02612              7        0.33226       0.942348     0.00992221
              6        1.02612              7        0.33226       0.942348     0.00992221
              6        1.02612              7        0.33226       0.942348     0.00992221
              6        1.02612              7        0.33226       0.942348     0.00992221
              6        1.02612              7        0.33226       0.942348     0.00992221
              6        1.02612              7        0.33226       0.942348     0.00992221
              6        1.02612              7        0.33226       0.942348     0.00992221
              6        1.02612              7        0.33226       0.942348     0.00992221
              6        1.02612              7        0.33226       0.942348     0.00992221
              6        1.02612              7        0.33226       0.942348     0.00992221
              6        1.02612              7        0.33226       0.942348     0.00992221
              6        1.02612              7        0.33226       0.942348     0.00992221
              6        1.02612              7        0.33226       0.942348     0.00992221
              6        1.02612              7        0.33226       0.942348     0.00992221
              6        1.02612              7        0.33226       0.942348     0.00992221
              6        1.02612              8         0.3663       0.603558     0.00789479
              6        1.02612              9       0.402315       0.321102     0.00588147
              7       0.987406              9       0.402315       0.308374     0.00571188
              7       0.987406              9       0.402315       0.308374     0.00571188
              7       0.987406              9       0.402315       0.308374     0.00571188
              7       0.987406             10       0.432276        0.11348     0.00479069
              8        0.96169             10       0.432276       0.100973     0.00528714
              8        0.96169             11       0.470629     -0.0827729     0.00363433
              8        0.96169             11       0.470629     -0.0827729     0.00363433
              8        0.96169             11       0.470629     -0.0827729     0.00363433
              8        0.96169             12       0.539459       -0.28043     0.00198197
              9       0.918722             12       0.539459       -0.32458     0.00192176
              9       0.918722             12       0.539459       -0.32458     0.00192176
              9       0.918722             13       0.546149      -0.337874     0.00185972
              9       0.918722             14       0.599169      -0.387854      0.0015882
             10       0.824036             14       0.599169      -0.439779     0.00121103
             10       0.824036             14       0.599169      -0.439779     0.00121103
             10       0.824036             14       0.599169      -0.439779     0.00121103
             10       0.824036             15       0.603646      -0.440923     0.00119396
             10       0.824036             15       0.603646      -0.440923     0.00119396
             10       0.824036             15       0.603646      -0.440923     0.00119396
             10       0.824036             15       0.603646      -0.440923     0.00119396
             10       0.824036             15       0.603646      -0.440923     0.00119396
             11       0.782505             15       0.603646      -0.441097     0.00102709
             11       0.782505             15       0.603646      -0.441097     0.00102709
             11       0.782505             15       0.603646      -0.441097     0.00102709
             12       0.805136             15       0.603646      -0.443817     0.00114663
             12       0.805136             15       0.603646      -0.443817     0.00114663
             12       0.805136             15       0.603646      -0.443817     0.00114663
             12       0.805136             15       0.603646      -0.443817     0.00114663
             12       0.805136             15       0.603646      -0.443817     0.00114663
             12       0.805136             15       0.603646      -0.443817     0.00114663
             12       0.805136             15       0.603646      -0.443817     0.00114663
             12       0.805136             15       0.603646      -0.443817     0.00114663
             12       0.805136             15       0.603646      -0.443817     0.00114663
             12       0.805136             15       0.603646      -0.443817     0.00114663
             12       0.805136             15       0.603646      -0.443817     0.00114663
             12       0.805136             15       0.603646      -0.443817     0.00114663
             12       0.805136             15       0.603646      -0.443817     0.00114663
             12       0.805136             15       0.603646      -0.443817     0.00114663
             12       0.805136             15       0.603646      -0.443817     0.00114663
             12       0.805136             15       0.603646      -0.443817     0.00114663
             12       0.805136             15       0.603646      -0.443817     0.00114663
             12       0.805136             15       0.603646      -0.443817     0.00114663
             12       0.805136             15       0.603646      -0.443817     0.00114663
