              0            0.4              0            0.9      -0.262569     0.00288318
              1       0.485061              0            0.9      -0.265776      0.0031881
              1       0.485061              1       0.873816      -0.276835     0.00291288
              1       0.485061              1       0.873816      -0.276835     0.00291288
              1       0.485061              1       0.873816      -0.276835     0.00291288
              1       0.485061              1       0.873816      -0.276835     0.00291288
              1       0.485061              1       0.873816      -0.276835     0.00291288
              1       0.485061              1       0.873816      -0.276835     0.00291288
              1       0.485061              1       0.873816      -0.276835     0.00291288
              1       0.485061              1       0.873816      -0.276835     0.00291288
              1       0.485061              1       0.873816      -0.276835     0.00291288
              1       0.485061              1       0.873816      -0.276835     0.00291288
              1       0.485061              1       0.873816      -0.276835     0.00291288
              1       0.485061              1       0.873816      -0.276835     0.00291288
              1       0.485061              1       0.873816      -0.276835     0.00291288
              1       0.485061              1       0.873816      -0.276835     0.00291288
              1       0.485061              1       0.873816      -0.276835     0.00291288
              2       0.550225              1       0.873816      -0.278537     0.00328856
              2       0.550225              1       0.873816      -0.278537     0.00328856
              2       0.550225              1       0.873816      -0.278537     0.00328856
              2       0.550225              1       0.873816      -0.278537     0.00328856
              3       0.578993              1       0.873816      -0.281061     0.00345094
              3       0.578993              1       0.873816      -0.281061     0.00345094
              3       0.578993              2       0.792755      -0.311093     0.00258915
              3       0.578993              2       0.792755      -0.311093     0.00258915
              3       0.578993              2       0.792755      -0.311093     0.00258915
              3       0.578993              3        0.70755      -0.311638      0.0019513
              3       0.578993              3        0.70755      -0.311638      0.0019513
              3       0.578993              3        0.70755      -0.311638      0.0019513
              3       0.578993              4       0.748063      -0.312041     0.00217244
              4        0.67233              4       0.748063      -0.355272     0.00223274
              4        0.67233              4       0.748063      -0.355272     0.00223274
              5       0.693019              4       0.748063      -0.363904     0.00241943
              5       0.693019              4       0.748063      -0.363904     0.00241943
              5       0.693019              4       0.748063      -0.363904     0.00241943
              5       0.693019              4       0.748063      -0.363904     0.00241943
              5       0.693019              4       0.748063      -0.363904     0.00241943
              5       0.693019              5       0.668074      -0.398542     0.00139136
              5       0.693019              5       0.668074      -0.398542     0.00139136
              5       0.693019              6       0.598039      -0.402203     0.00119174
              5       0.693019              6       0.598039      -0.402203     0.00119174
              5       0.693019              6       0.598039      -0.402203     0.00119174
              5       0.693019              6       0.598039      -0.402203     0.00119174
              5       0.693019              6       0.598039      -0.402203     0.00119174
              5       0.693019              6       0.598039      -0.402203     0.00119174
              5       0.693019              6       0.598039      -0.402203     0.00119174
              5       0.693019              6       0.598039      -0.402203     0.00119174
              5       0.693019              6       0.598039      -0.402203     0.00119174
              6       0.711308              6       0.598039      -0.412092        0.00107
              6       0.711308              6       0.598039      -0.412092        0.00107
              6       0.711308              6       0.598039      -0.412092        0.00107
              6       0.711308              6       0.598039      -0.412092        0.00107
              7       0.718245              6       0.598039      -0.418613     0.00110902
              7       0.718245              6       0.598039      -0.418613     0.00110902
              7       0.718245              6       0.598039      -0.418613     0.00110902
              7       0.718245              6       0.598039      -0.418613     0.00110902
              7       0.718245              6       0.598039      -0.418613     0.00110902
              7       0.718245              6       0.598039      -0.418613     0.00110902
              7       0.718245              6       0.598039      -0.418613     0.00110902
              8       0.779493              6       0.598039      -0.441307     0.00104509
              8       0.779493              6       0.598039      -0.441307     0.00104509
              8       0.779493              6       0.598039      -0.441307     0.00104509
              8       0.779493              6       0.598039      -0.441307     0.00104509
              8       0.779493              6       0.598039      -0.441307     0.00104509
              8       0.779493              6       0.598039      -0.441307     0.00104509
              8       0.779493              6       0.598039      -0.441307     0.00104509
              8       0.779493              7       0.610995      -0.443547    0.000993884
              8       0.779493              7       0.610995      -0.443547    0.000993884
              8       0.779493              7       0.610995      -0.443547    0.000993884
              8       0.779493              7       0.610995      -0.443547    0.000993884
              8       0.779493              7       0.610995      -0.443547    0.000993884
              8       0.779493              7       0.610995      -0.443547    0.000993884
              9       0.802707              7       0.610995      -0.445976     0.00113853
              9       0.802707              7       0.610995      -0.445976     0.00113853
              9       0.802707              7       0.610995      -0.445976     0.00113853
              9       0.802707              7       0.610995      -0.445976     0.00113853
              9       0.802707              7       0.610995      -0.445976     0.00113853
              9       0.802707              7       0.610995      -0.445976     0.00113853
              9       0.802707              7       0.610995      -0.445976     0.00113853
              9       0.802707              7       0.610995      -0.445976     0.00113853
              9       0.802707              7       0.610995      -0.445976     0.00113853
              9       0.802707              7       0.610995      -0.445976     0.00113853
              9       0.802707              7       0.610995      -0.445976     0.00113853
              9       0.802707              7       0.610995      -0.445976     0.00113853
              9       0.802707              7       0.610995      -0.445976     0.00113853
              9       0.802707              7       0.610995      -0.445976     0.00113853
              9       0.802707              7       0.610995      -0.445976     0.00113853
              9       0.802707              7       0.610995      -0.445976     0.00113853
              9       0.802707              7       0.610995      -0.445976     0.00113853
              9       0.802707              7       0.610995      -0.445976     0.00113853
              9       0.802707              7       0.610995      -0.445976     0.00113853
              9       0.802707              7       0.610995      -0.445976     0.00113853
              9       0.802707              7       0.610995      -0.445976     0.00113853
              9       0.802707              7       0.610995      -0.445976     0.00113853
              9       0.802707              7       0.610995      -0.445976     0.00113853
              9       0.802707              7       0.610995      -0.445976     0.00113853
              9       0.802707              7       0.610995      -0.445976     0.00113853
              9       0.802707              7       0.610995      -0.445976     0.00113853
              9       0.802707              7       0.610995      -0.445976     0.00113853
              9       0.802707              7       0.610995      -0.445976     0.00113853
              9       0.802707              7       0.610995      -0.445976     0.00113853
