              0              0              0            0.1        25.0385       0.311701
              1     -0.0640623              0            0.1        17.0508        0.17992
              1     -0.0640623              0            0.1        17.0508        0.17992
              1     -0.0640623              0            0.1        17.0508        0.17992
              1     -0.0640623              0            0.1        17.0508        0.17992
              1     -0.0640623              0            0.1        17.0508        0.17992
              1     -0.0640623              0            0.1        17.0508        0.17992
              1     -0.0640623              0            0.1        17.0508        0.17992
              1     -0.0640623              0            0.1        17.0508        0.17992
              1     -0.0640623              0            0.1        17.0508        0.17992
              1     -0.0640623              0            0.1        17.0508        0.17992
              1     -0.0640623              1       0.136977        10.8038       0.105271
              1     -0.0640623              1       0.136977        10.8038       0.105271
              2      -0.156427              1       0.136977        5.90068      0.0709461
              2      -0.156427              2       0.176684        3.99476       0.031287
              3      -0.208641              2       0.176684        3.35028      0.0377328
              3      -0.208641              2       0.176684        3.35028      0.0377328
              3      -0.208641              2       0.176684        3.35028      0.0377328
              3      -0.208641              2       0.176684        3.35028      0.0377328
              3      -0.208641              2       0.176684        3.35028      0.0377328
              3      -0.208641              3        0.24072        2.05852      0.0148756
              3      -0.208641              4       0.281504        1.71699      0.0115526
              3      -0.208641              5       0.353334        1.23228     0.00903933
              4      -0.279313              5       0.353334       0.885129     0.00629208
              4      -0.279313              5       0.353334       0.885129     0.00629208
              4      -0.279313              6       0.452409       0.539675     0.00551097
              4      -0.279313              6       0.452409       0.539675     0.00551097
              5      -0.302258              6       0.452409       0.466577     0.00501493
              6      -0.386606              6       0.452409       0.245013     0.00376254
              6      -0.386606              6       0.452409       0.245013     0.00376254
              6      -0.386606              6       0.452409       0.245013     0.00376254
              6      -0.386606              6       0.452409       0.245013     0.00376254
              6      -0.386606              6       0.452409       0.245013     0.00376254
              6      -0.386606              6       0.452409       0.245013     0.00376254
              6      -0.386606              6       0.452409       0.245013     0.00376254
              6      -0.386606              6       0.452409       0.245013     0.00376254
              6      -0.386606              6       0.452409       0.245013     0.00376254
              6      -0.386606              6       0.452409       0.245013     0.00376254
              6      -0.386606              6       0.452409       0.245013     0.00376254
              6      -0.386606              7       0.459448       0.229995     0.00381946
              7      -0.404607              7       0.459448       0.187459     0.00371639
              7      -0.404607              8       0.501784       0.112588     0.00363477
              8       -0.45915              8       0.501784    -0.00336676     0.00294569
              8       -0.45915              8       0.501784    -0.00336676     0.00294569
              8       -0.45915              8       0.501784    -0.00336676     0.00294569
              8       -0.45915              8       0.501784    -0.00336676     0.00294569
              9      -0.463423              8       0.501784    -0.00924058     0.00299505
              9      -0.463423              9       0.569028     -0.0872645     0.00268387
              9      -0.463423             10       0.589799      -0.108426     0.00270151
              9      -0.463423             10       0.589799      -0.108426     0.00270151
              9      -0.463423             11       0.649047      -0.162384     0.00241033
              9      -0.463423             11       0.649047      -0.162384     0.00241033
             10      -0.506189             11       0.649047      -0.213502     0.00229429
             10      -0.506189             11       0.649047      -0.213502     0.00229429
             10      -0.506189             11       0.649047      -0.213502     0.00229429
             10      -0.506189             12        0.68738      -0.239394     0.00228558
             11       -0.60054             12        0.68738      -0.325993     0.00178477
             11       -0.60054             12        0.68738      -0.325993     0.00178477
             12      -0.663016             12        0.68738        -0.3765     0.00160811
             12      -0.663016             12        0.68738        -0.3765     0.00160811
             13      -0.702252             12        0.68738      -0.397025     0.00172961
             13      -0.702252             13       0.674599      -0.401576     0.00146758
             13      -0.702252             13       0.674599      -0.401576     0.00146758
             13      -0.702252             13       0.674599      -0.401576     0.00146758
             13      -0.702252             14       0.607183      -0.409308     0.00109762
             14       -0.70752             14       0.607183      -0.411165     0.00110209
             15       -0.76492             14       0.607183      -0.439916     0.00101232
             16      -0.795104             14       0.607183      -0.442042     0.00116592
             16      -0.795104             14       0.607183      -0.442042     0.00116592
             16      -0.795104             15       0.603905      -0.443241      0.0011964
             16      -0.795104             15       0.603905      -0.443241      0.0011964
             16      -0.795104             15       0.603905      -0.443241      0.0011964
             16      -0.795104             15       0.603905      -0.443241      0.0011964
             16      -0.795104             15       0.603905      -0.443241      0.0011964
             16      -0.795104             15       0.603905      -0.443241      0.0011964
             16      -0.795104             15       0.603905      -0.443241      0.0011964
             16      -0.795104             15       0.603905      -0.443241      0.0011964
             16      -0.795104             15       0.603905      -0.443241      0.0011964
             16      -0.795104             16       0.597934      -0.443607     0.00105283
             16      -0.795104             16       0.597934      -0.443607     0.00105283
             16      -0.795104             16       0.597934      -0.443607     0.00105283
             16      -0.795104             16       0.597934      -0.443607     0.00105283
             16      -0.795104             16       0.597934      -0.443607     0.00105283
             16      -0.795104             16       0.597934      -0.443607     0.00105283
             16      -0.795104             16       0.597934      -0.443607     0.00105283
             16      -0.795104             16       0.597934      -0.443607     0.00105283
             16      -0.795104             16       0.597934      -0.443607     0.00105283
             16      -0.795104             16       0.597934      -0.443607     0.00105283
             16      -0.795104             16       0.597934      -0.443607     0.00105283
             16      -0.795104             16       0.597934      -0.443607     0.00105283
             16      -0.795104             16       0.597934      -0.443607     0.00105283
             16      -0.795104             16       0.597934      -0.443607     0.00105283
             16      -0.795104             16       0.597934      -0.443607     0.00105283
             16      -0.795104             16       0.597934      -0.443607     0.00105283
             16      -0.795104             16       0.597934      -0.443607     0.00105283
             16      -0.795104             16       0.597934      -0.443607     0.00105283
             16      -0.795104             17       0.606733      -0.444725      0.0010498
             16      -0.795104             17       0.606733      -0.444725      0.0010498
             16      -0.795104             17       0.606733      -0.444725      0.0010498
             16      -0.795104             17       0.606733      -0.444725      0.0010498
             16      -0.795104             17       0.606733      -0.444725      0.0010498
