           0           0           0
           1           0           0
           2           0           0
           3           0           0
           4           0           0
           5           0           0
           6           0           0
           7           0           0
           8           0           0
           9           0           0
          10           0           0
          11           0           0
          12           0           0
          13           0           0
          14           0           0
          15           0           0
          16           0           0
          17           0           0
          18           0           0
          19           0           0
          20           0           0
          21           0           0
          22           0           0
          23           0           0
          24           0           0
          25           0           0
          26           0           0
          27           0           0
          28           0           0
          29           0           0
          30           0           0
          31           0           0
          32           0           0
          33           0           0
          34 0.000926223 0.000447479
          35   0.0219994  0.00265383
          36    0.175882   0.0060303
          37    0.593483   0.0107466
          38     1.23162   0.0167399
          39      1.9016   0.0216069
          40     2.34107   0.0228601
          41     2.60148    0.024715
          42     2.57089   0.0198125
          43     2.40589    0.021924
          44     2.15254   0.0216306
          45     1.94049      0.0226
          46     1.74038   0.0196322
          47      1.5423   0.0189721
          48     1.37558   0.0166567
          49     1.17647   0.0149313
          50     1.10498   0.0155111
          51      1.0137   0.0135377
          52    0.931306   0.0120719
          53    0.838034   0.0127264
          54    0.806064   0.0110085
          55    0.758791   0.0119583
          56    0.731308  0.00990779
          57    0.710755   0.0119194
          58    0.698609   0.0112551
          59    0.690898  0.00970057
          60    0.690665  0.00909816
          61    0.680838  0.00916367
          62    0.682215  0.00943974
          63    0.681992  0.00887874
          64    0.722766  0.00934542
          65    0.744145    0.010063
          66    0.772525   0.0102849
          67    0.806027  0.00936707
          68    0.824938  0.00785572
          69    0.856895   0.0100462
          70    0.900137  0.00900156
          71    0.955084  0.00891958
          72     1.00688  0.00908766
          73     1.02958  0.00964269
          74      1.0624  0.00965066
          75     1.09713   0.0101592
          76     1.12024  0.00926677
          77     1.14161  0.00980746
          78     1.17899   0.0102377
          79     1.22431   0.0100553
          80     1.22164  0.00893885
          81     1.23714  0.00932489
          82      1.2128    0.011006
          83     1.17683  0.00872985
          84     1.16115  0.00747406
          85     1.14104  0.00828591
          86     1.10478  0.00736211
          87     1.06539   0.0080023
          88     1.04404  0.00860674
          89      1.0167  0.00773415
          90    0.993971  0.00752203
          91    0.960735  0.00674156
          92    0.940863  0.00685249
          93    0.934422  0.00656935
          94    0.926995  0.00686699
          95    0.912694  0.00742375
          96    0.890662  0.00659684
          97    0.891389  0.00612872
          98      0.9017   0.0064621
          99    0.907014  0.00648207
