3.1244630 0.0000000
3.1389093 0.0144463
3.1357071 0.0089341
3.1325485 0.0070630
3.1335340 0.0055591
3.1318514 0.0048408
3.1323915 0.0041267
3.1331101 0.0036454
3.1330711 0.0032152
3.1329736 0.0028774
3.1313571 0.0030638
3.1346903 0.0043512
3.1336954 0.0041244
3.1346903 0.0039459
3.1358849 0.0038628
3.1358184 0.0036139
3.1361595 0.0034118
3.1350472 0.0034035
3.1350236 0.0032195
3.1353052 0.0030672
3.1347610 0.0029678
3.1339940 0.0029318
3.1348780 0.0029376
3.1354710 0.0028744
3.1357731 0.0027735
3.1356685 0.0026668
3.1356425 0.0025662
3.1362432 0.0025448
3.1365486 0.0024744
3.1365943 0.0023909
3.1371999 0.0023905
3.1374004 0.0023233
3.1374968 0.0022538
3.1372169 0.0022044
3.1379966 0.0022781
3.1381116 0.0022169
3.1382684 0.0021618
3.1376994 0.0021797
3.1376332 0.0021241
3.1374543 0.0020780
3.1376788 0.0020391
3.1372892 0.0020277
3.1371035 0.0019887
3.1377007 0.0020327
3.1377269 0.0019872
3.1378034 0.0019450
3.1377196 0.0019050
3.1378903 0.0018727
3.1380329 0.0018396
3.1380912 0.0018034
3.1377910 0.0017930
3.1377779 0.0017582
3.1379398 0.0017323
3.1378616 0.0017017
3.1369978 0.0018806
3.1371041 0.0018498
3.1371352 0.0018173
3.1371233 0.0017857
3.1372321 0.0017586
3.1375593 0.0017597
3.1374891 0.0017321
3.1377642 0.0017260
3.1379845 0.0017126
3.1379431 0.0016861
3.1380270 0.0016621
3.1378948 0.0016420
3.1377271 0.0016260
3.1378486 0.0016065
3.1378807 0.0015834
3.1378433 0.0015611
3.1380251 0.0015496
3.1380380 0.0015280
3.1382826 0.0015266
3.1383526 0.0015075
3.1384941 0.0014940
3.1384487 0.0014749
3.1388027 0.0014980
3.1386866 0.0014833
3.1387443 0.0014655
3.1386207 0.0014523
3.1386431 0.0014345
3.1389301 0.0014456
3.1389527 0.0014283
3.1389290 0.0014114
3.1389327 0.0013947
3.1388789 0.0013794
3.1390316 0.0013720
3.1393083 0.0013843
3.1392554 0.0013696
3.1396473 0.0014099
3.1396016 0.0013951
3.1398274 0.0013982
3.1399737 0.0013908
3.1400266 0.0013769
3.1400481 0.0013625
3.1400899 0.0013489
3.1401583 0.0013367
3.1402535 0.0013264
3.1401051 0.0013213
3.1401535 0.0013089
