   -0.168882           0
   -0.214985      0.0326
   -0.237958   0.0287086
     -0.2608   0.0292388
   -0.274254    0.026305
   -0.283783   0.0235836
   -0.295474     0.02293
   -0.304688   0.0218367
   -0.310946   0.0202873
   -0.317687   0.0193461
   -0.322464   0.0181677
   -0.328464   0.0176165
   -0.332874   0.0168043
   -0.335486   0.0158057
   -0.339487   0.0152501
   -0.342004   0.0145031
   -0.342392   0.0136552
   -0.345193   0.0131807
   -0.347512   0.0126894
   -0.351759   0.0127458
   -0.355325   0.0126279
   -0.357603   0.0122576
   -0.360177    0.011992
   -0.363118   0.0118474
   -0.365286   0.0115702
   -0.366796   0.0112232
   -0.368493   0.0109351
   -0.369841   0.0106274
   -0.371619   0.0104085
   -0.374039    0.010339
   -0.375417    0.010097
   -0.377871   0.0100753
   -0.380593    0.010131
   -0.382519   0.0100144
   -0.383753  0.00980396
   -0.385233  0.00964281
   -0.386982  0.00953943
   -0.388102  0.00935393
   -0.389432  0.00920815
   -0.390734  0.00906946
   -0.392762   0.0090721
   -0.394789  0.00907993
   -0.397416  0.00924086
   -0.399763  0.00932411
   -0.400842   0.0091791
   -0.402391  0.00910933
   -0.404247  0.00910273
   -0.405935  0.00906813
   -0.408564   0.0092563
   -0.409329   0.0091028
   -0.410851  0.00905066
   -0.412746  0.00907269
   -0.414179  0.00901399
   -0.414635  0.00885859
   -0.415161  0.00871315
   -0.415869  0.00858622
   -0.416532  0.00846119
   -0.417231  0.00834411
   -0.417409  0.00820459
   -0.417592  0.00806989
   -0.418337  0.00797186
    -0.41968  0.00795566
   -0.421149  0.00796391
   -0.422481  0.00795007
   -0.423212  0.00786124
   -0.423925  0.00777441
    -0.42339  0.00767676
   -0.422725  0.00759261
   -0.422315  0.00749361
   -0.421774  0.00740611
   -0.420883  0.00735519
   -0.420745  0.00725432
   -0.420541  0.00715782
   -0.420296  0.00706529
   -0.420004  0.00697711
   -0.419912  0.00688592
   -0.420487  0.00682046
   -0.420688  0.00673597
   -0.420902  0.00665412
   -0.420483  0.00658411
   -0.420391  0.00650347
    -0.42144  0.00650815
   -0.422465     0.00651
   -0.423028  0.00645678
   -0.423988  0.00645171
   -0.423938  0.00637687
    -0.42398  0.00630371
   -0.423779  0.00623527
   -0.423769  0.00616522
   -0.423862  0.00609742
   -0.423923  0.00603072
   -0.423953  0.00596524
   -0.423793  0.00590324
   -0.423791  0.00584044
   -0.423469  0.00578781
   -0.423278  0.00573066
   -0.423552   0.0056781
   -0.423812   0.0056261
   -0.424072  0.00557531
    -0.42419   0.0055208
   -0.424338  0.00546812
    -0.42408  0.00542061
   -0.424308   0.0053728
   -0.424637  0.00533116
   -0.424791  0.00528261
   -0.425138  0.00524418
   -0.425408  0.00520213
   -0.425484  0.00515452
   -0.425249  0.00511262
   -0.424693  0.00509626
   -0.424432  0.00505704
   -0.424196  0.00501737
   -0.424153  0.00497315
   -0.423856   0.0049384
   -0.423316   0.0049249
   -0.422628   0.0049303
    -0.42154  0.00500661
   -0.421122  0.00498164
   -0.420632  0.00496384
   -0.420254   0.0049368
   -0.419474  0.00495728
   -0.418744  0.00497004
   -0.417982  0.00498783
   -0.417366   0.0049854
   -0.417068  0.00495446
   -0.416612  0.00493604
   -0.416167  0.00491718
   -0.415514  0.00492202
   -0.415229  0.00489209
   -0.415181   0.0048547
   -0.415264  0.00481836
   -0.415243   0.0047819
   -0.415184  0.00474631
   -0.415297  0.00471222
   -0.415094  0.00468171
   -0.415251  0.00464994
   -0.415152  0.00461704
   -0.414829   0.0045949
   -0.414868    0.004562
   -0.414983  0.00453088
   -0.415044  0.00449915
   -0.415026   0.0044675
   -0.414975  0.00443654
   -0.415022  0.00440599
   -0.415341  0.00438713
   -0.415577  0.00436342
   -0.415976  0.00435192
   -0.416228  0.00432979
   -0.416008  0.00430631
    -0.41619  0.00428148
    -0.41637  0.00425688
   -0.416422   0.0042292
   -0.416378  0.00420179
   -0.416173  0.00417949
   -0.416271  0.00415367
   -0.416294  0.00412711
   -0.416496  0.00410576
   -0.416479  0.00407982
    -0.41622  0.00406233
   -0.415908  0.00404893
   -0.415721  0.00402809
   -0.415627  0.00400433
   -0.415793   0.0039832
   -0.415968  0.00396276
   -0.416177  0.00394429
   -0.416299  0.00392239
   -0.416405  0.00390034
   -0.416525  0.00387897
   -0.416805   0.0038661
   -0.416978  0.00384722
   -0.417221  0.00383243
   -0.417158  0.00381066
   -0.416983  0.00379266
   -0.416926  0.00377129
   -0.417122  0.00375479
   -0.417281  0.00373683
   -0.417491  0.00372164
   -0.417721  0.00370783
   -0.417833  0.00368881
   -0.417794  0.00366853
   -0.417697  0.00364952
   -0.417501  0.00363475
   -0.417338  0.00361856
   -0.417112  0.00360591
   -0.416874  0.00359424
   -0.416444   0.0036006
   -0.416352  0.00358252
   -0.416467   0.0035653
   -0.416408  0.00354693
   -0.416269  0.00353099
   -0.416251  0.00351255
   -0.416507  0.00350355
    -0.41686  0.00350314
   -0.417101  0.00349339
   -0.417039  0.00347604
   -0.416847  0.00346359
   -0.416741  0.00344762
   -0.416828  0.00343128
   -0.417132  0.00342753
   -0.417505  0.00343062
   -0.417572  0.00341421
   -0.417441  0.00339985
   -0.417319  0.00338529
   -0.417248  0.00336942
   -0.417208  0.00335323
   -0.417117  0.00333819
   -0.417147  0.00332221
   -0.417134  0.00330626
   -0.417225   0.0032917
   -0.417232  0.00327604
   -0.417162  0.00326128
   -0.417008  0.00324949
   -0.416801  0.00324084
   -0.416761  0.00322594
    -0.41668  0.00321195
   -0.416494  0.00320245
   -0.416448  0.00318802
   -0.416467  0.00317345
   -0.416299  0.00316343
   -0.416038  0.00315976
   -0.415741  0.00315941
   -0.415614  0.00314774
   -0.415663  0.00313401
   -0.415772  0.00312192
   -0.415651  0.00311038
   -0.415443  0.00310363
   -0.415527  0.00309112
   -0.415627  0.00307915
   -0.415788  0.00306994
   -0.415961  0.00306144
   -0.415906  0.00304867
    -0.41597  0.00303621
   -0.416006  0.00302339
   -0.416044  0.00301071
   -0.416139  0.00299939
   -0.416059  0.00298776
   -0.416026  0.00297533
   -0.415947  0.00296389
   -0.415901  0.00295185
   -0.415876  0.00293965
   -0.415813  0.00292814
   -0.415755  0.00291662
    -0.41567  0.00290583
   -0.415631  0.00289418
   -0.415744  0.00288458
   -0.415888  0.00287643
   -0.415841  0.00286517
   -0.415862   0.0028537
   -0.415944  0.00284343
    -0.41613  0.00283811
   -0.416239  0.00282889
   -0.416391  0.00282174
   -0.416532   0.0028141
   -0.416553  0.00280311
   -0.416583  0.00279228
    -0.41658  0.00278137
   -0.416719  0.00277402
   -0.416723  0.00276327
   -0.416704  0.00275266
   -0.416834  0.00274516
   -0.417054  0.00274346
   -0.417182  0.00273594
   -0.417235  0.00272606
   -0.417207  0.00271587
   -0.417163  0.00270597
   -0.417158   0.0026958
   -0.417283  0.00268858
   -0.417324  0.00267887
   -0.417367  0.00266925
   -0.417429  0.00266009
   -0.417499  0.00265119
   -0.417551  0.00264195
   -0.417668  0.00263488
   -0.417782  0.00262769
   -0.417752  0.00261829
   -0.417588  0.00261395
   -0.417445  0.00260843
   -0.417286  0.00260391
   -0.417249  0.00259484
   -0.417068  0.00259188
   -0.416816  0.00259489
   -0.416658  0.00259048
   -0.416437  0.00259077
   -0.416379  0.00258228
   -0.416359   0.0025733
   -0.416226  0.00256775
   -0.415956  0.00257296
   -0.415772  0.00257057
   -0.415635  0.00256538
   -0.415686  0.00255705
   -0.415633  0.00254882
   -0.415567  0.00254094
   -0.415627  0.00253298
   -0.415759  0.00252783
   -0.415705  0.00251984
   -0.415817  0.00251382
   -0.416061  0.00251718
   -0.416078  0.00250878
   -0.416282  0.00250868
   -0.416677  0.00253123
   -0.416888  0.00253163
   -0.417085   0.0025309
   -0.417188  0.00252463
   -0.417339  0.00252086
   -0.417581  0.00252413
   -0.417805  0.00252585
   -0.417968  0.00252284
   -0.418103  0.00251827
   -0.418203   0.0025121
   -0.418419  0.00251324
   -0.418443  0.00250527
   -0.418461  0.00249731
   -0.418557  0.00249117
    -0.41866  0.00248536
   -0.418858  0.00248538
   -0.419063  0.00248595
    -0.41929  0.00248848
   -0.419353  0.00248146
   -0.419274  0.00247494
   -0.419265  0.00246722
   -0.419312  0.00245999
    -0.41939  0.00245358
   -0.419353  0.00244627
   -0.419258  0.00244055
   -0.419173  0.00243455
   -0.419305  0.00243068
   -0.419357   0.0024238
   -0.419329  0.00241657
   -0.419358  0.00240941
   -0.419233  0.00240537
   -0.419192  0.00239845
   -0.419255  0.00239205
   -0.419259  0.00238487
   -0.419154  0.00238004
   -0.419069  0.00237444
   -0.418913  0.00237255
   -0.418832  0.00236688
   -0.418756   0.0023611
   -0.418648  0.00235661
   -0.418491  0.00235488
   -0.418324  0.00235388
   -0.418198  0.00235039
   -0.418054  0.00234793
   -0.418011  0.00234149
   -0.417956  0.00233536
   -0.417925  0.00232881
   -0.417853  0.00232323
   -0.417734   0.0023196
   -0.417657  0.00231421
   -0.417578  0.00230894
   -0.417445  0.00230623
    -0.41738  0.00230057
   -0.417273  0.00229655
   -0.417186  0.00229171
   -0.417055  0.00228901
   -0.417031   0.0022827
   -0.416971   0.0022771
   -0.416867  0.00227311
   -0.416795  0.00226792
   -0.416803  0.00226164
   -0.416844  0.00225574
   -0.416827  0.00224957
    -0.41675   0.0022447
   -0.416668     0.00224
   -0.416587  0.00223535
   -0.416516  0.00223035
   -0.416559  0.00222468
   -0.416514  0.00221908
   -0.416515  0.00221306
    -0.41655  0.00220735
   -0.416673  0.00220485
    -0.41673  0.00219965
    -0.41677  0.00219412
   -0.416743  0.00218841
   -0.416677  0.00218357
   -0.416669  0.00217778
   -0.416654  0.00217205
   -0.416634   0.0021664
   -0.416622  0.00216071
   -0.416497  0.00215868
   -0.416378  0.00215629
   -0.416191  0.00215874
   -0.416092  0.00215536
   -0.415931  0.00215572
   -0.415732  0.00215934
   -0.415523   0.0021638
   -0.415348  0.00216529
   -0.415106   0.0021732
     -0.4148  0.00218904
   -0.414465  0.00220884
   -0.414149  0.00222576
   -0.413899  0.00223405
   -0.413655  0.00224161
   -0.413461  0.00224434
   -0.413235  0.00225004
   -0.413067  0.00225057
   -0.412998  0.00224597
   -0.412936  0.00224118
   -0.412813  0.00223892
    -0.41273  0.00223486
   -0.412694  0.00222958
   -0.412619  0.00222531
   -0.412522  0.00222189
   -0.412425  0.00221851
   -0.412448  0.00221315
   -0.412569  0.00221102
   -0.412717  0.00221053
   -0.412768  0.00220571
    -0.41282  0.00220092
   -0.412913  0.00219752
   -0.412989  0.00219347
   -0.413041  0.00218877
   -0.413171  0.00218729
   -0.413218  0.00218252
   -0.413253  0.00217754
   -0.413271  0.00217238
   -0.413262  0.00216719
   -0.413262    0.002162
   -0.413298  0.00215716
   -0.413379  0.00215354
   -0.413437   0.0021492
   -0.413417   0.0021442
   -0.413399  0.00213921
   -0.413315  0.00213581
    -0.41323  0.00213248
   -0.413113   0.0021307
   -0.413126  0.00212575
   -0.413156  0.00212101
    -0.41316  0.00211607
    -0.41319  0.00211135
   -0.413163  0.00210662
   -0.413105  0.00210255
   -0.412988  0.00210095
   -0.412815  0.00210316
    -0.41261  0.00210831
   -0.412438  0.00211052
   -0.412267  0.00211258
   -0.412143  0.00211143
    -0.41202  0.00211017
   -0.411913  0.00210808
   -0.411774  0.00210787
   -0.411693  0.00210468
   -0.411567   0.0021037
   -0.411492  0.00210027
   -0.411411  0.00209712
   -0.411436  0.00209256
   -0.411474  0.00208822
   -0.411495  0.00208367
    -0.41146  0.00207932
   -0.411491  0.00207493
    -0.41164  0.00207561
   -0.411691  0.00207166
   -0.411753  0.00206801
    -0.41181  0.00206425
   -0.411865  0.00206043
   -0.411904  0.00205628
   -0.411913   0.0020518
   -0.411937  0.00204746
    -0.41195  0.00204304
   -0.411948   0.0020386
   -0.411971  0.00203432
   -0.411935  0.00203025
    -0.41189  0.00202635
   -0.411964  0.00202333
   -0.411999  0.00201929
   -0.412073  0.00201631
   -0.412127  0.00201271
   -0.412165  0.00200877
   -0.412176  0.00200452
   -0.412204  0.00200045
   -0.412278  0.00199757
   -0.412324  0.00199386
   -0.412408  0.00199142
   -0.412391  0.00198729
   -0.412339  0.00198378
   -0.412235  0.00198238
   -0.412115  0.00198182
   -0.412017  0.00198011
    -0.41192  0.00197835
   -0.411871  0.00197483
   -0.411811  0.00197162
   -0.411696  0.00197092
   -0.411682  0.00196689
    -0.41169  0.00196284
   -0.411704  0.00195884
   -0.411672  0.00195507
    -0.41167  0.00195106
   -0.411618  0.00194775
    -0.41159  0.00194396
   -0.411509   0.0019417
   -0.411473  0.00193808
   -0.411497  0.00193429
   -0.411559  0.00193137
   -0.411456  0.00193022
   -0.411392  0.00192738
   -0.411326  0.00192463
   -0.411292  0.00192106
   -0.411239  0.00191793
   -0.411218   0.0019142
   -0.411233  0.00191044
   -0.411187  0.00190719
   -0.411157  0.00190362
   -0.411145  0.00189988
   -0.411098  0.00189669
   -0.411089  0.00189295
   -0.411099  0.00188924
   -0.411118  0.00188561
   -0.411056  0.00188292
   -0.410931  0.00188335
   -0.410902  0.00187989
   -0.410885  0.00187628
   -0.410787  0.00187517
   -0.410687  0.00187417
   -0.410622  0.00187167
   -0.410522  0.00187071
    -0.41043  0.00186933
   -0.410415  0.00186578
   -0.410404  0.00186221
   -0.410368  0.00185896
   -0.410415  0.00185597
   -0.410428  0.00185245
   -0.410412  0.00184897
   -0.410367  0.00184596
   -0.410266  0.00184523
   -0.410275  0.00184174
   -0.410219  0.00183912
   -0.410167  0.00183635
   -0.410045  0.00183692
    -0.40995  0.00183589
   -0.409892  0.00183336
   -0.409926  0.00183023
   -0.409975  0.00182743
   -0.410036  0.00182504
   -0.410165  0.00182614
   -0.410269   0.0018257
   -0.410382  0.00182579
   -0.410417  0.00182272
   -0.410426  0.00181935
   -0.410538  0.00181942
   -0.410577  0.00181648
   -0.410588  0.00181315
   -0.410592  0.00180981
   -0.410644  0.00180722
   -0.410679  0.00180423
   -0.410758  0.00180265
   -0.410874  0.00180308
    -0.41102  0.00180572
   -0.411177  0.00180918
   -0.411305  0.00181041
   -0.411475  0.00181511
   -0.411632  0.00181858
   -0.411749  0.00181902
   -0.411898  0.00182189
   -0.412013  0.00182223
   -0.412169  0.00182554
   -0.412293  0.00182652
   -0.412393  0.00182595
   -0.412496  0.00182557
   -0.412599  0.00182521
   -0.412717  0.00182577
    -0.41278  0.00182362
   -0.412873  0.00182274
   -0.412959  0.00182154
   -0.413072  0.00182178
   -0.413182  0.00182189
   -0.413224  0.00181915
   -0.413314  0.00181814
   -0.413381   0.0018162
   -0.413407  0.00181319
   -0.413402  0.00181002
   -0.413414  0.00180689
   -0.413376  0.00180413
   -0.413383  0.00180099
   -0.413374  0.00179788
   -0.413322  0.00179551
   -0.413206  0.00179614
   -0.413161  0.00179358
   -0.413116  0.00179104
   -0.413101  0.00178801
   -0.413183  0.00178678
   -0.413189  0.00178371
   -0.413109  0.00178247
   -0.413115  0.00177942
   -0.413066  0.00177706
   -0.413012  0.00177483
   -0.412997  0.00177187
   -0.413032  0.00176919
   -0.413113  0.00176803
   -0.413152  0.00176546
    -0.41323   0.0017642
   -0.413304  0.00176276
   -0.413373  0.00176112
   -0.413557  0.00176782
   -0.413754  0.00177577
   -0.413869  0.00177648
   -0.414051  0.00178285
   -0.414156  0.00178294
   -0.414244  0.00178212
   -0.414376  0.00178405
   -0.414506  0.00178577
    -0.41465  0.00178861
   -0.414689  0.00178608
   -0.414733  0.00178365
    -0.41479  0.00178161
   -0.414862  0.00178011
   -0.414846  0.00177724
   -0.414913   0.0017756
   -0.414943  0.00177293
   -0.414928  0.00177009
    -0.41497  0.00176767
   -0.414971  0.00176478
   -0.415044  0.00176341
   -0.415062  0.00176062
   -0.415081  0.00175786
   -0.415095  0.00175506
   -0.415027  0.00175355
   -0.415003  0.00175087
   -0.415005  0.00174804
   -0.414985  0.00174533
   -0.414921  0.00174367
   -0.414886  0.00174121
   -0.414878  0.00173843
     -0.4148  0.00173741
    -0.41475  0.00173533
   -0.414717  0.00173287
   -0.414654  0.00173123
   -0.414567  0.00173066
   -0.414469  0.00173069
   -0.414443  0.00172814
   -0.414396  0.00172603
   -0.414401   0.0017233
   -0.414346  0.00172145
   -0.414265  0.00172067
   -0.414247  0.00171805
   -0.414267  0.00171546
   -0.414153  0.00171651
   -0.414039   0.0017176
   -0.413946  0.00171744
   -0.413848  0.00171755
   -0.413815  0.00171518
   -0.413737  0.00171426
   -0.413685  0.00171239
    -0.41359  0.00171235
   -0.413552  0.00171012
    -0.41354  0.00170751
   -0.413489  0.00170564
   -0.413483  0.00170301
   -0.413397  0.00170251
    -0.41332  0.00170166
   -0.413276   0.0016996
   -0.413302  0.00169718
   -0.413282   0.0016947
   -0.413266  0.00169218
   -0.413277  0.00168962
    -0.41323   0.0016877
   -0.413125  0.00168836
    -0.41305  0.00168746
   -0.413065  0.00168496
   -0.413165   0.0016854
   -0.413334  0.00169122
   -0.413519   0.0016988
    -0.41371  0.00170691
   -0.413861  0.00171107
   -0.413925  0.00170967
   -0.413953  0.00170734
   -0.413956  0.00170478
   -0.413964  0.00170224
   -0.414009  0.00170027
   -0.414009  0.00169773
   -0.414016  0.00169521
   -0.414054  0.00169311
   -0.414071  0.00169068
    -0.41421  0.00169382
   -0.414331  0.00169565
   -0.414384  0.00169397
    -0.41438  0.00169147
   -0.414323  0.00168995
   -0.414301  0.00168759
   -0.414276  0.00168529
   -0.414296  0.00168293
   -0.414246  0.00168121
   -0.414264  0.00167884
   -0.414264  0.00167638
   -0.414257  0.00167394
   -0.414195  0.00167267
   -0.414158  0.00167065
   -0.414184  0.00166843
   -0.414243  0.00166703
   -0.414304  0.00166572
    -0.41438  0.00166507
   -0.414477  0.00166547
    -0.41455  0.00166467
   -0.414626  0.00166399
    -0.41465  0.00166177
   -0.414644  0.00165939
   -0.414687  0.00165757
   -0.414727  0.00165568
   -0.414824  0.00165615
   -0.414938  0.00165769
   -0.415017  0.00165718
   -0.415078  0.00165594
   -0.415163  0.00165581
   -0.415248  0.00165558
   -0.415426  0.00166281
   -0.415573  0.00166695
   -0.415706  0.00166989
    -0.41571  0.00166753
   -0.415798   0.0016675
   -0.415938    0.001671
   -0.416015  0.00167045
   -0.416087  0.00166961
   -0.416172  0.00166947
   -0.416334  0.00167494
   -0.416546    0.001686
   -0.416744   0.0016952
   -0.416909  0.00170082
   -0.417055  0.00170473
   -0.417216  0.00170996
   -0.417295   0.0017094
   -0.417285  0.00170705
   -0.417279  0.00170469
   -0.417308  0.00170257
   -0.417404  0.00170296
   -0.417424  0.00170072
   -0.417424  0.00169838
   -0.417413  0.00169607
   -0.417448  0.00169408
   -0.417409  0.00169219
   -0.417377  0.00169018
   -0.417385  0.00168788
   -0.417429  0.00168613
    -0.41744  0.00168387
   -0.417483  0.00168213
   -0.417527   0.0016804
   -0.417666  0.00168389
   -0.417843  0.00169086
   -0.417931  0.00169083
   -0.417984  0.00168939
   -0.418021  0.00168751
   -0.418059  0.00168564
   -0.418113  0.00168424
   -0.418138  0.00168216
   -0.418151  0.00167995
   -0.418166  0.00167776
   -0.418167  0.00167551
   -0.418172  0.00167327
   -0.418173  0.00167103
   -0.418186  0.00166884
   -0.418185  0.00166662
   -0.418203  0.00166449
   -0.418146  0.00166325
   -0.418157  0.00166108
   -0.418127  0.00165914
   -0.418044  0.00165905
   -0.418004  0.00165732
    -0.41801  0.00165514
    -0.41799  0.00165307
   -0.417985   0.0016509
   -0.417944  0.00164923
   -0.417934   0.0016471
   -0.417855  0.00164679
   -0.417848  0.00164465
   -0.417765  0.00164458
   -0.417704  0.00164356
   -0.417735  0.00164171
   -0.417755  0.00163968
   -0.417784  0.00163781
   -0.417819  0.00163605
   -0.417827  0.00163394
   -0.417836  0.00163185
   -0.417857  0.00162986
   -0.417799  0.00162878
   -0.417766    0.001627
   -0.417695  0.00162644
   -0.417635  0.00162545
   -0.417541  0.00162605
   -0.417497  0.00162456
    -0.41746   0.0016229
    -0.41751   0.0016216
   -0.417513  0.00161952
   -0.417476  0.00161785
   -0.417436  0.00161629
   -0.417414  0.00161438
   -0.417386  0.00161255
   -0.417337  0.00161124
   -0.417362  0.00160937
   -0.417358  0.00160733
   -0.417332   0.0016055
   -0.417335  0.00160347
   -0.417288  0.00160211
   -0.417244   0.0016007
     -0.4172  0.00159928
   -0.417108  0.00159989
   -0.417055  0.00159876
   -0.416976  0.00159872
    -0.41691  0.00159807
   -0.416851  0.00159716
   -0.416746  0.00159856
   -0.416663  0.00159875
   -0.416583  0.00159873
   -0.416523  0.00159785
   -0.416484  0.00159634
   -0.416419  0.00159566
    -0.41639  0.00159394
    -0.41634  0.00159276
   -0.416277  0.00159201
   -0.416189  0.00159246
   -0.416125   0.0015918
   -0.416041  0.00159202
   -0.415981  0.00159119
   -0.415894  0.00159161
   -0.415844  0.00159042
   -0.415804  0.00158899
   -0.415815  0.00158708
   -0.415879  0.00158643
   -0.415912  0.00158483
   -0.415892  0.00158302
   -0.415872   0.0015812
   -0.415863   0.0015793
   -0.415872   0.0015774
    -0.41587  0.00157548
   -0.415862  0.00157358
   -0.415828  0.00157204
   -0.415826  0.00157013
   -0.415861  0.00156862
   -0.415892  0.00156702
   -0.415861  0.00156544
   -0.415841  0.00156367
   -0.415801   0.0015623
   -0.415785   0.0015605
   -0.415784  0.00155863
   -0.415778  0.00155677
   -0.415732  0.00155558
   -0.415705  0.00155395
   -0.415647  0.00155315
   -0.415622  0.00155149
   -0.415615  0.00154966
    -0.41562  0.00154782
   -0.415624  0.00154598
   -0.415636  0.00154419
   -0.415618  0.00154246
   -0.415613  0.00154064
   -0.415619  0.00153882
   -0.415582  0.00153744
   -0.415537  0.00153628
   -0.415479  0.00153554
   -0.415425  0.00153468
   -0.415307  0.00153746
    -0.41533  0.00153583
   -0.415374  0.00153466
   -0.415417  0.00153346
   -0.415495  0.00153365
   -0.415521  0.00153207
   -0.415558  0.00153071
   -0.415584  0.00152914
   -0.415654  0.00152898
   -0.415733  0.00152922
   -0.415758  0.00152764
   -0.415761  0.00152587
   -0.415688   0.0015258
   -0.415636  0.00152493
   -0.415615   0.0015233
     -0.4156  0.00152161
   -0.415633  0.00152021
   -0.415739  0.00152214
   -0.415879  0.00152682
   -0.416025  0.00153194
   -0.416112  0.00153267
   -0.416225  0.00153505
    -0.41633  0.00153689
   -0.416359   0.0015354
   -0.416421  0.00153489
   -0.416507  0.00153553
   -0.416569  0.00153502
   -0.416651  0.00153546
   -0.416762   0.0015377
   -0.416789   0.0015362
   -0.416869   0.0015365
   -0.417005  0.00154076
   -0.417214  0.00155323
   -0.417467  0.00157194
   -0.417672  0.00158338
   -0.417801  0.00158687
   -0.417932  0.00159044
   -0.418003  0.00159023
   -0.418022  0.00158854
   -0.418069  0.00158745
   -0.418139   0.0015872
   -0.418232  0.00158814
   -0.418299  0.00158779
   -0.418335  0.00158642
   -0.418422  0.00158703
   -0.418539  0.00158955
   -0.418647  0.00159141
   -0.418737  0.00159221
   -0.418787   0.0015912
   -0.418815  0.00158968
   -0.418786  0.00158817
    -0.41881  0.00158658
   -0.418787  0.00158499
   -0.418778  0.00158325
   -0.418803  0.00158169
   -0.418819  0.00158002
    -0.41881   0.0015783
   -0.418813  0.00157656
   -0.418796   0.0015749
   -0.418784  0.00157321
   -0.418756  0.00157174
   -0.418763  0.00157003
   -0.418755  0.00156833
   -0.418702  0.00156748
   -0.418715  0.00156581
   -0.418725  0.00156412
   -0.418737  0.00156246
   -0.418744  0.00156077
   -0.418782  0.00155954
   -0.418742  0.00155835
    -0.41873   0.0015567
   -0.418717  0.00155506
   -0.418706  0.00155341
   -0.418697  0.00155175
    -0.41868  0.00155016
     -0.4186  0.00155052
   -0.418576  0.00154904
    -0.41859  0.00154743
   -0.418637  0.00154646
   -0.418658  0.00154494
   -0.418692  0.00154365
   -0.418734  0.00154255
   -0.418766  0.00154123
   -0.418794  0.00153983
   -0.418833  0.00153868
   -0.418865  0.00153735
   -0.418906  0.00153627
   -0.418945  0.00153512
   -0.418978  0.00153383
   -0.418995  0.00153229
    -0.41902  0.00153086
   -0.419012  0.00152925
   -0.418933  0.00152966
     -0.4189   0.0015284
    -0.41888   0.0015269
   -0.418827  0.00152622
   -0.418772  0.00152557
   -0.418709  0.00152529
   -0.418683   0.0015239
   -0.418654  0.00152255
   -0.418584  0.00152257
   -0.418471  0.00152512
    -0.41843  0.00152408
   -0.418423  0.00152249
   -0.418403  0.00152103
   -0.418359  0.00152005
   -0.418319    0.001519
   -0.418302  0.00151749
   -0.418306  0.00151591
   -0.418294  0.00151438
   -0.418269  0.00151301
   -0.418274  0.00151144
   -0.418297  0.00151003
   -0.418286   0.0015085
   -0.418323  0.00150739
   -0.418341  0.00150594
   -0.418366  0.00150457
   -0.418375  0.00150304
   -0.418338  0.00150193
   -0.418314  0.00150056
   -0.418274  0.00149957
    -0.41826  0.00149808
   -0.418237  0.00149673
   -0.418264  0.00149543
   -0.418315  0.00149477
     -0.4184  0.00149562
   -0.418435   0.0014945
   -0.418452  0.00149306
   -0.418461  0.00149156
   -0.418478  0.00149013
    -0.41853  0.00148953
   -0.418649  0.00149271
   -0.418736   0.0014937
   -0.418782  0.00149291
   -0.418836  0.00149235
   -0.418919  0.00149312
   -0.418999   0.0014938
    -0.41905  0.00149313
   -0.419081  0.00149193
    -0.41914  0.00149161
   -0.419228   0.0014927
    -0.41928   0.0014921
   -0.419302  0.00149074
   -0.419362  0.00149045
   -0.419319  0.00148956
   -0.419312  0.00148808
   -0.419313  0.00148659
   -0.419311  0.00148509
   -0.419318  0.00148362
   -0.419314  0.00148213
   -0.419354  0.00148119
   -0.419379  0.00147991
   -0.419411  0.00147879
