           0           0           0
           1           0           0
           2           0           0
           3           0           0
           4           0           0
           5           0           0
           6           0           0
           7           0           0
           8           0           0
           9           0           0
          10           0           0
          11           0           0
          12           0           0
          13  0.00104171 0.000118491
          14    0.151813  0.00173925
          15      1.0815  0.00695091
          16     2.07431    0.011409
          17     2.30438    0.011634
          18     2.12233   0.0104437
          19     1.86143  0.00841261
          20     1.63606  0.00727944
          21     1.47165  0.00637462
          22     1.34689  0.00567037
          23     1.26066  0.00521061
          24     1.19533   0.0048747
          25     1.15394  0.00466842
          26     1.11914  0.00442884
          27     1.09717  0.00425333
          28     1.08251  0.00417857
          29     1.07373  0.00403236
          30       1.071  0.00406731
          31     1.06766  0.00391445
          32     1.06349  0.00384867
          33     1.06171  0.00365775
          34     1.05716  0.00357072
          35     1.05295  0.00351643
          36     1.04848  0.00331638
          37     1.04217  0.00314081
          38     1.03554  0.00303159
          39     1.02929  0.00284946
          40     1.02293  0.00284154
          41     1.02076  0.00276609
          42     1.01667  0.00262728
          43     1.01598  0.00245345
          44     1.01236  0.00243123
          45     1.01032   0.0023467
          46     1.01105  0.00237006
          47     1.00823  0.00236014
          48     1.00586  0.00231314
          49     1.00387  0.00220283
          50     1.00377  0.00209439
          51     1.00153  0.00208527
          52     1.00094  0.00202354
          53    0.998398  0.00207523
          54    0.998524  0.00195951
          55    0.995883  0.00191625
          56    0.993704  0.00188956
          57    0.994844  0.00190178
          58    0.994884  0.00180401
          59    0.994707  0.00172952
          60    0.992768  0.00171937
          61    0.990923  0.00166721
          62     0.98975   0.0016324
          63    0.988244  0.00162532
          64    0.986866  0.00158457
          65    0.987119  0.00157208
          66    0.987231  0.00152539
          67    0.987406  0.00149346
          68    0.986556  0.00147545
          69    0.987234  0.00139336
          70    0.987408  0.00140169
          71    0.986614  0.00138957
          72    0.987223  0.00138819
          73    0.986274  0.00134898
          74    0.985164  0.00132732
          75    0.985191  0.00129172
          76     0.98442  0.00126235
          77    0.983831  0.00124677
          78    0.984031    0.001203
          79    0.984054  0.00116709
          80    0.982981  0.00118114
          81    0.983708  0.00118927
          82    0.983422   0.0011836
          83    0.984644    0.001146
          84    0.984815  0.00115297
          85    0.985438   0.0011024
          86    0.984138  0.00110765
          87    0.982251  0.00109151
          88    0.982562  0.00109079
          89    0.982393  0.00105944
          90    0.982283  0.00103369
          91    0.982398  0.00102685
          92    0.982009  0.00103037
          93    0.982411  0.00100852
          94    0.982147 0.000989912
          95    0.981575 0.000985511
          96    0.981921 0.000999392
          97    0.982236  0.00100027
          98    0.982189  0.00101316
          99    0.982322   0.0010259
