   0.0503024           0
   0.0511781 0.000619193
   0.0516502   0.0005648
   0.0516964 0.000425487
   0.0506525 0.000993796
   0.0503857 0.000863235
   0.0505271 0.000751403
   0.0502912 0.000693514
   0.0501567 0.000629365
   0.0502626 0.000575272
   0.0505647 0.000597037
   0.0505117 0.000549629
   0.0500644 0.000664929
    0.049987 0.000621916
   0.0500633 0.000585115
   0.0498588 0.000583212
   0.0498416 0.000549157
   0.0497575  0.00052505
   0.0500336 0.000565388
   0.0501387 0.000546791
   0.0501492 0.000520854
   0.0500449 0.000507507
   0.0501169 0.000490521
   0.0502308 0.000483116
   0.0501409 0.000472076
   0.0501477 0.000453968
   0.0500179 0.000455321
   0.0500047 0.000439252
   0.0501091 0.000436343
   0.0501258 0.000422117
   0.0500268 0.000419953
    0.049836 0.000448095
   0.0497447 0.000443722
   0.0495703 0.000463674
   0.0495466 0.000451029
   0.0495835 0.000440008
   0.0495795 0.000428134
   0.0495155 0.000421617
   0.0495002 0.000411087
   0.0495585 0.000404923
   0.0496701 0.000410156
   0.0496017 0.000406052
   0.0495517 0.000399675
   0.0494824 0.000396563
   0.0494709 0.000387916
   0.0494942 0.000380179
   0.0494537 0.000374245
   0.0494201 0.000367948
   0.0494448 0.000361267
   0.0493844 0.000359068
   0.0493947 0.000352175
   0.0493934 0.000345405
   0.0494277 0.000340581
   0.0494101 0.000334727
   0.0494207  0.00032881
   0.0493825 0.000325155
   0.0493654 0.000319902
   0.0493205 0.000317516
   0.0492769 0.000315117
   0.0492579 0.000310437
   0.0492071 0.000309479
   0.0492243 0.000304969
   0.0492258 0.000300132
   0.0492048 0.000296174
   0.0491732 0.000293304
   0.0491171 0.000294169
   0.0490348 0.000301074
   0.0490379 0.000296662
   0.0490496 0.000292595
   0.0490179 0.000290132
    0.049001 0.000286537
   0.0490131 0.000282813
   0.0490149 0.000278945
   0.0490221 0.000275269
   0.0490884 0.000279451
   0.0490772 0.000275995
   0.0491643 0.000285807
    0.049157 0.000282235
   0.0491972 0.000281503
   0.0492416 0.000281476
   0.0491873 0.000283202
   0.0491512 0.000282032
   0.0491048 0.000282429
   0.0491108  0.00027913
    0.049153 0.000279009
   0.0491474  0.00027582
   0.0491461 0.000272653
   0.0491379  0.00026968
   0.0491293 0.000266786
   0.0491147 0.000264218
   0.0491008 0.000261681
   0.0490859 0.000259263
   0.0490829 0.000256493
   0.0490684 0.000254174
   0.0490565 0.000251775
   0.0490349 0.000250073
   0.0490454 0.000247713
   0.0490157 0.000246956
   0.0490072 0.000244608
   0.0490133 0.000242238
   0.0489862 0.000241356
    0.048958 0.000240632
   0.0489918 0.000240662
   0.0489891 0.000238363
   0.0489836 0.000236157
   0.0489935 0.000234139
   0.0490056 0.000232259
   0.0489827  0.00023123
   0.0489743 0.000229261
   0.0489723 0.000227186
   0.0489381 0.000227709
   0.0489339 0.000225715
   0.0489038 0.000225709
   0.0489048 0.000223731
   0.0489412 0.000224732
   0.0489486 0.000222918
   0.0489398 0.000221189
   0.0489254 0.000219782
   0.0489232 0.000217946
   0.0489223 0.000216132
   0.0489262 0.000214382
   0.0489201 0.000212714
   0.0489001 0.000211914
   0.0488944 0.000210284
   0.0488777 0.000209259
   0.0488758 0.000207607
   0.0488678 0.000206124
   0.0488578 0.000204759
   0.0488633 0.000203247
   0.0488456 0.000202454
    0.048855 0.000201126
    0.048843 0.000199959
   0.0488391 0.000198495
   0.0488074 0.000199527
   0.0487695 0.000201608
   0.0487787 0.000200334
   0.0488186 0.000202803
   0.0488091 0.000201553
   0.0488113 0.000200114
   0.0488137 0.000198699
   0.0488146 0.000197292
   0.0488133 0.000195907
   0.0488209 0.000194686
   0.0488103 0.000193623
   0.0487954  0.00019286
   0.0487834 0.000191914
    0.048783 0.000190609
   0.0487817 0.000189325
   0.0488006 0.000188999
   0.0487868 0.000188248
   0.0487711 0.000187651
   0.0487783 0.000186554
   0.0487847 0.000185443
    0.048769 0.000184898
   0.0487715 0.000183721
   0.0487791 0.000182701
   0.0487866 0.000181689
   0.0487985 0.000180933
   0.0488043 0.000179888
   0.0488057 0.000178769
   0.0487989 0.000177788
   0.0488163 0.000177535
   0.0488002 0.000177174
   0.0487914 0.000176313
   0.0487835 0.000175418
   0.0487625 0.000175615
     0.04876 0.000174583
   0.0487738 0.000174094
   0.0487911 0.000173917
    0.048799 0.000173075
    0.048798 0.000172066
   0.0487963 0.000171073
   0.0487887 0.000170255
   0.0487936 0.000169346
   0.0487737 0.000169543
   0.0487845 0.000168925
   0.0487854 0.000167973
   0.0487818 0.000167066
   0.0487565 0.000168049
   0.0487696  0.00016763
   0.0487942 0.000168493
   0.0488166 0.000169049
   0.0488207 0.000168176
   0.0488255 0.000167331
   0.0488201 0.000166515
   0.0487984 0.000167021
   0.0487859 0.000166596
   0.0487821 0.000165753
    0.048796  0.00016546
    0.048791 0.000164665
    0.048773 0.000164784
   0.0487832 0.000164237
   0.0487659 0.000164298
     0.04877 0.000163503
   0.0487543 0.000163409
   0.0487523 0.000162587
   0.0487506 0.000161772
   0.0487461 0.000161017
   0.0487438 0.000160224
   0.0487808 0.000163635
    0.048785 0.000162873
   0.0487817 0.000162099
   0.0487938 0.000161752
   0.0487847 0.000161214
   0.0488102 0.000162429
   0.0488108 0.000161641
   0.0488216 0.000161218
   0.0488246 0.000160471
   0.0488367 0.000160163
    0.048834 0.000159424
   0.0488243  0.00015896
   0.0488308 0.000158342
   0.0488268 0.000157649
   0.0488281 0.000156918
    0.048842 0.000156805
   0.0488519  0.00015639
   0.0488717  0.00015692
   0.0488837 0.000156655
     0.04888 0.000155983
    0.048893 0.000155814
   0.0489106 0.000156094
   0.0489155 0.000155471
   0.0489096 0.000154888
   0.0489168 0.000154365
   0.0489104 0.000153812
   0.0489111 0.000153133
   0.0489147 0.000152501
   0.0489193 0.000151902
   0.0489312 0.000151704
   0.0489286 0.000151066
   0.0489135 0.000151172
   0.0489171 0.000150565
   0.0489317 0.000150621
   0.0489373 0.000150083
   0.0489271 0.000149792
   0.0489482  0.00015064
   0.0489346 0.000150617
   0.0489184 0.000150854
   0.0489085 0.000150549
   0.0488985 0.000150254
   0.0488877 0.000150016
    0.048873 0.000150115
   0.0488767 0.000149542
   0.0488643 0.000149439
    0.048855 0.000149121
    0.048869 0.000149175
   0.0488714 0.000148591
    0.048865  0.00014813
   0.0488578  0.00014771
   0.0488702  0.00014764
    0.048879 0.000147314
    0.048885 0.000146851
   0.0488782 0.000146427
   0.0488612 0.000146839
   0.0488691 0.000146478
   0.0488638 0.000146001
   0.0488752 0.000145872
   0.0488665 0.000145563
   0.0488611   0.0001451
   0.0488515 0.000144861
   0.0488558 0.000144368
   0.0488498 0.000143939
   0.0488757 0.000145703
   0.0488894 0.000145788
   0.0489112 0.000146856
   0.0489135 0.000146323
   0.0489047 0.000146041
   0.0489177 0.000146078
   0.0489064 0.000145974
   0.0488985 0.000145647
   0.0488788 0.000146437
   0.0488875 0.000146155
    0.048886 0.000145627
   0.0489005 0.000145817
   0.0489123 0.000145765
   0.0489157 0.000145275
   0.0489302 0.000145472
   0.0489238 0.000145087
   0.0489317  0.00014478
   0.0489393 0.000144463
   0.0489426 0.000143988
   0.0489432 0.000143478
   0.0489364  0.00014313
    0.048936 0.000142627
   0.0489446 0.000142389
   0.0489597 0.000142681
   0.0489637 0.000142242
   0.0489626 0.000141753
    0.048967 0.000141332
    0.048962 0.000140935
   0.0489523 0.000140785
   0.0489495  0.00014033
   0.0489489 0.000139853
   0.0489567 0.000139592
   0.0489592 0.000139142
   0.0489546 0.000138749
   0.0489676  0.00013889
   0.0489789  0.00013888
   0.0489665 0.000138967
   0.0489687 0.000138522
   0.0489602 0.000138326
   0.0489752 0.000138679
   0.0489777 0.000138245
   0.0489707 0.000137967
   0.0489666 0.000137578
   0.0489563 0.000137507
   0.0489591 0.000137086
   0.0489567 0.000136662
    0.048953 0.000136269
   0.0489465 0.000135983
   0.0489387 0.000135769
   0.0489153 0.000137345
   0.0488999  0.00013776
   0.0489115 0.000137807
    0.048901 0.000137771
   0.0488903 0.000137744
   0.0488949 0.000137385
   0.0489028 0.000137178
   0.0489022 0.000136749
   0.0489047 0.000136344
   0.0488943 0.000136315
   0.0488847 0.000136229
   0.0488813 0.000135849
   0.0488718 0.000135761
   0.0488694 0.000135365
   0.0488594  0.00013532
    0.048852  0.00013511
   0.0488566 0.000134777
   0.0488522  0.00013444
   0.0488519 0.000134033
   0.0488455 0.000133782
   0.0488461 0.000133381
   0.0488474 0.000132987
   0.0488468  0.00013259
   0.0488488 0.000132209
   0.0488467 0.000131833
   0.0488521 0.000131554
   0.0488531 0.000131168
    0.048849 0.000130845
   0.0488433 0.000130583
   0.0488386 0.000130284
   0.0488358 0.000129934
   0.0488329 0.000129588
   0.0488252 0.000129439
   0.0488331 0.000129306
   0.0488244 0.000129226
   0.0488099 0.000129659
   0.0488097 0.000129286
    0.048809 0.000128918
   0.0488009 0.000128805
   0.0488004 0.000128439
   0.0488089 0.000128357
   0.0488155 0.000128161
   0.0488198 0.000127871
   0.0488261 0.000127666
   0.0488335 0.000127524
   0.0488267  0.00012735
   0.0488257 0.000126998
   0.0488103 0.000127571
   0.0488092 0.000127221
   0.0488104 0.000126874
   0.0488108 0.000126524
   0.0488141 0.000126217
   0.0488251 0.000126349
    0.048824 0.000126007
   0.0488259 0.000125676
   0.0488231 0.000125363
   0.0488241 0.000125026
   0.0488302 0.000124835
    0.048834 0.000124555
     0.04883 0.000124284
   0.0488328 0.000123983
   0.0488377 0.000123744
   0.0488407  0.00012345
   0.0488368 0.000123182
   0.0488312 0.000122984
   0.0488321 0.000122661
   0.0488409 0.000122651
   0.0488422 0.000122335
   0.0488458 0.000122067
   0.0488527 0.000121941
   0.0488653 0.000122266
    0.048864 0.000121953
   0.0488623 0.000121648
   0.0488676 0.000121451
   0.0488615  0.00012129
   0.0488667 0.000121088
   0.0488744 0.000121018
   0.0488782 0.000120765
   0.0488873 0.000120799
    0.048893 0.000120624
   0.0489006 0.000120561
   0.0489079 0.000120471
   0.0489155 0.000120408
   0.0489198 0.000120181
   0.0489227  0.00011991
   0.0489218 0.000119611
   0.0489251 0.000119356
   0.0489264 0.000119064
    0.048927 0.000118768
   0.0489189 0.000118752
   0.0489071 0.000119038
   0.0489126  0.00011887
   0.0489148 0.000118596
   0.0489148 0.000118303
   0.0489135 0.000118019
   0.0489213 0.000117986
    0.048913 0.000117984
   0.0489056 0.000117932
   0.0489065 0.000117649
    0.048895 0.000117926
   0.0488999 0.000117741
   0.0488971  0.00011749
   0.0488891 0.000117475
    0.048893 0.000117257
    0.048899 0.000117129
   0.0489053 0.000117016
   0.0489143 0.000117081
     0.04891  0.00011688
   0.0489018 0.000116888
   0.0489015 0.000116611
   0.0489047 0.000116379
   0.0489152 0.000116584
    0.048914 0.000116315
   0.0489136 0.000116042
   0.0489191   0.0001159
   0.0489178 0.000115637
   0.0489249 0.000115589
   0.0489187 0.000115489
   0.0489186 0.000115221
   0.0489196 0.000114958
   0.0489199 0.000114692
   0.0489161 0.000114489
   0.0489042 0.000114846
   0.0489016 0.000114611
   0.0489076 0.000114507
   0.0489057 0.000114262
   0.0489234 0.000115362
    0.048923 0.000115099
   0.0489206 0.000114863
   0.0489282 0.000114851
   0.0489297   0.0001146
   0.0489248 0.000114444
   0.0489315 0.000114381
   0.0489497 0.000115556
   0.0489492 0.000115298
   0.0489593 0.000115481
   0.0489593 0.000115224
   0.0489597 0.000114968
   0.0489582 0.000114721
   0.0489616 0.000114517
   0.0489633 0.000114275
   0.0489655 0.000114044
   0.0489659 0.000113793
   0.0489643 0.000113554
   0.0489599  0.00011339
   0.0489684 0.000113459
   0.0489725 0.000113287
    0.048972 0.000113041
    0.048973 0.000112799
    0.048967 0.000112712
   0.0489679 0.000112471
   0.0489682 0.000112229
    0.048966  0.00011201
   0.0489635 0.000111797
   0.0489616 0.000111573
   0.0489654 0.000111402
   0.0489689 0.000111218
   0.0489713 0.000111007
   0.0489778 0.000110959
   0.0489837  0.00011088
   0.0489849 0.000110652
   0.0489892 0.000110502
   0.0489886 0.000110271
   0.0489898 0.000110046
    0.048992 0.000109835
    0.048998 0.000109768
   0.0489932  0.00010964
    0.048994 0.000109414
   0.0490056 0.000109799
   0.0490094 0.000109637
   0.0490054  0.00010948
   0.0490065 0.000109259
   0.0490093 0.000109071
   0.0490101 0.000108848
   0.0490068 0.000108674
    0.049009 0.000108473
   0.0490193 0.000108741
   0.0490227 0.000108571
   0.0490284 0.000108503
   0.0490223 0.000108457
   0.0490227 0.000108237
   0.0490321 0.000108422
   0.0490368 0.000108303
   0.0490389 0.000108106
   0.0490374 0.000107898
   0.0490303 0.000107916
   0.0490249  0.00010783
    0.049023 0.000107632
   0.0490155 0.000107673
   0.0490157 0.000107458
   0.0490071 0.000107588
   0.0490055 0.000107386
   0.0490007  0.00010728
   0.0489927 0.000107365
   0.0489956 0.000107191
   0.0490059 0.000107475
   0.0490061 0.000107264
   0.0489996 0.000107251
   0.0490011 0.000107052
   0.0490045 0.000106895
   0.0490067  0.00010671
    0.049007 0.000106502
   0.0490096 0.000106327
   0.0490131 0.000106179
   0.0490101 0.000106016
   0.0490137 0.000105873
   0.0490101 0.000105729
   0.0490161 0.000105692
   0.0490192 0.000105533
   0.0490188 0.000105331
   0.0490153 0.000105187
   0.0490189 0.000105049
    0.049031 0.000105536
   0.0490359 0.000105453
   0.0490401 0.000105334
   0.0490358  0.00010522
   0.0490344  0.00010503
   0.0490331  0.00010484
   0.0490286 0.000104741
    0.049031 0.000104571
   0.0490233 0.000104656
   0.0490207 0.000104492
   0.0490233 0.000104331
   0.0490311 0.000104421
   0.0490337  0.00010426
   0.0490388 0.000104191
   0.0490446 0.000104157
   0.0490491 0.000104063
   0.0490466 0.000103901
   0.0490442 0.000103738
   0.0490426 0.000103558
   0.0490403 0.000103393
    0.049039 0.000103212
   0.0490374 0.000103035
   0.0490411 0.000102914
   0.0490407 0.000102727
   0.0490382 0.000102571
     0.04904 0.000102401
   0.0490516 0.000102867
   0.0490504 0.000102687
   0.0490569 0.000102705
   0.0490569  0.00010252
   0.0490579 0.000102339
   0.0490599 0.000102175
   0.0490605 0.000101993
   0.0490642 0.000101877
   0.0490654 0.000101701
   0.0490618 0.000101583
   0.0490657 0.000101476
   0.0490681 0.000101323
    0.049056 0.000101857
   0.0490575 0.000101687
   0.0490502  0.00010177
   0.0490411 0.000101998
   0.0490419 0.000101821
   0.0490409 0.000101646
   0.0490455 0.000101571
    0.049049 0.000101452
   0.0490442 0.000101384
   0.0490401  0.00010129
    0.049047 0.000101345
    0.049043 0.000101248
   0.0490444 0.000101081
   0.0490451 0.000100909
   0.0490463 0.000100741
   0.0490426 0.000100634
   0.0490355 0.000100717
   0.0490299 0.000100697
   0.0490335  0.00010059
   0.0490366 0.000100464
   0.0490416 0.000100414
   0.0490394 0.000100265
   0.0490395 0.000100094
    0.049042 9.99552e-05
   0.0490421 9.97846e-05
   0.0490462 9.96981e-05
   0.0490512 9.96565e-05
   0.0490502 9.94924e-05
   0.0490505 9.93241e-05
   0.0490482 9.91826e-05
   0.0490466 9.90286e-05
   0.0490457 9.88657e-05
   0.0490476 9.87186e-05
   0.0490458 9.85689e-05
    0.049043 9.84458e-05
   0.0490374 9.84354e-05
   0.0490341 9.83265e-05
   0.0490257 9.85222e-05
   0.0490249 9.83614e-05
    0.049021  9.8273e-05
   0.0490221 9.81158e-05
   0.0490227 9.79546e-05
   0.0490214 9.78007e-05
    0.049022 9.76411e-05
   0.0490219 9.74801e-05
   0.0490175 9.74192e-05
   0.0490133 9.73495e-05
    0.049008 9.73325e-05
   0.0490193 9.78207e-05
   0.0490208 9.76719e-05
   0.0490274 9.77366e-05
   0.0490295 9.75995e-05
   0.0490297 9.74407e-05
   0.0490252 9.73866e-05
   0.0490263 9.72355e-05
   0.0490298 9.71393e-05
    0.049034 9.70743e-05
   0.0490364 9.69461e-05
   0.0490311 9.69356e-05
   0.0490259 9.69153e-05
   0.0490235 9.67895e-05
    0.049031 9.69262e-05
   0.0490258 9.69117e-05
   0.0490242 9.67699e-05
   0.0490293 9.67469e-05
   0.0490322 9.66387e-05
   0.0490273 9.66132e-05
   0.0490336 9.66677e-05
   0.0490307 9.65567e-05
   0.0490301 9.64058e-05
   0.0490312 9.62594e-05
   0.0490317 9.61085e-05
   0.0490332 9.59688e-05
   0.0490333 9.58178e-05
   0.0490326 9.56702e-05
   0.0490335 9.55247e-05
   0.0490403 9.56149e-05
   0.0490394 9.54695e-05
   0.0490381 9.53287e-05
   0.0490368 9.51888e-05
   0.0490369 9.50405e-05
   0.0490363 9.48948e-05
   0.0490415  9.4892e-05
    0.049041 9.47463e-05
   0.0490435 9.46315e-05
    0.049047 9.45504e-05
   0.0490502 9.44598e-05
   0.0490498 9.43154e-05
   0.0490479 9.41891e-05
   0.0490463 9.40575e-05
   0.0490436 9.39524e-05
   0.0490403 9.38667e-05
   0.0490368 9.37869e-05
   0.0490382 9.36535e-05
   0.0490387 9.35124e-05
   0.0490354 9.34304e-05
   0.0490365 9.32947e-05
   0.0490388 9.31825e-05
   0.0490449 9.32391e-05
    0.049042  9.3144e-05
   0.0490432 9.30116e-05
   0.0490448 9.28856e-05
    0.049047 9.27708e-05
   0.0490498 9.26733e-05
   0.0490475 9.25612e-05
   0.0490488 9.24314e-05
   0.0490474 9.23035e-05
   0.0490439 9.22313e-05
   0.0490443 9.20943e-05
   0.0490479 9.20278e-05
   0.0490504 9.19251e-05
   0.0490535 9.18407e-05
   0.0490469 9.19433e-05
   0.0490462 9.18097e-05
   0.0490466 9.16748e-05
   0.0490527 9.17425e-05
   0.0490505 9.16343e-05
   0.0490522 9.15169e-05
   0.0490535 9.13911e-05
   0.0490507 9.13015e-05
   0.0490526 9.11874e-05
   0.0490557 9.11067e-05
   0.0490562 9.09753e-05
   0.0490573  9.0849e-05
   0.0490549 9.07491e-05
   0.0490511 9.06964e-05
   0.0490526 9.05768e-05
   0.0490503 9.04743e-05
   0.0490523 9.03646e-05
   0.0490493 9.02809e-05
   0.0490456 9.02274e-05
   0.0490466  9.0103e-05
   0.0490454 8.99818e-05
    0.049044  8.9863e-05
   0.0490422 8.97518e-05
   0.0490416 8.96253e-05
   0.0490495 8.98453e-05
   0.0490516 8.97413e-05
   0.0490486 8.96639e-05
   0.0490408 8.98671e-05
   0.0490368 8.98282e-05
   0.0490374  8.9702e-05
   0.0490425 8.97218e-05
   0.0490403 8.96218e-05
   0.0490432 8.95412e-05
   0.0490425 8.94173e-05
   0.0490432 8.92937e-05
   0.0490421  8.9174e-05
   0.0490368 8.92068e-05
   0.0490352 8.90965e-05
   0.0490345 8.89735e-05
   0.0490366 8.88735e-05
   0.0490324 8.88492e-05
   0.0490335 8.87316e-05
   0.0490301  8.8672e-05
   0.0490308 8.85508e-05
   0.0490299 8.84326e-05
   0.0490204 8.88176e-05
    0.049018 8.87255e-05
   0.0490149 8.86572e-05
   0.0490115 8.86003e-05
   0.0490135 8.85005e-05
   0.0490091 8.84883e-05
   0.0490084 8.83686e-05
   0.0490118 8.83097e-05
   0.0490106  8.8196e-05
   0.0490076 8.81242e-05
   0.0490039 8.80826e-05
    0.049003 8.79665e-05
   0.0490007 8.78775e-05
   0.0489932 8.80769e-05
   0.0489915 8.79716e-05
   0.0489864 8.80004e-05
   0.0489889 8.79159e-05
   0.0489892  8.7797e-05
   0.0489872 8.77003e-05
   0.0489863 8.75862e-05
   0.0489916 8.76263e-05
   0.0489914 8.75081e-05
   0.0489896 8.74081e-05
   0.0489875 8.73155e-05
   0.0489849 8.72387e-05
   0.0489789 8.73281e-05
   0.0489777 8.72187e-05
   0.0489782 8.71033e-05
   0.0489772 8.69919e-05
   0.0489776 8.68761e-05
   0.0489799 8.67913e-05
   0.0489835 8.67497e-05
   0.0489837 8.66346e-05
   0.0489898 8.67334e-05
   0.0489901 8.66186e-05
   0.0489892 8.65083e-05
   0.0489992 8.69623e-05
   0.0490012 8.68708e-05
   0.0490024 8.67648e-05
   0.0490014 8.66567e-05
   0.0490008 8.65444e-05
   0.0490035 8.64742e-05
   0.0490013 8.63892e-05
   0.0490007 8.62779e-05
   0.0489988 8.61867e-05
   0.0490031 8.61813e-05
   0.0490053 8.60981e-05
   0.0490072  8.6005e-05
   0.0490027 8.60086e-05
   0.0490027 8.58966e-05
   0.0490017 8.57901e-05
   0.0490072 8.58541e-05
   0.0490071 8.57429e-05
    0.049005 8.56568e-05
   0.0490039 8.55531e-05
   0.0490062 8.54746e-05
   0.0490088 8.54033e-05
   0.0490105 8.53107e-05
   0.0490106  8.5201e-05
   0.0490063 8.52038e-05
   0.0490101 8.51793e-05
   0.0490079 8.50973e-05
    0.049009 8.49959e-05
   0.0490116 8.49249e-05
   0.0490134 8.48363e-05
   0.0490125 8.47325e-05
   0.0490162 8.47024e-05
   0.0490162 8.45946e-05
   0.0490199 8.45661e-05
   0.0490235 8.45375e-05
   0.0490275 8.45228e-05
   0.0490278 8.44165e-05
   0.0490233 8.44329e-05
   0.0490288 8.45103e-05
   0.0490262 8.44445e-05
   0.0490285 8.43698e-05
   0.0490264 8.42897e-05
   0.0490268 8.41845e-05
    0.049033 8.43111e-05
   0.0490357 8.42477e-05
   0.0490343 8.41537e-05
   0.0490331 8.40572e-05
   0.0490349 8.39718e-05
    0.049037  8.3892e-05
   0.0490356 8.37991e-05
   0.0490383  8.3739e-05
    0.049037 8.36443e-05
   0.0490387 8.35566e-05
   0.0490345  8.3555e-05
   0.0490344 8.34517e-05
   0.0490355  8.3356e-05
   0.0490395 8.33465e-05
   0.0490414 8.32668e-05
    0.049042 8.31663e-05
   0.0490388 8.31257e-05
   0.0490398 8.30293e-05
   0.0490431 8.29958e-05
   0.0490433 8.28942e-05
   0.0490433 8.27927e-05
    0.049048 8.28245e-05
   0.0490547 8.29896e-05
   0.0490536 8.28951e-05
   0.0490524 8.28031e-05
   0.0490501 8.27344e-05
    0.049044 8.28616e-05
   0.0490396 8.28769e-05
   0.0490375  8.2803e-05
   0.0490352 8.27352e-05
   0.0490316 8.27118e-05
   0.0490276 8.27094e-05
   0.0490284 8.26134e-05
   0.0490303 8.25373e-05
    0.049027 8.25051e-05
   0.0490282  8.2415e-05
    0.049024 8.24241e-05
   0.0490239 8.23253e-05
   0.0490252 8.22379e-05
   0.0490235 8.21571e-05
   0.0490223 8.20679e-05
   0.0490222   8.197e-05
   0.0490255 8.19364e-05
   0.0490258 8.18394e-05
   0.0490244 8.17537e-05
   0.0490263 8.16795e-05
   0.0490272 8.15873e-05
   0.0490256 8.15059e-05
   0.0490269 8.14185e-05
   0.0490246 8.13552e-05
   0.0490256 8.12664e-05
   0.0490242 8.11837e-05
   0.0490232 8.10941e-05
   0.0490233 8.09988e-05
   0.0490196 8.09858e-05
   0.0490184    8.09e-05
   0.0490167 8.08243e-05
   0.0490202 8.08067e-05
   0.0490188 8.07247e-05
   0.0490202 8.06434e-05
   0.0490233 8.06074e-05
     0.04902 8.05814e-05
   0.0490158 8.05954e-05
   0.0490171 8.05115e-05
   0.0490175 8.04192e-05
   0.0490151  8.0363e-05
   0.0490101 8.04241e-05
   0.0490084 8.03489e-05
   0.0490019 8.05198e-05
   0.0490029 8.04329e-05
   0.0490004 8.03786e-05
   0.0489984 8.03096e-05
   0.0490033 8.03636e-05
   0.0490021 8.02794e-05
   0.0489978 8.03052e-05
   0.0489996 8.02336e-05
   0.0490008 8.01511e-05
   0.0489987 8.00871e-05
   0.0490037 8.01538e-05
    0.049007 8.01296e-05
   0.0490066 8.00395e-05
   0.0489999 8.02253e-05
   0.0489994 8.01359e-05
   0.0489969 8.00836e-05
   0.0489987 8.00135e-05
   0.0489953 7.99939e-05
   0.0489914  8.0001e-05
   0.0489912 7.99108e-05
   0.0489904 7.98242e-05
   0.0489867 7.98216e-05
   0.0489851 7.97462e-05
   0.0489817 7.97306e-05
   0.0489793 7.96755e-05
   0.0489845 7.97493e-05
   0.0489859  7.9673e-05
   0.0489867  7.9588e-05
   0.0489818 7.96508e-05
   0.0489806 7.95715e-05
   0.0489766 7.95816e-05
   0.0489767 7.94929e-05
   0.0489786 7.94253e-05
   0.0489789 7.93376e-05
   0.0489798 7.92542e-05
   0.0489826 7.92145e-05
   0.0489841 7.91407e-05
   0.0489893 7.92282e-05
   0.0489876 7.91589e-05
   0.0489856 7.90977e-05
    0.048989 7.90853e-05
   0.0489934  7.9117e-05
   0.0489919 7.90441e-05
   0.0489946 7.90036e-05
   0.0489915 7.89769e-05
   0.0489876 7.89867e-05
   0.0489853 7.89341e-05
   0.0489883 7.89079e-05
   0.0489875 7.88257e-05
   0.0489847 7.87898e-05
   0.0489872 7.87432e-05
   0.0489876 7.86584e-05
   0.0489899 7.86046e-05
   0.0489839 7.87418e-05
    0.048984 7.86562e-05
   0.0489869 7.86231e-05
   0.0489855 7.85504e-05
   0.0489845  7.8471e-05
   0.0489848 7.83865e-05
   0.0489851 7.83024e-05
   0.0489826 7.82605e-05
   0.0489845 7.81996e-05
   0.0489877 7.81831e-05
   0.0489904  7.8143e-05
   0.0489899 7.80604e-05
   0.0489903 7.79776e-05
   0.0489899 7.78947e-05
   0.0489874 7.78525e-05
   0.0489861 7.77799e-05
   0.0489837 7.77315e-05
    0.048983 7.76523e-05
   0.0489801 7.76212e-05
   0.0489794 7.75415e-05
   0.0489823 7.75124e-05
   0.0489797  7.7473e-05
   0.0489817 7.74167e-05
   0.0489824 7.73377e-05
   0.0489862 7.73482e-05
   0.0489892 7.73214e-05
   0.0489904 7.72492e-05
   0.0489893 7.71744e-05
   0.0489887 7.70957e-05
   0.0489892 7.70159e-05
   0.0489925 7.70072e-05
   0.0489944  7.6949e-05
   0.0489964 7.68944e-05
   0.0489932 7.68779e-05
   0.0489921  7.6805e-05
   0.0489934 7.67342e-05
   0.0489962 7.67062e-05
   0.0489984 7.66574e-05
    0.048996 7.66149e-05
    0.048999 7.65917e-05
   0.0489981 7.65164e-05
   0.0490033 7.66148e-05
    0.049005 7.65537e-05
   0.0490095 7.66046e-05
   0.0490104 7.65308e-05
   0.0490061 7.65739e-05
   0.0490058 7.64951e-05
   0.0490084 7.64607e-05
   0.0490082 7.63819e-05
   0.0490098 7.63187e-05
   0.0490096   7.624e-05
   0.0490091 7.61629e-05
   0.0490034 7.62994e-05
   0.0490015 7.62457e-05
   0.0490029 7.61802e-05
   0.0489983 7.62378e-05
   0.0489948 7.62389e-05
   0.0489907 7.62712e-05
   0.0489861 7.63321e-05
   0.0489862 7.62541e-05
   0.0489906 7.63014e-05
   0.0489895 7.62324e-05
   0.0489905 7.61624e-05
   0.0489914 7.60893e-05
   0.0489931 7.60315e-05
   0.0489959 7.60072e-05
   0.0489931 7.59829e-05
   0.0489934 7.59061e-05
   0.0489944 7.58358e-05
   0.0489908 7.58449e-05
   0.0489914 7.57709e-05
    0.048991 7.56953e-05
   0.0489911 7.56189e-05
   0.0489943 7.56107e-05
   0.0489902 7.56482e-05
   0.0489906 7.55734e-05
   0.0489908 7.54976e-05
   0.0489892 7.54395e-05
   0.0489914 7.53974e-05
     0.04899 7.53365e-05
   0.0489973 7.56208e-05
   0.0489989 7.55609e-05
   0.0490029 7.55938e-05
