1     1.60122     1.60122           0
2     1.72369     1.66245   0.0432983
3     1.74423     1.68971   0.0364503
4     1.70754     1.69417   0.0276088
5      1.6628      1.6879   0.0227886
6     1.65814     1.68294   0.0195228
7     1.82277     1.70291   0.0249415
8     1.65222     1.69658   0.0226144
9     1.60577     1.68649   0.0222389
10     1.66842     1.68468   0.0200883
11      1.6879     1.68497   0.0182642
12     1.74593     1.69005   0.0174344
13      1.6566     1.68748   0.0162821
14     1.68194     1.68708   0.0151239
15     1.75044     1.69131   0.0146937
16      1.7868     1.69728   0.0149384
17     1.68477     1.69654   0.0140777
18     1.64004      1.6934   0.0136411
19     1.61442     1.68924   0.0135416
20     1.68442       1.689   0.0128667
21     1.65668     1.68746   0.0123457
22      1.6488     1.68571    0.011909
23      1.6814     1.68552   0.0113927
24     1.61721     1.68267   0.0112679
25     1.68625     1.68282    0.010818
26      1.7312     1.68468   0.0105608
27     1.62184     1.68235    0.010423
28     1.69608     1.68284   0.0100623
29     1.65447     1.68186  0.00976271
30     1.62791     1.68006  0.00960148
31     1.60103     1.67751  0.00962427
32     1.60198     1.67515  0.00960865
33     1.64048      1.6741  0.00937476
34     1.73348     1.67585  0.00926026
35     1.70766     1.67676  0.00904018
36     1.58807     1.67429   0.0091186
37     1.61133     1.67259  0.00902954
38      1.5718     1.66994  0.00917321
39     1.63646     1.66908  0.00897807
40     1.54337     1.66594  0.00928745
41     1.55916     1.66333  0.00941899
42     1.53007     1.66016  0.00971449
43     1.59769     1.65871  0.00959659
44     1.63699     1.65822  0.00939117
45      1.5773     1.65642  0.00935302
46     1.72898       1.658  0.00928177
47     1.67551     1.65837  0.00909177
48     1.56264     1.65637  0.00911846
49     1.69236     1.65711  0.00896191
50     1.74788     1.65892  0.00896468
51     1.70705     1.65987  0.00883843
52     1.63627     1.65941  0.00868011
53     1.71993     1.66056  0.00859111
54     1.62589     1.65991  0.00845597
55     1.63314     1.65943  0.00831622
56     1.59483     1.65827  0.00824733
57     1.60549     1.65735  0.00815447
58     1.67882     1.65772  0.00802227
59     1.62523     1.65717  0.00790517
60     1.58021     1.65588  0.00787679
61     1.67013     1.65612  0.00775113
62     1.69073     1.65668  0.00764619
63     1.63823     1.65638  0.00753042
64     1.60508     1.65558  0.00745531
65     1.55871     1.65409  0.00748809
66     1.74645     1.65549  0.00750425
67       1.699     1.65614  0.00742029
68     1.64516     1.65598  0.00731293
69      1.5636     1.65464  0.00732846
70     1.58919      1.6537  0.00728317
71     1.64778     1.65362  0.00718107
72     1.65269     1.65361  0.00708134
73     1.61164     1.65303  0.00700763
74     1.61008     1.65245  0.00693693
75     1.63236     1.65218  0.00684961
76     1.70574     1.65289  0.00679564
77     1.62748     1.65256   0.0067154
78     1.72075     1.65343  0.00668597
79     1.62227     1.65304  0.00661297
80     1.71869     1.65386  0.00658102
81     1.74801     1.65502  0.00660163
82     1.60618     1.65443  0.00654794
83     1.58892     1.65364  0.00651644
84     1.59536     1.65294  0.00647569
85     1.56664     1.65193  0.00647862
86     1.56658     1.65094  0.00647885
87     1.64602     1.65088  0.00640463
88     1.67615     1.65117  0.00633828
89     1.61292     1.65074  0.00628162
90     1.55211     1.64964  0.00630668
91     1.66814     1.64984  0.00624065
92     1.61803      1.6495  0.00618239
93     1.59161     1.64888  0.00614717
94      1.7728     1.65019  0.00622153
95     1.72305     1.65096  0.00620313
96     1.72859     1.65177  0.00619099
97     1.68106     1.65207  0.00613453
98     1.72601     1.65283  0.00611815
99     1.67855     1.65309  0.00606187
100     1.60852     1.65264  0.00601761
