1    -4.95504    -4.95504           0
2     -5.0782    -5.01662   0.0435416
3    -5.09841    -5.04388   0.0365815
4    -5.05828    -5.04748   0.0276126
5    -5.01161    -5.04031   0.0230031
6    -5.00703    -5.03476   0.0198267
7    -5.17167    -5.05432   0.0248331
8     -5.0006     -5.0476   0.0226188
9    -4.95574     -5.0374   0.0222897
10    -5.02093    -5.03575   0.0201215
11    -5.03882    -5.03603   0.0182942
12    -5.09863    -5.04125   0.0174976
13    -5.00775    -5.03867   0.0163402
14    -5.03552    -5.03844   0.0151746
15    -5.10465    -5.04286   0.0147909
16    -5.13937    -5.04889   0.0150463
17    -5.03498    -5.04807   0.0141834
18    -4.99014    -5.04485   0.0137557
19    -4.96556    -5.04068   0.0136501
20    -5.03561    -5.04043   0.0129699
21    -5.00827    -5.03889   0.0124424
22    -5.00534    -5.03737     0.01197
23    -5.03726    -5.03736   0.0114495
24    -4.97306    -5.03469   0.0112816
25    -5.04206    -5.03498   0.0108342
26    -5.08604    -5.03694    0.010594
27    -4.97533    -5.03466   0.0104445
28    -5.05203    -5.03528   0.0100899
29    -5.00732    -5.03432  0.00978795
30    -4.97962    -5.03249  0.00963001
31    -4.95241    -5.02991  0.00965969
32    -4.95364    -5.02753  0.00964738
33    -4.99241    -5.02646  0.00941356
34    -5.08358    -5.02814   0.0092854
35    -5.05629    -5.02895  0.00905484
36    -4.93653    -5.02638     0.00916
37    -4.95912    -5.02456  0.00909103
38    -4.91834    -5.02177  0.00927159
39    -4.98522    -5.02083  0.00908108
40    -4.89208    -5.01761  0.00940725
41    -4.90895    -5.01496  0.00954382
42    -4.87373     -5.0116  0.00989129
43    -4.94668    -5.01009  0.00977582
44    -4.98439     -5.0095  0.00957107
45    -4.92923    -5.00772  0.00952317
46    -5.08101    -5.00931  0.00944847
47    -5.02536    -5.00966  0.00925361
48    -4.91433    -5.00767   0.0092715
49    -5.04814     -5.0085  0.00911899
50    -5.10129    -5.01035  0.00912352
51    -5.05894     -5.0113  0.00899424
52    -4.99247    -5.01094  0.00882856
53    -5.07513    -5.01215  0.00874466
54    -4.98049    -5.01157  0.00860236
55    -4.98531    -5.01109  0.00845918
56    -4.94839    -5.00997   0.0083819
57      -4.958    -5.00906  0.00828428
58    -5.03225    -5.00946   0.0081511
59    -4.97598    -5.00889  0.00803267
60    -4.92944    -5.00757   0.0080072
61    -5.02633    -5.00787  0.00788184
62      -5.042    -5.00842   0.0077739
63    -4.98878    -5.00811  0.00765676
64    -4.95254    -5.00724   0.0075862
65    -4.91084    -5.00576   0.0076131
66    -5.09897    -5.00717  0.00762762
67    -5.05006    -5.00781  0.00754059
68     -4.9969    -5.00765  0.00743141
69    -4.91487    -5.00631  0.00744437
70     -4.9424     -5.0054  0.00739378
71    -4.99662    -5.00527  0.00729068
72    -5.00421    -5.00526  0.00718944
73    -4.96407    -5.00469  0.00711306
74    -4.96314    -5.00413  0.00703907
75    -4.98198    -5.00384  0.00695141
76    -5.05519    -5.00451   0.0068927
77    -4.97762    -5.00416  0.00681203
78    -5.07247    -5.00504  0.00678075
79     -4.9692    -5.00458  0.00671007
80    -5.07311    -5.00544  0.00668064
81    -5.09961     -5.0066  0.00669857
82    -4.95768    -5.00601   0.0066434
83    -4.94004    -5.00521  0.00661072
84    -4.94567     -5.0045  0.00656992
85    -4.91655    -5.00347   0.0065736
86    -4.91602    -5.00245  0.00657535
87     -4.9947    -5.00236  0.00650037
88     -5.0257    -5.00263  0.00643191
89    -4.96294    -5.00218  0.00637508
90    -4.90322    -5.00108  0.00639837
91    -5.02082     -5.0013  0.00633174
92    -4.96989    -5.00096  0.00627211
93    -4.94652    -5.00037  0.00623192
94    -5.12565    -5.00171  0.00630653
95    -5.07411    -5.00247  0.00628604
96    -5.07972    -5.00327  0.00627186
97    -5.03738    -5.00362  0.00621704
98    -5.07929     -5.0044  0.00620137
99    -5.03006    -5.00465  0.00614414
100    -4.96265    -5.00423  0.00609704
