1    -3.35382    -3.35382           0
2    -3.35451    -3.35417 0.000243295
3    -3.35418    -3.35417 0.000162253
4    -3.35074    -3.35331 0.000752743
5    -3.34881    -3.35241  0.00100584
6    -3.34889    -3.35183 0.000994897
7     -3.3489    -3.35141 0.000936665
8    -3.34838    -3.35103 0.000892951
9    -3.34998    -3.35091 0.000801329
10    -3.35251    -3.35107 0.000736941
11    -3.35092    -3.35106 0.000670079
12    -3.35269    -3.35119 0.000627949
13    -3.35115    -3.35119 0.000579653
14    -3.35358    -3.35136  0.00056287
15     -3.3542    -3.35155 0.000556336
16    -3.35257    -3.35161 0.000525193
17    -3.35021    -3.35153 0.000500769
18     -3.3501    -3.35145 0.000479211
19    -3.35114    -3.35144 0.000454273
20    -3.35119    -3.35142 0.000431724
21    -3.35159    -3.35143 0.000411237
22    -3.35654    -3.35166 0.000453334
23    -3.35586    -3.35185 0.000468855
24    -3.35584    -3.35201  0.00047798
25    -3.35582    -3.35216 0.000482501
26    -3.35483    -3.35227 0.000474739
27    -3.35349    -3.35231 0.000459304
28    -3.35594    -3.35244 0.000460853
29    -3.35285    -3.35246 0.000445173
30    -3.35171    -3.35243 0.000431033
31    -3.35137     -3.3524 0.000418473
32    -3.35167    -3.35237 0.000406017
33    -3.35193    -3.35236 0.000393937
34    -3.35011    -3.35229 0.000387892
35    -3.34862    -3.35219 0.000390731
36    -3.34847    -3.35209 0.000393331
37    -3.34779    -3.35197 0.000399493
38    -3.34654    -3.35183 0.000413762
39    -3.34876    -3.35175  0.00041056
40    -3.34871    -3.35167 0.000407262
41    -3.34979    -3.35163  0.00039991
42    -3.34366    -3.35144 0.000433072
43    -3.34899    -3.35138 0.000426737
44     -3.3474    -3.35129 0.000426524
45    -3.35193     -3.3513 0.000417281
46    -3.35202    -3.35132 0.000408504
47    -3.34985    -3.35129 0.000401009
48    -3.35168     -3.3513  0.00039274
49    -3.35577    -3.35139 0.000395207
50    -3.35341    -3.35143 0.000389361
51    -3.35189    -3.35144 0.000381832
52    -3.35621    -3.35153 0.000385354
53     -3.3552     -3.3516  0.00038426
54     -3.3546    -3.35165 0.000381148
55    -3.35218    -3.35166 0.000374336
56    -3.35356     -3.3517 0.000369177
57    -3.35252    -3.35171 0.000362981
58    -3.35344    -3.35174  0.00035794
59    -3.35075    -3.35172 0.000352265
60    -3.34923    -3.35168 0.000348839
61     -3.3562    -3.35176 0.000350887
62    -3.35127    -3.35175 0.000345316
63    -3.35055    -3.35173 0.000340362
64    -3.34747    -3.35166 0.000341502
65    -3.35212    -3.35167 0.000336322
66    -3.35253    -3.35168 0.000331475
67    -3.35106    -3.35167 0.000326658
68    -3.35174    -3.35167 0.000321856
69    -3.35127    -3.35167 0.000317246
70    -3.35322    -3.35169 0.000313483
71    -3.34884    -3.35165 0.000311637
72    -3.35152    -3.35165 0.000307314
73    -3.35242    -3.35166 0.000303286
74    -3.35306    -3.35168 0.000299781
75    -3.34962    -3.35165 0.000297039
76    -3.34944    -3.35162 0.000294547
77    -3.35014     -3.3516  0.00029135
78    -3.35172     -3.3516 0.000287618
79    -3.34694    -3.35155  0.00028998
80    -3.35442    -3.35158 0.000288575
81     -3.3516    -3.35158 0.000285012
82     -3.3515    -3.35158 0.000281538
83    -3.35112    -3.35157 0.000278201
84    -3.35031    -3.35156 0.000275296
85    -3.34992    -3.35154 0.000272735
86    -3.34943    -3.35152 0.000270662
87    -3.34867    -3.35148 0.000269518
88    -3.34955    -3.35146  0.00026735
89    -3.35002    -3.35145 0.000264833
90     -3.3511    -3.35144 0.000261918
91    -3.35268    -3.35145 0.000259394
92    -3.35186    -3.35146 0.000256613
93    -3.35491     -3.3515 0.000256525
94    -3.35286    -3.35151 0.000254204
95    -3.35106    -3.35151 0.000251573
96    -3.35113     -3.3515 0.000248982
97    -3.35632    -3.35155 0.000251312
98    -3.35328    -3.35157 0.000249368
99     -3.3515    -3.35157  0.00024685
100    -3.35413    -3.35159 0.000245708
