1     2.54829     2.54829           0
2     1.95171        2.25     0.21092
3     1.79732     2.09911    0.186953
4     2.02489     2.08055    0.141132
5     2.35481      2.1354    0.123104
6     2.47261      2.1916      0.1147
7     1.89009     2.14853    0.106095
8     2.41651     2.18203   0.0979785
9     2.51488     2.21901   0.0938126
10     2.26971     2.22408   0.0845682
11     2.23383     2.22497   0.0768848
12      2.0014     2.20634      0.0727
13     2.26401     2.21077   0.0672429
14     1.99954     2.19568   0.0641103
15     1.60163     2.15608    0.071023
16     1.50344     2.11529   0.0774164
17     1.99094     2.10798   0.0732072
18     2.22296     2.11436   0.0694183
19     2.37359     2.12801    0.067092
20     2.11823     2.12752   0.0637392
21     2.14918     2.12855   0.0607124
22     2.09175     2.12688   0.0579758
23     1.93116     2.11837   0.0560761
24     2.07085     2.11639   0.0537745
25     1.79375     2.10348   0.0531496
26     1.61359     2.08464   0.0543427
27     1.95815     2.07996   0.0525316
28     1.77514     2.06907   0.0517712
29     2.05198     2.06848   0.0499893
30      2.2045     2.07301   0.0485282
31     2.30491     2.08049   0.0475358
32     2.38513     2.09001   0.0469939
33      2.3128     2.09677   0.0460522
34     2.03217     2.09487   0.0447369
35     2.17231     2.09708   0.0435134
36      2.6211     2.11163   0.0446731
37     2.58007     2.12429   0.0452241
38     2.65046     2.13814    0.046105
39     2.30265     2.14236   0.0451154
40     2.59698     2.15372   0.0453965
41     2.58211     2.16417   0.0454758
42     2.75076     2.17814   0.0464883
43     2.53735     2.18649   0.0461517
44     2.49525     2.19351   0.0456331
45     2.66956     2.20409   0.0458288
46     1.98384      2.1993    0.045082
47     2.13617     2.19796   0.0441428
48     2.49371     2.20412    0.043651
49     1.89721     2.19786   0.0432072
50      1.6322     2.18654   0.0437991
51     1.89103     2.18075   0.0433219
52      2.1947     2.18102   0.0424896
53     1.86954     2.17514   0.0420924
54     2.26027     2.17672   0.0413424
55     2.35258     2.17991   0.0407142
56     2.51284     2.18586   0.0404189
57     2.40604     2.18972    0.039894
58     2.14373     2.18893    0.039214
59     2.37491     2.19208   0.0386759
60     2.60089     2.19889   0.0386267
61     2.19783     2.19888   0.0379935
62     2.06333     2.19669   0.0374436
63     2.35078     2.19914    0.036929
64     2.56784      2.2049   0.0367986
65     2.61476      2.2112   0.0367688
66     1.78019     2.20467    0.036787
67     1.96122     2.20104    0.036417
68     2.29822     2.20247   0.0359095
69     2.68142     2.20941   0.0360537
70     2.58155     2.21473   0.0359285
71       2.302     2.21596   0.0354435
72     2.13553     2.21484   0.0349688
73     2.23084     2.21506   0.0344904
74       2.303     2.21625   0.0340448
75     2.25545     2.21677   0.0335949
76      2.0141      2.2141   0.0332585
77     2.39627     2.21647   0.0329106
78     2.04725      2.2143   0.0325601
79     2.39026     2.21653   0.0322241
80      1.9644     2.21337    0.031975
81     1.87395     2.20918   0.0318537
82     2.54256     2.21325   0.0317236
83     2.67576     2.21882    0.031827
84     2.69318     2.22447   0.0319452
85     2.74931     2.23064   0.0321606
86     2.65132     2.23553   0.0321565
87     2.29969     2.23627   0.0317953
88     2.20586     2.23593   0.0314359
89     2.56657     2.23964   0.0313014
90      2.8812     2.24677    0.031755
91     2.47513     2.24928    0.031505
92     2.57755     2.25285    0.031364
93     2.54814     2.25602    0.031187
94     1.74398     2.25058   0.0313274
95     1.74653     2.24527   0.0314437
96     1.72381     2.23984   0.0315818
97     1.95168     2.23687   0.0313957
98     1.94219     2.23386    0.031219
99     2.23255     2.23385   0.0309036
100     2.49736     2.23648   0.0307067
