1     1.06748     1.06748           0
2     1.14912      1.1083   0.0288655
3     1.16282     1.12648   0.0243002
4     1.13836     1.12945   0.0184059
5     1.10854     1.12526   0.0151924
6     1.10542     1.12196   0.0130152
7     1.21518     1.13528   0.0166277
8     1.10148     1.13105   0.0150763
9     1.07051     1.12432    0.014826
10     1.11228     1.12312   0.0133922
11     1.12527     1.12331   0.0121762
12     1.16396      1.1267   0.0116229
13      1.1044     1.12499   0.0108547
14     1.12129     1.12472   0.0100826
15     1.16696     1.12754  0.00979579
16      1.1912     1.13152  0.00995891
17     1.12318     1.13103  0.00938516
18     1.09336     1.12893  0.00909406
19     1.07628     1.12616  0.00902776
20     1.12294       1.126   0.0085778
21     1.10445     1.12498  0.00823049
22      1.0992      1.1238  0.00793932
23     1.12094     1.12368  0.00759511
24     1.07814     1.12178   0.0075119
25     1.12416     1.12188  0.00721203
26     1.15414     1.12312  0.00704056
27     1.08123     1.12157  0.00694865
28     1.13072     1.12189  0.00670817
29     1.10298     1.12124  0.00650847
30     1.08528     1.12004  0.00640099
31     1.06735     1.11834  0.00641618
32     1.06798     1.11677  0.00640577
33     1.09365     1.11607  0.00624984
34     1.15565     1.11723  0.00617351
35     1.13844     1.11784  0.00602679
36     1.05871      1.1162  0.00607906
37     1.07422     1.11506  0.00601969
38     1.04787     1.11329  0.00611547
39     1.09097     1.11272  0.00598538
40     1.02891     1.11063  0.00619163
41     1.03944     1.10889  0.00627933
42     1.02005     1.10677  0.00647633
43     1.06513     1.10581  0.00639773
44     1.09133     1.10548  0.00626078
45     1.05154     1.10428  0.00623535
46     1.15266     1.10533  0.00618785
47     1.11701     1.10558  0.00606118
48     1.04176     1.10425  0.00607897
49     1.12824     1.10474   0.0059746
50     1.16526     1.10595  0.00597645
51     1.13803     1.10658  0.00589229
52     1.09084     1.10628  0.00578674
53     1.14662     1.10704  0.00572741
54     1.08393     1.10661  0.00563731
55     1.08876     1.10628  0.00554415
56     1.06322     1.10552  0.00549822
57     1.07032      1.1049  0.00543631
58     1.11921     1.10514  0.00534818
59     1.08349     1.10478  0.00527012
60     1.05347     1.10392   0.0052512
61     1.11342     1.10408  0.00516742
62     1.12715     1.10445  0.00509746
63     1.09215     1.10426  0.00502028
64     1.07005     1.10372  0.00497021
65     1.03914     1.10273  0.00499206
66      1.1643     1.10366  0.00500283
67     1.13267     1.10409  0.00494686
68     1.09677     1.10399  0.00487528
69      1.0424     1.10309  0.00488564
70     1.05946     1.10247  0.00485545
71     1.09852     1.10241  0.00478738
72     1.10179     1.10241  0.00472089
73     1.07443     1.10202  0.00467175
74     1.07338     1.10164  0.00462462
75     1.08824     1.10146  0.00456641
76     1.13716     1.10193  0.00453043
77     1.08498     1.10171  0.00447693
78     1.14717     1.10229  0.00445731
79     1.08151     1.10203  0.00440864
80     1.14579     1.10257  0.00438735
81     1.16534     1.10335  0.00440109
82     1.07078     1.10295   0.0043653
83     1.05928     1.10242  0.00434429
84     1.06357     1.10196  0.00431713
85     1.04442     1.10129  0.00431908
86     1.04439     1.10062  0.00431924
87     1.09735     1.10059  0.00426975
88     1.11743     1.10078  0.00422552
89     1.07528     1.10049  0.00418775
90     1.03474     1.09976  0.00420445
91     1.11209      1.0999  0.00416043
92     1.07869     1.09967  0.00412159
93     1.06107     1.09925  0.00409811
94     1.18186     1.10013  0.00414769
95      1.1487     1.10064  0.00413542
96     1.15239     1.10118  0.00412733
97     1.12071     1.10138  0.00408969
98     1.15067     1.10188  0.00407877
99     1.11903     1.10206  0.00404124
100     1.07235     1.10176  0.00401174
